location,sex,age,cause,year,dalys_rate
6,1,22,322,1990,2495.99
6,1,22,322,1991,2359.11
6,1,22,322,1992,2182
6,1,22,322,1993,2002.6
6,1,22,322,1994,1836.34
6,1,22,322,1995,1701.46
6,1,22,322,1996,1567.85
6,1,22,322,1997,1435.07
6,1,22,322,1998,1300.01
6,1,22,322,1999,1153.63
6,1,22,322,2000,1023.9
6,1,22,322,2001,919.81
6,1,22,322,2002,822.74
6,1,22,322,2003,727.79
6,1,22,322,2004,656.16
6,1,22,322,2005,599.68
6,1,22,322,2006,551.65
6,1,22,322,2007,513.09
6,1,22,322,2008,484.32
6,1,22,322,2009,459.51
6,1,22,322,2010,436.21
6,1,22,322,2011,410.33
6,1,22,322,2012,387.11
6,1,22,322,2013,367.71
6,1,22,322,2014,352.44
6,1,22,322,2015,333.98
6,1,22,322,2016,318.1
6,1,27,322,1990,2509.59
6,1,27,322,1991,2441.96
6,1,27,322,1992,2361.24
6,1,27,322,1993,2269.22
6,1,27,322,1994,2176.36
6,1,27,322,1995,2094.22
6,1,27,322,1996,2002.56
6,1,27,322,1997,1900.91
6,1,27,322,1998,1788.63
6,1,27,322,1999,1646.33
6,1,27,322,2000,1501.96
6,1,27,322,2001,1378.44
6,1,27,322,2002,1257.58
6,1,27,322,2003,1125.97
6,1,27,322,2004,1023.02
6,1,27,322,2005,936.18
6,1,27,322,2006,857.85
6,1,27,322,2007,792.33
6,1,27,322,2008,739.2
6,1,27,322,2009,693.41
6,1,27,322,2010,652.88
6,1,27,322,2011,609.52
6,1,27,322,2012,570.66
6,1,27,322,2013,538.04
6,1,27,322,2014,512.73
6,1,27,322,2015,484.39
6,1,27,322,2016,457.2
6,2,22,322,1990,2656.89
6,2,22,322,1991,2457.29
6,2,22,322,1992,2245.7
6,2,22,322,1993,2032.51
6,2,22,322,1994,1838.38
6,2,22,322,1995,1667.08
6,2,22,322,1996,1501.63
6,2,22,322,1997,1345.54
6,2,22,322,1998,1185.71
6,2,22,322,1999,1034.63
6,2,22,322,2000,897.69
6,2,22,322,2001,782.51
6,2,22,322,2002,681.32
6,2,22,322,2003,589.91
6,2,22,322,2004,517.45
6,2,22,322,2005,456.65
6,2,22,322,2006,407.46
6,2,22,322,2007,368.68
6,2,22,322,2008,340.52
6,2,22,322,2009,316.55
6,2,22,322,2010,296.63
6,2,22,322,2011,274.88
6,2,22,322,2012,256.25
6,2,22,322,2013,240.5
6,2,22,322,2014,227.85
6,2,22,322,2015,213.42
6,2,22,322,2016,200.81
6,2,27,322,1990,2698.3
6,2,27,322,1991,2593.17
6,2,27,322,1992,2479.43
6,2,27,322,1993,2353.85
6,2,27,322,1994,2230.7
6,2,27,322,1995,2119.95
6,2,27,322,1996,1997.23
6,2,27,322,1997,1861.61
6,2,27,322,1998,1704.5
6,2,27,322,1999,1541.72
6,2,27,322,2000,1381.39
6,2,27,322,2001,1232.54
6,2,27,322,2002,1090.05
6,2,27,322,2003,954.58
6,2,27,322,2004,842.51
6,2,27,322,2005,744.69
6,2,27,322,2006,660.83
6,2,27,322,2007,591.52
6,2,27,322,2008,538.57
6,2,27,322,2009,493.55
6,2,27,322,2010,457.01
6,2,27,322,2011,419.77
6,2,27,322,2012,387.89
6,2,27,322,2013,361.27
6,2,27,322,2014,339.6
6,2,27,322,2015,315.94
6,2,27,322,2016,293.48
6,3,22,322,1990,2574.34
6,3,22,322,1991,2406.92
6,3,22,322,1992,2213.02
6,3,22,322,1993,2017.16
6,3,22,322,1994,1837.33
6,3,22,322,1995,1684.73
6,3,22,322,1996,1535.63
6,3,22,322,1997,1391.5
6,3,22,322,1998,1244.4
6,3,22,322,1999,1095.73
6,3,22,322,2000,962.5
6,3,22,322,2001,853.03
6,3,22,322,2002,753.97
6,3,22,322,2003,660.76
6,3,22,322,2004,588.72
6,3,22,322,2005,530.16
6,3,22,322,2006,481.56
6,3,22,322,2007,442.9
6,3,22,322,2008,414.44
6,3,22,322,2009,390.05
6,3,22,322,2010,368.41
6,3,22,322,2011,344.54
6,3,22,322,2012,323.56
6,3,22,322,2013,305.95
6,3,22,322,2014,291.96
6,3,22,322,2015,275.46
6,3,22,322,2016,261.17
6,3,27,322,1990,2595.53
6,3,27,322,1991,2509.57
6,3,27,322,1992,2412.99
6,3,27,322,1993,2305.03
6,3,27,322,1994,2197.66
6,3,27,322,1995,2102.06
6,3,27,322,1996,1995.7
6,3,27,322,1997,1878.02
6,3,27,322,1998,1744.48
6,3,27,322,1999,1592.47
6,3,27,322,2000,1440.79
6,3,27,322,2001,1305.19
6,3,27,322,2002,1173.41
6,3,27,322,2003,1040.6
6,3,27,322,2004,933.64
6,3,27,322,2005,841.77
6,3,27,322,2006,761.1
6,3,27,322,2007,693.84
6,3,27,322,2008,640.71
6,3,27,322,2009,594.9
6,3,27,322,2010,555.85
6,3,27,322,2011,515.27
6,3,27,322,2012,479.7
6,3,27,322,2013,449.85
6,3,27,322,2014,426.25
6,3,27,322,2015,400.09
6,3,27,322,2016,375.24
7,1,22,322,1990,1366.89
7,1,22,322,1991,1388.86
7,1,22,322,1992,1424.11
7,1,22,322,1993,1465.74
7,1,22,322,1994,1526.74
7,1,22,322,1995,1609.78
7,1,22,322,1996,1693.51
7,1,22,322,1997,1761.45
7,1,22,322,1998,1823.74
7,1,22,322,1999,1874.45
7,1,22,322,2000,1903.62
7,1,22,322,2001,1888.63
7,1,22,322,2002,1850.01
7,1,22,322,2003,1804.22
7,1,22,322,2004,1733.76
7,1,22,322,2005,1658.01
7,1,22,322,2006,1596.12
7,1,22,322,2007,1543.29
7,1,22,322,2008,1502.3
7,1,22,322,2009,1453.13
7,1,22,322,2010,1404.65
7,1,22,322,2011,1362.09
7,1,22,322,2012,1298.5
7,1,22,322,2013,1260.01
7,1,22,322,2014,1219.66
7,1,22,322,2015,1171.26
7,1,22,322,2016,1124.36
7,1,27,322,1990,1091.9
7,1,27,322,1991,1098.3
7,1,27,322,1992,1105.61
7,1,27,322,1993,1110.67
7,1,27,322,1994,1129.39
7,1,27,322,1995,1174.37
7,1,27,322,1996,1220.54
7,1,27,322,1997,1260.46
7,1,27,322,1998,1302.16
7,1,27,322,1999,1342.36
7,1,27,322,2000,1377.59
7,1,27,322,2001,1394.23
7,1,27,322,2002,1404.57
7,1,27,322,2003,1407.16
7,1,27,322,2004,1397.74
7,1,27,322,2005,1379.76
7,1,27,322,2006,1361.39
7,1,27,322,2007,1340.4
7,1,27,322,2008,1321.01
7,1,27,322,2009,1290.97
7,1,27,322,2010,1258.79
7,1,27,322,2011,1229.1
7,1,27,322,2012,1181.59
7,1,27,322,2013,1152.94
7,1,27,322,2014,1123.18
7,1,27,322,2015,1087.34
7,1,27,322,2016,1047.96
7,2,22,322,1990,1069.06
7,2,22,322,1991,1084.38
7,2,22,322,1992,1110.43
7,2,22,322,1993,1139.89
7,2,22,322,1994,1189.22
7,2,22,322,1995,1252.18
7,2,22,322,1996,1324.1
7,2,22,322,1997,1379.93
7,2,22,322,1998,1422.68
7,2,22,322,1999,1449.52
7,2,22,322,2000,1460.45
7,2,22,322,2001,1440.96
7,2,22,322,2002,1403.95
7,2,22,322,2003,1368.22
7,2,22,322,2004,1314.06
7,2,22,322,2005,1252.56
7,2,22,322,2006,1203.57
7,2,22,322,2007,1161.49
7,2,22,322,2008,1129.98
7,2,22,322,2009,1091.71
7,2,22,322,2010,1053.75
7,2,22,322,2011,1019.63
7,2,22,322,2012,979.2
7,2,22,322,2013,945.05
7,2,22,322,2014,908.69
7,2,22,322,2015,866.68
7,2,22,322,2016,828.43
7,2,27,322,1990,865.11
7,2,27,322,1991,868.12
7,2,27,322,1992,871.8
7,2,27,322,1993,872.95
7,2,27,322,1994,887.9
7,2,27,322,1995,921.56
7,2,27,322,1996,962.42
7,2,27,322,1997,996.09
7,2,27,322,1998,1026.32
7,2,27,322,1999,1050.66
7,2,27,322,2000,1070.81
7,2,27,322,2001,1077.51
7,2,27,322,2002,1078.57
7,2,27,322,2003,1078.59
7,2,27,322,2004,1067.81
7,2,27,322,2005,1047.28
7,2,27,322,2006,1027.67
7,2,27,322,2007,1006.27
7,2,27,322,2008,987.65
7,2,27,322,2009,959.85
7,2,27,322,2010,930.49
7,2,27,322,2011,903.3
7,2,27,322,2012,869.49
7,2,27,322,2013,840.68
7,2,27,322,2014,810.22
7,2,27,322,2015,775.22
7,2,27,322,2016,740.11
7,3,22,322,1990,1214.07
7,3,22,322,1991,1232.8
7,3,22,322,1992,1263.46
7,3,22,322,1993,1298.96
7,3,22,322,1994,1354.09
7,3,22,322,1995,1426.93
7,3,22,322,1996,1504.65
7,3,22,322,1997,1566.39
7,3,22,322,1998,1618.66
7,3,22,322,1999,1657.13
7,3,22,322,2000,1676.99
7,3,22,322,2001,1659.76
7,3,22,322,2002,1622.03
7,3,22,322,2003,1581.45
7,3,22,322,2004,1519.39
7,3,22,322,2005,1450.97
7,3,22,322,2006,1395.73
7,3,22,322,2007,1348.42
7,3,22,322,2008,1312.28
7,3,22,322,2009,1268.66
7,3,22,322,2010,1225.56
7,3,22,322,2011,1187.34
7,3,22,322,2012,1135.59
7,3,22,322,2013,1099.33
7,3,22,322,2014,1061.04
7,3,22,322,2015,1015.92
7,3,22,322,2016,973.45
7,3,27,322,1990,964.31
7,3,27,322,1991,969.35
7,3,27,322,1992,974.95
7,3,27,322,1993,978.15
7,3,27,322,1994,994.83
7,3,27,322,1995,1033.69
7,3,27,322,1996,1076.99
7,3,27,322,1997,1113.64
7,3,27,322,1998,1149.6
7,3,27,322,1999,1181.88
7,3,27,322,2000,1209.64
7,3,27,322,2001,1221.52
7,3,27,322,2002,1227.35
7,3,27,322,2003,1228.92
7,3,27,322,2004,1218.62
7,3,27,322,2005,1199.18
7,3,27,322,2006,1179.92
7,3,27,322,2007,1158.4
7,3,27,322,2008,1139.18
7,3,27,322,2009,1110.03
7,3,27,322,2010,1079.16
7,3,27,322,2011,1050.74
7,3,27,322,2012,1009.87
7,3,27,322,2013,981.17
7,3,27,322,2014,951.05
7,3,27,322,2015,915.67
7,3,27,322,2016,879
8,1,22,322,1990,393.98
8,1,22,322,1991,385.3
8,1,22,322,1992,383.01
8,1,22,322,1993,381.96
8,1,22,322,1994,385.28
8,1,22,322,1995,394.55
8,1,22,322,1996,394.75
8,1,22,322,1997,391.49
8,1,22,322,1998,389.14
8,1,22,322,1999,393.92
8,1,22,322,2000,398.62
8,1,22,322,2001,408.79
8,1,22,322,2002,419.91
8,1,22,322,2003,439.35
8,1,22,322,2004,468.78
8,1,22,322,2005,500.8
8,1,22,322,2006,525.44
8,1,22,322,2007,552.91
8,1,22,322,2008,581.65
8,1,22,322,2009,602.7
8,1,22,322,2010,622.28
8,1,22,322,2011,641.87
8,1,22,322,2012,649.97
8,1,22,322,2013,650.71
8,1,22,322,2014,657.25
8,1,22,322,2015,659.37
8,1,22,322,2016,659.28
8,1,27,322,1990,599.49
8,1,27,322,1991,570.76
8,1,27,322,1992,554.52
8,1,27,322,1993,537.84
8,1,27,322,1994,529.98
8,1,27,322,1995,530.38
8,1,27,322,1996,519.25
8,1,27,322,1997,502.8
8,1,27,322,1998,489.7
8,1,27,322,1999,484.26
8,1,27,322,2000,478.15
8,1,27,322,2001,479.32
8,1,27,322,2002,481.08
8,1,27,322,2003,490.72
8,1,27,322,2004,510.67
8,1,27,322,2005,532.4
8,1,27,322,2006,544.52
8,1,27,322,2007,559.13
8,1,27,322,2008,574.78
8,1,27,322,2009,580.24
8,1,27,322,2010,582.81
8,1,27,322,2011,586.32
8,1,27,322,2012,579.21
8,1,27,322,2013,565.64
8,1,27,322,2014,558.6
8,1,27,322,2015,550.31
8,1,27,322,2016,540.47
8,2,22,322,1990,257.72
8,2,22,322,1991,250.7
8,2,22,322,1992,248.95
8,2,22,322,1993,244.64
8,2,22,322,1994,243.3
8,2,22,322,1995,247.61
8,2,22,322,1996,246.03
8,2,22,322,1997,241.7
8,2,22,322,1998,237.49
8,2,22,322,1999,238.75
8,2,22,322,2000,237.04
8,2,22,322,2001,236.08
8,2,22,322,2002,236.96
8,2,22,322,2003,240.04
8,2,22,322,2004,246.54
8,2,22,322,2005,251.38
8,2,22,322,2006,257.65
8,2,22,322,2007,266.93
8,2,22,322,2008,278.53
8,2,22,322,2009,285.3
8,2,22,322,2010,290.57
8,2,22,322,2011,297.36
8,2,22,322,2012,301.91
8,2,22,322,2013,303.68
8,2,22,322,2014,308.66
8,2,22,322,2015,313.63
8,2,22,322,2016,315.76
8,2,27,322,1990,388.63
8,2,27,322,1991,371.78
8,2,27,322,1992,362.17
8,2,27,322,1993,348.47
8,2,27,322,1994,340.04
8,2,27,322,1995,339.11
8,2,27,322,1996,330.24
8,2,27,322,1997,318.88
8,2,27,322,1998,308.36
8,2,27,322,1999,302.92
8,2,27,322,2000,294.16
8,2,27,322,2001,287.25
8,2,27,322,2002,281.67
8,2,27,322,2003,277.77
8,2,27,322,2004,277.87
8,2,27,322,2005,275.23
8,2,27,322,2006,273.37
8,2,27,322,2007,274.64
8,2,27,322,2008,277.7
8,2,27,322,2009,274.73
8,2,27,322,2010,269.6
8,2,27,322,2011,266.53
8,2,27,322,2012,261.7
8,2,27,322,2013,254
8,2,27,322,2014,249.42
8,2,27,322,2015,246.58
8,2,27,322,2016,241.89
8,3,22,322,1990,328.16
8,3,22,322,1991,320.19
8,3,22,322,1992,318.16
8,3,22,322,1993,315.48
8,3,22,322,1994,316.46
8,3,22,322,1995,323.25
8,3,22,322,1996,322.51
8,3,22,322,1997,318.64
8,3,22,322,1998,315.28
8,3,22,322,1999,318.23
8,3,22,322,2000,319.69
8,3,22,322,2001,324.31
8,3,22,322,2002,330.29
8,3,22,322,2003,341.59
8,3,22,322,2004,359.63
8,3,22,322,2005,378.09
8,3,22,322,2006,393.44
8,3,22,322,2007,411.64
8,3,22,322,2008,431.62
8,3,22,322,2009,445.23
8,3,22,322,2010,457.33
8,3,22,322,2011,470.24
8,3,22,322,2012,476.3
8,3,22,322,2013,477.31
8,3,22,322,2014,482.84
8,3,22,322,2015,486.23
8,3,22,322,2016,487.09
8,3,27,322,1990,493.51
8,3,27,322,1991,471.05
8,3,27,322,1992,458.27
8,3,27,322,1993,443.52
8,3,27,322,1994,435.49
8,3,27,322,1995,435.32
8,3,27,322,1996,425.21
8,3,27,322,1997,411.42
8,3,27,322,1998,399.56
8,3,27,322,1999,394.06
8,3,27,322,2000,386.62
8,3,27,322,2001,383.74
8,3,27,322,2002,381.7
8,3,27,322,2003,384.45
8,3,27,322,2004,394.26
8,3,27,322,2005,403.36
8,3,27,322,2006,407.94
8,3,27,322,2007,415.28
8,3,27,322,2008,423.91
8,3,27,322,2009,424.4
8,3,27,322,2010,422.26
8,3,27,322,2011,421.58
8,3,27,322,2012,414.83
8,3,27,322,2013,403.56
8,3,27,322,2014,397.05
8,3,27,322,2015,391.08
8,3,27,322,2016,383.43
10,1,22,322,1990,14520.97
10,1,22,322,1991,14068.25
10,1,22,322,1992,13775.14
10,1,22,322,1993,13566.46
10,1,22,322,1994,13373.24
10,1,22,322,1995,13119.01
10,1,22,322,1996,12752.89
10,1,22,322,1997,12228.9
10,1,22,322,1998,11708.05
10,1,22,322,1999,11087.12
10,1,22,322,2000,10473.21
10,1,22,322,2001,9948.9
10,1,22,322,2002,9611.18
10,1,22,322,2003,9102.93
10,1,22,322,2004,8580.36
10,1,22,322,2005,8073.62
10,1,22,322,2006,7574.63
10,1,22,322,2007,7045.65
10,1,22,322,2008,6564.59
10,1,22,322,2009,6092.41
10,1,22,322,2010,5626.53
10,1,22,322,2011,5227.66
10,1,22,322,2012,4923.29
10,1,22,322,2013,4602.36
10,1,22,322,2014,4332.75
10,1,22,322,2015,4007.86
10,1,22,322,2016,3753.61
10,1,27,322,1990,9875.06
10,1,27,322,1991,9759.14
10,1,27,322,1992,9704.53
10,1,27,322,1993,9708.53
10,1,27,322,1994,9728.82
10,1,27,322,1995,9730.43
10,1,27,322,1996,9637.4
10,1,27,322,1997,9470.23
10,1,27,322,1998,9293.66
10,1,27,322,1999,9003.36
10,1,27,322,2000,8674.72
10,1,27,322,2001,8334.68
10,1,27,322,2002,8084.26
10,1,27,322,2003,7684.96
10,1,27,322,2004,7261.41
10,1,27,322,2005,6811.59
10,1,27,322,2006,6370.35
10,1,27,322,2007,5961.07
10,1,27,322,2008,5619
10,1,27,322,2009,5315.69
10,1,27,322,2010,5034.18
10,1,27,322,2011,4785.24
10,1,27,322,2012,4587.06
10,1,27,322,2013,4373.67
10,1,27,322,2014,4200.58
10,1,27,322,2015,3952.74
10,1,27,322,2016,3770.66
10,2,22,322,1990,11594.91
10,2,22,322,1991,11258.42
10,2,22,322,1992,11049.11
10,2,22,322,1993,10902.14
10,2,22,322,1994,10780.91
10,2,22,322,1995,10600.12
10,2,22,322,1996,10343.29
10,2,22,322,1997,9922.85
10,2,22,322,1998,9541.85
10,2,22,322,1999,9057.65
10,2,22,322,2000,8560.41
10,2,22,322,2001,8147.6
10,2,22,322,2002,7922.58
10,2,22,322,2003,7465.83
10,2,22,322,2004,6959.69
10,2,22,322,2005,6393.98
10,2,22,322,2006,5849.38
10,2,22,322,2007,5325.96
10,2,22,322,2008,4872.86
10,2,22,322,2009,4439.55
10,2,22,322,2010,4074.1
10,2,22,322,2011,3739.19
10,2,22,322,2012,3498.56
10,2,22,322,2013,3236.88
10,2,22,322,2014,3022.92
10,2,22,322,2015,2783.72
10,2,22,322,2016,2593.38
10,2,27,322,1990,8368.26
10,2,27,322,1991,8277.52
10,2,27,322,1992,8242.11
10,2,27,322,1993,8259.6
10,2,27,322,1994,8303.25
10,2,27,322,1995,8309.27
10,2,27,322,1996,8271.49
10,2,27,322,1997,8119.88
10,2,27,322,1998,7989.54
10,2,27,322,1999,7749.88
10,2,27,322,2000,7446.13
10,2,27,322,2001,7157.16
10,2,27,322,2002,6980.49
10,2,27,322,2003,6594.47
10,2,27,322,2004,6158.15
10,2,27,322,2005,5701.38
10,2,27,322,2006,5237.3
10,2,27,322,2007,4787.62
10,2,27,322,2008,4416.48
10,2,27,322,2009,4082.58
10,2,27,322,2010,3805.15
10,2,27,322,2011,3550.37
10,2,27,322,2012,3370.09
10,2,27,322,2013,3169.8
10,2,27,322,2014,3006.04
10,2,27,322,2015,2807.52
10,2,27,322,2016,2651.01
10,3,22,322,1990,13003.52
10,3,22,322,1991,12614.52
10,3,22,322,1992,12366.92
10,3,22,322,1993,12191.35
10,3,22,322,1994,12036.19
10,3,22,322,1995,11820.79
10,3,22,322,1996,11511.48
10,3,22,322,1997,11041.46
10,3,22,322,1998,10593.29
10,3,22,322,1999,10043.2
10,3,22,322,2000,9489.46
10,3,22,322,2001,9022.4
10,3,22,322,2002,8742.52
10,3,22,322,2003,8260.61
10,3,22,322,2004,7746.38
10,3,22,322,2005,7209.47
10,3,22,322,2006,6687.89
10,3,22,322,2007,6162.43
10,3,22,322,2008,5696.25
10,3,22,322,2009,5244.55
10,3,22,322,2010,4830.56
10,3,22,322,2011,4464.26
10,3,22,322,2012,4192.72
10,3,22,322,2013,3902.52
10,3,22,322,2014,3661.75
10,3,22,322,2015,3380.96
10,3,22,322,2016,3159.85
10,3,27,322,1990,9095
10,3,27,322,1991,8994.62
10,3,27,322,1992,8951.6
10,3,27,322,1993,8964.07
10,3,27,322,1994,8997.65
10,3,27,322,1995,9001.55
10,3,27,322,1996,8937.58
10,3,27,322,1997,8777.6
10,3,27,322,1998,8623.6
10,3,27,322,1999,8358.29
10,3,27,322,2000,8039.83
10,3,27,322,2001,7724.99
10,3,27,322,2002,7511.09
10,3,27,322,2003,7117.49
10,3,27,322,2004,6686.97
10,3,27,322,2005,6237.03
10,3,27,322,2006,5786.48
10,3,27,322,2007,5356.12
10,3,27,322,2008,4997.89
10,3,27,322,2009,4677.04
10,3,27,322,2010,4395
10,3,27,322,2011,4140.97
10,3,27,322,2012,3951.02
10,3,27,322,2013,3743.28
10,3,27,322,2014,3573.2
10,3,27,322,2015,3350.18
10,3,27,322,2016,3180.15
11,1,22,322,1990,3797.49
11,1,22,322,1991,3604.69
11,1,22,322,1992,3431.71
11,1,22,322,1993,3259.79
11,1,22,322,1994,3081.19
11,1,22,322,1995,2907.69
11,1,22,322,1996,2676.45
11,1,22,322,1997,2426.57
11,1,22,322,1998,2379.7
11,1,22,322,1999,2270.41
11,1,22,322,2000,2139.74
11,1,22,322,2001,2059.94
11,1,22,322,2002,1969.25
11,1,22,322,2003,1880.05
11,1,22,322,2004,1775.81
11,1,22,322,2005,1730.67
11,1,22,322,2006,1636.54
11,1,22,322,2007,1546.09
11,1,22,322,2008,1468.18
11,1,22,322,2009,1374.51
11,1,22,322,2010,1269.77
11,1,22,322,2011,1167.51
11,1,22,322,2012,1065.04
11,1,22,322,2013,960.05
11,1,22,322,2014,882.3
11,1,22,322,2015,811.93
11,1,22,322,2016,755.56
11,1,27,322,1990,3174.67
11,1,27,322,1991,3047.85
11,1,27,322,1992,2928.57
11,1,27,322,1993,2805.53
11,1,27,322,1994,2673.48
11,1,27,322,1995,2541.93
11,1,27,322,1996,2363.29
11,1,27,322,1997,2175.29
11,1,27,322,1998,2147.29
11,1,27,322,1999,2066.24
11,1,27,322,2000,1966.84
11,1,27,322,2001,1909.12
11,1,27,322,2002,1846.06
11,1,27,322,2003,1785.35
11,1,27,322,2004,1711.9
11,1,27,322,2005,1686.78
11,1,27,322,2006,1612.27
11,1,27,322,2007,1538.44
11,1,27,322,2008,1475.23
11,1,27,322,2009,1400.28
11,1,27,322,2010,1316.02
11,1,27,322,2011,1233.26
11,1,27,322,2012,1148.18
11,1,27,322,2013,1061.21
11,1,27,322,2014,999.15
11,1,27,322,2015,941.86
11,1,27,322,2016,892.24
11,2,22,322,1990,3866.88
11,2,22,322,1991,3626.44
11,2,22,322,1992,3428.23
11,2,22,322,1993,3243.08
11,2,22,322,1994,3049.76
11,2,22,322,1995,2859.45
11,2,22,322,1996,2617.19
11,2,22,322,1997,2370.96
11,2,22,322,1998,2308.94
11,2,22,322,1999,2198.37
11,2,22,322,2000,2039.73
11,2,22,322,2001,1928.53
11,2,22,322,2002,1791.17
11,2,22,322,2003,1667.98
11,2,22,322,2004,1536.48
11,2,22,322,2005,1484.32
11,2,22,322,2006,1387.33
11,2,22,322,2007,1297.37
11,2,22,322,2008,1230.39
11,2,22,322,2009,1146.74
11,2,22,322,2010,1052.42
11,2,22,322,2011,965.42
11,2,22,322,2012,871.89
11,2,22,322,2013,780.47
11,2,22,322,2014,717.64
11,2,22,322,2015,654.22
11,2,22,322,2016,601.8
11,2,27,322,1990,3192.76
11,2,27,322,1991,3026.44
11,2,27,322,1992,2885.22
11,2,27,322,1993,2753.11
11,2,27,322,1994,2609.39
11,2,27,322,1995,2464.85
11,2,27,322,1996,2274.95
11,2,27,322,1997,2084.85
11,2,27,322,1998,2044.64
11,2,27,322,1999,1962.86
11,2,27,322,2000,1840.2
11,2,27,322,2001,1756.66
11,2,27,322,2002,1651.45
11,2,27,322,2003,1559.17
11,2,27,322,2004,1458.38
11,2,27,322,2005,1423.82
11,2,27,322,2006,1344.11
11,2,27,322,2007,1265.96
11,2,27,322,2008,1212.38
11,2,27,322,2009,1144.87
11,2,27,322,2010,1068.05
11,2,27,322,2011,996.97
11,2,27,322,2012,918.99
11,2,27,322,2013,843.39
11,2,27,322,2014,795.17
11,2,27,322,2015,742.38
11,2,27,322,2016,695.79
11,3,22,322,1990,3832.06
11,3,22,322,1991,3615.53
11,3,22,322,1992,3429.97
11,3,22,322,1993,3251.45
11,3,22,322,1994,3065.49
11,3,22,322,1995,2883.58
11,3,22,322,1996,2646.82
11,3,22,322,1997,2398.77
11,3,22,322,1998,2344.34
11,3,22,322,1999,2234.42
11,3,22,322,2000,2089.8
11,3,22,322,2001,1994.35
11,3,22,322,2002,1880.4
11,3,22,322,2003,1774.29
11,3,22,322,2004,1656.52
11,3,22,322,2005,1607.95
11,3,22,322,2006,1512.48
11,3,22,322,2007,1422.37
11,3,22,322,2008,1349.99
11,3,22,322,2009,1261.39
11,3,22,322,2010,1161.88
11,3,22,322,2011,1067.22
11,3,22,322,2012,969.19
11,3,22,322,2013,870.91
11,3,22,322,2014,800.55
11,3,22,322,2015,733.62
11,3,22,322,2016,679.19
11,3,27,322,1990,3176.36
11,3,27,322,1991,3029.83
11,3,27,322,1992,2899.32
11,3,27,322,1993,2771.54
11,3,27,322,1994,2633.47
11,3,27,322,1995,2495.47
11,3,27,322,1996,2311.32
11,3,27,322,1997,2122.34
11,3,27,322,1998,2088.32
11,3,27,322,1999,2007.21
11,3,27,322,2000,1896.76
11,3,27,322,2001,1826.77
11,3,27,322,2002,1743.16
11,3,27,322,2003,1667.17
11,3,27,322,2004,1580.46
11,3,27,322,2005,1550.77
11,3,27,322,2006,1473.9
11,3,27,322,2007,1397.94
11,3,27,322,2008,1339.92
11,3,27,322,2009,1268.97
11,3,27,322,2010,1188.66
11,3,27,322,2011,1111.84
11,3,27,322,2012,1030.5
11,3,27,322,2013,949.27
11,3,27,322,2014,894.19
11,3,27,322,2015,838.98
11,3,27,322,2016,790.87
12,1,22,322,1990,18795.69
12,1,22,322,1991,18460.77
12,1,22,322,1992,18099.68
12,1,22,322,1993,17746.34
12,1,22,322,1994,17393.78
12,1,22,322,1995,16942.62
12,1,22,322,1996,16359.64
12,1,22,322,1997,15660.14
12,1,22,322,1998,14893.88
12,1,22,322,1999,14058.77
12,1,22,322,2000,13357.95
12,1,22,322,2001,12744.47
12,1,22,322,2002,12646.7
12,1,22,322,2003,12052.66
12,1,22,322,2004,11350.16
12,1,22,322,2005,10660.17
12,1,22,322,2006,9945.17
12,1,22,322,2007,9272.02
12,1,22,322,2008,9292.2
12,1,22,322,2009,8665.69
12,1,22,322,2010,8083.58
12,1,22,322,2011,7543.49
12,1,22,322,2012,7151.01
12,1,22,322,2013,6685.46
12,1,22,322,2014,6268.26
12,1,22,322,2015,5903.62
12,1,22,322,2016,5541.07
12,1,27,322,1990,10815.18
12,1,27,322,1991,10621.06
12,1,27,322,1992,10426.88
12,1,27,322,1993,10237.77
12,1,27,322,1994,10056.16
12,1,27,322,1995,9840.72
12,1,27,322,1996,9595.97
12,1,27,322,1997,9335.97
12,1,27,322,1998,9028.42
12,1,27,322,1999,8637.03
12,1,27,322,2000,8316.07
12,1,27,322,2001,8033.51
12,1,27,322,2002,8019.42
12,1,27,322,2003,7713.57
12,1,27,322,2004,7324.2
12,1,27,322,2005,6921.95
12,1,27,322,2006,6478.09
12,1,27,322,2007,6040.45
12,1,27,322,2008,6008.21
12,1,27,322,2009,5599.8
12,1,27,322,2010,5213.54
12,1,27,322,2011,4853.88
12,1,27,322,2012,4601.85
12,1,27,322,2013,4302.96
12,1,27,322,2014,4040.45
12,1,27,322,2015,3822.54
12,1,27,322,2016,3612.36
12,2,22,322,1990,16635.65
12,2,22,322,1991,16371.15
12,2,22,322,1992,16098.32
12,2,22,322,1993,15832.1
12,2,22,322,1994,15575.06
12,2,22,322,1995,15225.54
12,2,22,322,1996,14763.84
12,2,22,322,1997,14180.32
12,2,22,322,1998,13449.91
12,2,22,322,1999,12627.42
12,2,22,322,2000,11935.34
12,2,22,322,2001,11329.29
12,2,22,322,2002,11242.08
12,2,22,322,2003,10628.32
12,2,22,322,2004,9914.12
12,2,22,322,2005,9219.17
12,2,22,322,2006,8524.32
12,2,22,322,2007,7908.42
12,2,22,322,2008,7976.19
12,2,22,322,2009,7489.84
12,2,22,322,2010,6975.7
12,2,22,322,2011,6501.5
12,2,22,322,2012,6150.25
12,2,22,322,2013,5730.89
12,2,22,322,2014,5354.59
12,2,22,322,2015,5023.97
12,2,22,322,2016,4709.94
12,2,27,322,1990,9966
12,2,27,322,1991,9810.15
12,2,27,322,1992,9665.22
12,2,27,322,1993,9524.39
12,2,27,322,1994,9390.43
12,2,27,322,1995,9218.54
12,2,27,322,1996,9011.75
12,2,27,322,1997,8778.12
12,2,27,322,1998,8449.23
12,2,27,322,1999,8046.34
12,2,27,322,2000,7708.52
12,2,27,322,2001,7423.65
12,2,27,322,2002,7425.81
12,2,27,322,2003,7096.85
12,2,27,322,2004,6686.7
12,2,27,322,2005,6265.16
12,2,27,322,2006,5805.21
12,2,27,322,2007,5374.91
12,2,27,322,2008,5370.08
12,2,27,322,2009,5015.66
12,2,27,322,2010,4648.49
12,2,27,322,2011,4307.65
12,2,27,322,2012,4063.25
12,2,27,322,2013,3778.21
12,2,27,322,2014,3526.69
12,2,27,322,2015,3315.58
12,2,27,322,2016,3119.82
12,3,22,322,1990,17713.76
12,3,22,322,1991,17413.7
12,3,22,322,1992,17096.14
12,3,22,322,1993,16785.73
12,3,22,322,1994,16480.48
12,3,22,322,1995,16079.97
12,3,22,322,1996,15557.9
12,3,22,322,1997,14916.83
12,3,22,322,1998,14168.74
12,3,22,322,1999,13339.94
12,3,22,322,2000,12643.14
12,3,22,322,2001,12032.57
12,3,22,322,2002,11939.03
12,3,22,322,2003,11333.88
12,3,22,322,2004,10624.51
12,3,22,322,2005,9931.43
12,3,22,322,2006,9226.68
12,3,22,322,2007,8582.89
12,3,22,322,2008,8627.73
12,3,22,322,2009,8072.59
12,3,22,322,2010,7525.27
12,3,22,322,2011,7018.79
12,3,22,322,2012,6647.44
12,3,22,322,2013,6205.47
12,3,22,322,2014,5809.13
12,3,22,322,2015,5461.87
12,3,22,322,2016,5123.96
12,3,27,322,1990,10407.28
12,3,27,322,1991,10231.47
12,3,27,322,1992,10060.99
12,3,27,322,1993,9894.94
12,3,27,322,1994,9735.99
12,3,27,322,1995,9541.18
12,3,27,322,1996,9314.15
12,3,27,322,1997,9066.19
12,3,27,322,1998,8746.81
12,3,27,322,1999,8349.35
12,3,27,322,2000,8018.97
12,3,27,322,2001,7734.59
12,3,27,322,2002,7727.39
12,3,27,322,2003,7408.65
12,3,27,322,2004,7007.92
12,3,27,322,2005,6595.39
12,3,27,322,2006,6142.61
12,3,27,322,2007,5707.8
12,3,27,322,2008,5688.97
12,3,27,322,2009,5306.46
12,3,27,322,2010,4929.41
12,3,27,322,2011,4578.66
12,3,27,322,2012,4330.22
12,3,27,322,2013,4038.23
12,3,27,322,2014,3781.12
12,3,27,322,2015,3566.5
12,3,27,322,2016,3363.34
13,1,22,322,1990,1179.33
13,1,22,322,1991,1204.29
13,1,22,322,1992,1253.2
13,1,22,322,1993,1298.18
13,1,22,322,1994,1331.41
13,1,22,322,1995,1350.33
13,1,22,322,1996,1339.13
13,1,22,322,1997,1346.2
13,1,22,322,1998,1325.42
13,1,22,322,1999,1318.43
13,1,22,322,2000,1268.65
13,1,22,322,2001,1241.5
13,1,22,322,2002,1240.74
13,1,22,322,2003,1242.63
13,1,22,322,2004,1242.39
13,1,22,322,2005,1250.36
13,1,22,322,2006,1249.02
13,1,22,322,2007,1255.11
13,1,22,322,2008,1262.62
13,1,22,322,2009,1270.68
13,1,22,322,2010,1275
13,1,22,322,2011,1280.11
13,1,22,322,2012,1282.79
13,1,22,322,2013,1278.5
13,1,22,322,2014,1276.05
13,1,22,322,2015,1272.54
13,1,22,322,2016,1271.18
13,1,27,322,1990,1649.12
13,1,27,322,1991,1717.49
13,1,27,322,1992,1813.1
13,1,27,322,1993,1906.72
13,1,27,322,1994,1991.78
13,1,27,322,1995,2044.5
13,1,27,322,1996,2052.85
13,1,27,322,1997,2052.94
13,1,27,322,1998,2033.22
13,1,27,322,1999,2024.33
13,1,27,322,2000,1981.42
13,1,27,322,2001,1947.5
13,1,27,322,2002,1936.51
13,1,27,322,2003,1916
13,1,27,322,2004,1889.72
13,1,27,322,2005,1882.96
13,1,27,322,2006,1867.3
13,1,27,322,2007,1853.46
13,1,27,322,2008,1836.35
13,1,27,322,2009,1815.92
13,1,27,322,2010,1801.85
13,1,27,322,2011,1790.56
13,1,27,322,2012,1772.71
13,1,27,322,2013,1743.5
13,1,27,322,2014,1713.18
13,1,27,322,2015,1678.95
13,1,27,322,2016,1647.69
13,2,22,322,1990,917.14
13,2,22,322,1991,922.77
13,2,22,322,1992,949.45
13,2,22,322,1993,969.7
13,2,22,322,1994,978.78
13,2,22,322,1995,974.24
13,2,22,322,1996,948.26
13,2,22,322,1997,942.01
13,2,22,322,1998,917.01
13,2,22,322,1999,910.42
13,2,22,322,2000,865.6
13,2,22,322,2001,846.15
13,2,22,322,2002,853.24
13,2,22,322,2003,859.23
13,2,22,322,2004,863.94
13,2,22,322,2005,872.53
13,2,22,322,2006,864.57
13,2,22,322,2007,861.71
13,2,22,322,2008,862.12
13,2,22,322,2009,857.41
13,2,22,322,2010,839.31
13,2,22,322,2011,829.45
13,2,22,322,2012,821.09
13,2,22,322,2013,810.44
13,2,22,322,2014,802.56
13,2,22,322,2015,793.63
13,2,22,322,2016,789.69
13,2,27,322,1990,1272.35
13,2,27,322,1991,1324.85
13,2,27,322,1992,1395.88
13,2,27,322,1993,1462.21
13,2,27,322,1994,1528.54
13,2,27,322,1995,1561.23
13,2,27,322,1996,1562.19
13,2,27,322,1997,1560.1
13,2,27,322,1998,1539.9
13,2,27,322,1999,1534.02
13,2,27,322,2000,1495.92
13,2,27,322,2001,1485.39
13,2,27,322,2002,1495.67
13,2,27,322,2003,1503.52
13,2,27,322,2004,1506.51
13,2,27,322,2005,1519.77
13,2,27,322,2006,1513.98
13,2,27,322,2007,1508.38
13,2,27,322,2008,1502.72
13,2,27,322,2009,1481.32
13,2,27,322,2010,1427.63
13,2,27,322,2011,1377.05
13,2,27,322,2012,1331.68
13,2,27,322,2013,1282.83
13,2,27,322,2014,1238.61
13,2,27,322,2015,1194.59
13,2,27,322,2016,1156.67
13,3,22,322,1990,1050.21
13,3,22,322,1991,1065.73
13,3,22,322,1992,1103.73
13,3,22,322,1993,1136.55
13,3,22,322,1994,1157.92
13,3,22,322,1995,1165.33
13,3,22,322,1996,1146.95
13,3,22,322,1997,1147.56
13,3,22,322,1998,1124.77
13,3,22,322,1999,1117.98
13,3,22,322,2000,1070.58
13,3,22,322,2001,1047.1
13,3,22,322,2002,1049.99
13,3,22,322,2003,1053.62
13,3,22,322,2004,1055.45
13,3,22,322,2005,1063.31
13,3,22,322,2006,1058.22
13,3,22,322,2007,1059.33
13,3,22,322,2008,1062.76
13,3,22,322,2009,1063.92
13,3,22,322,2010,1056.53
13,3,22,322,2011,1053.75
13,3,22,322,2012,1050.56
13,3,22,322,2013,1042.78
13,3,22,322,2014,1037.35
13,3,22,322,2015,1030.92
13,3,22,322,2016,1027.99
13,3,27,322,1990,1460.63
13,3,27,322,1991,1521.58
13,3,27,322,1992,1605.16
13,3,27,322,1993,1685.36
13,3,27,322,1994,1761.63
13,3,27,322,1995,1804.76
13,3,27,322,1996,1810.03
13,3,27,322,1997,1809.67
13,3,27,322,1998,1789.92
13,3,27,322,1999,1782.82
13,3,27,322,2000,1742.4
13,3,27,322,2001,1720.39
13,3,27,322,2002,1719.88
13,3,27,322,2003,1713.01
13,3,27,322,2004,1700.32
13,3,27,322,2005,1702.06
13,3,27,322,2006,1690.3
13,3,27,322,2007,1679.06
13,3,27,322,2008,1665.48
13,3,27,322,2009,1642.41
13,3,27,322,2010,1608.15
13,3,27,322,2011,1577.41
13,3,27,322,2012,1545.76
13,3,27,322,2013,1506.72
13,3,27,322,2014,1469.26
13,3,27,322,2015,1429.91
13,3,27,322,2016,1395.1
14,1,22,322,1990,2649.8
14,1,22,322,1991,2256.33
14,1,22,322,1992,1921.48
14,1,22,322,1993,1635.78
14,1,22,322,1994,1390.97
14,1,22,322,1995,1172.57
14,1,22,322,1996,988.32
14,1,22,322,1997,843.61
14,1,22,322,1998,676.28
14,1,22,322,1999,571.46
14,1,22,322,2000,504.04
14,1,22,322,2001,439.43
14,1,22,322,2002,389.91
14,1,22,322,2003,350.08
14,1,22,322,2004,313.32
14,1,22,322,2005,293.41
14,1,22,322,2006,274.6
14,1,22,322,2007,258.54
14,1,22,322,2008,246.04
14,1,22,322,2009,239.16
14,1,22,322,2010,230.18
14,1,22,322,2011,216.9
14,1,22,322,2012,204.01
14,1,22,322,2013,188.56
14,1,22,322,2014,177.32
14,1,22,322,2015,168.06
14,1,22,322,2016,160.91
14,1,27,322,1990,2507.06
14,1,27,322,1991,2161.14
14,1,27,322,1992,1872.23
14,1,27,322,1993,1622.84
14,1,27,322,1994,1408.48
14,1,27,322,1995,1220.88
14,1,27,322,1996,1061.45
14,1,27,322,1997,932.6
14,1,27,322,1998,779.21
14,1,27,322,1999,683.57
14,1,27,322,2000,620.62
14,1,27,322,2001,555.11
14,1,27,322,2002,501.35
14,1,27,322,2003,454.18
14,1,27,322,2004,409.04
14,1,27,322,2005,382.02
14,1,27,322,2006,355.87
14,1,27,322,2007,331.77
14,1,27,322,2008,314
14,1,27,322,2009,305.09
14,1,27,322,2010,295.36
14,1,27,322,2011,282.6
14,1,27,322,2012,270.32
14,1,27,322,2013,254.83
14,1,27,322,2014,243.32
14,1,27,322,2015,234.43
14,1,27,322,2016,226.73
14,2,22,322,1990,4082.73
14,2,22,322,1991,3416.49
14,2,22,322,1992,2855.55
14,2,22,322,1993,2373.21
14,2,22,322,1994,1958.69
14,2,22,322,1995,1601.11
14,2,22,322,1996,1312.87
14,2,22,322,1997,1082.44
14,2,22,322,1998,839.05
14,2,22,322,1999,685.87
14,2,22,322,2000,582.27
14,2,22,322,2001,489.87
14,2,22,322,2002,417.14
14,2,22,322,2003,360.87
14,2,22,322,2004,314.42
14,2,22,322,2005,286.52
14,2,22,322,2006,263.78
14,2,22,322,2007,243.09
14,2,22,322,2008,225.78
14,2,22,322,2009,214.37
14,2,22,322,2010,200.36
14,2,22,322,2011,183.98
14,2,22,322,2012,170.96
14,2,22,322,2013,159.22
14,2,22,322,2014,148.69
14,2,22,322,2015,139.1
14,2,22,322,2016,131.69
14,2,27,322,1990,3841.16
14,2,27,322,1991,3285.09
14,2,27,322,1992,2809.72
14,2,27,322,1993,2392.35
14,2,27,322,1994,2031.5
14,2,27,322,1995,1711.35
14,2,27,322,1996,1451.33
14,2,27,322,1997,1236.94
14,2,27,322,1998,1007.31
14,2,27,322,1999,855.35
14,2,27,322,2000,748.24
14,2,27,322,2001,650.49
14,2,27,322,2002,568.57
14,2,27,322,2003,499.66
14,2,27,322,2004,440.06
14,2,27,322,2005,401.22
14,2,27,322,2006,366.88
14,2,27,322,2007,332.65
14,2,27,322,2008,305.17
14,2,27,322,2009,289.09
14,2,27,322,2010,273.58
14,2,27,322,2011,254.3
14,2,27,322,2012,238.67
14,2,27,322,2013,226.62
14,2,27,322,2014,213.51
14,2,27,322,2015,201.09
14,2,27,322,2016,191.2
14,3,22,322,1990,3347.48
14,3,22,322,1991,2823.25
14,3,22,322,1992,2379.64
14,3,22,322,1993,1998.74
14,3,22,322,1994,1671.14
14,3,22,322,1995,1384.43
14,3,22,322,1996,1148.96
14,3,22,322,1997,961.79
14,3,22,322,1998,756.75
14,3,22,322,1999,627.98
14,3,22,322,2000,542.68
14,3,22,322,2001,464.36
14,3,22,322,2002,403.38
14,3,22,322,2003,355.43
14,3,22,322,2004,313.86
14,3,22,322,2005,289.98
14,3,22,322,2006,269.22
14,3,22,322,2007,250.85
14,3,22,322,2008,235.94
14,3,22,322,2009,226.81
14,3,22,322,2010,215.32
14,3,22,322,2011,200.49
14,3,22,322,2012,187.53
14,3,22,322,2013,173.93
14,3,22,322,2014,163.04
14,3,22,322,2015,153.61
14,3,22,322,2016,146.32
14,3,27,322,1990,3154.81
14,3,27,322,1991,2704.4
14,3,27,322,1992,2324.14
14,3,27,322,1993,1992.96
14,3,27,322,1994,1706.93
14,3,27,322,1995,1455.03
14,3,27,322,1996,1246.84
14,3,27,322,1997,1076.83
14,3,27,322,1998,886.3
14,3,27,322,1999,764.21
14,3,27,322,2000,680.6
14,3,27,322,2001,599.61
14,3,27,322,2002,532.41
14,3,27,322,2003,474.94
14,3,27,322,2004,422.93
14,3,27,322,2005,390.35
14,3,27,322,2006,360.38
14,3,27,322,2007,331.62
14,3,27,322,2008,309.37
14,3,27,322,2009,297.02
14,3,27,322,2010,284.5
14,3,27,322,2011,268.77
14,3,27,322,2012,254.93
14,3,27,322,2013,241.01
14,3,27,322,2014,228.76
14,3,27,322,2015,218.18
14,3,27,322,2016,209.35
15,1,22,322,1990,7281.13
15,1,22,322,1991,7121.54
15,1,22,322,1992,6960.34
15,1,22,322,1993,6802.37
15,1,22,322,1994,6652.4
15,1,22,322,1995,6531.64
15,1,22,322,1996,6462.14
15,1,22,322,1997,6421.16
15,1,22,322,1998,6400.78
15,1,22,322,1999,6356.62
15,1,22,322,2000,6275.01
15,1,22,322,2001,6117.03
15,1,22,322,2002,5895.3
15,1,22,322,2003,5677.86
15,1,22,322,2004,5445.19
15,1,22,322,2005,5187.72
15,1,22,322,2006,4773.83
15,1,22,322,2007,4351.48
15,1,22,322,2008,4000.5
15,1,22,322,2009,3604.1
15,1,22,322,2010,3229.64
15,1,22,322,2011,2935.88
15,1,22,322,2012,2648.44
15,1,22,322,2013,2404.35
15,1,22,322,2014,2168.45
15,1,22,322,2015,1952.44
15,1,22,322,2016,1769.87
15,1,27,322,1990,5775.08
15,1,27,322,1991,5724.6
15,1,27,322,1992,5667.45
15,1,27,322,1993,5604.89
15,1,27,322,1994,5541.12
15,1,27,322,1995,5492.99
15,1,27,322,1996,5478.47
15,1,27,322,1997,5485.96
15,1,27,322,1998,5509.86
15,1,27,322,1999,5507.45
15,1,27,322,2000,5467.77
15,1,27,322,2001,5359.76
15,1,27,322,2002,5204
15,1,27,322,2003,5049.57
15,1,27,322,2004,4878.96
15,1,27,322,2005,4685.15
15,1,27,322,2006,4354.41
15,1,27,322,2007,4024.51
15,1,27,322,2008,3765.46
15,1,27,322,2009,3466.94
15,1,27,322,2010,3182.72
15,1,27,322,2011,2961.76
15,1,27,322,2012,2735.3
15,1,27,322,2013,2542.08
15,1,27,322,2014,2348.55
15,1,27,322,2015,2166.13
15,1,27,322,2016,1994.1
15,2,22,322,1990,6862.7
15,2,22,322,1991,6739.88
15,2,22,322,1992,6620.76
15,2,22,322,1993,6463.71
15,2,22,322,1994,6304.31
15,2,22,322,1995,6121.61
15,2,22,322,1996,5975.74
15,2,22,322,1997,5820.23
15,2,22,322,1998,5696.44
15,2,22,322,1999,5484.73
15,2,22,322,2000,5258.02
15,2,22,322,2001,4980.85
15,2,22,322,2002,4680.48
15,2,22,322,2003,4436.96
15,2,22,322,2004,4212.55
15,2,22,322,2005,3939.93
15,2,22,322,2006,3528.07
15,2,22,322,2007,3115.15
15,2,22,322,2008,2807.51
15,2,22,322,2009,2453.37
15,2,22,322,2010,2131.15
15,2,22,322,2011,1883.83
15,2,22,322,2012,1678.37
15,2,22,322,2013,1497.96
15,2,22,322,2014,1326.83
15,2,22,322,2015,1171.35
15,2,22,322,2016,1043.95
15,2,27,322,1990,5694.4
15,2,27,322,1991,5657.59
15,2,27,322,1992,5618.78
15,2,27,322,1993,5543.56
15,2,27,322,1994,5461.26
15,2,27,322,1995,5356.01
15,2,27,322,1996,5276.29
15,2,27,322,1997,5187.27
15,2,27,322,1998,5122.59
15,2,27,322,1999,4974.1
15,2,27,322,2000,4802.2
15,2,27,322,2001,4577.48
15,2,27,322,2002,4333.81
15,2,27,322,2003,4136.87
15,2,27,322,2004,3953.4
15,2,27,322,2005,3724.77
15,2,27,322,2006,3366.11
15,2,27,322,2007,3009.87
15,2,27,322,2008,2755.11
15,2,27,322,2009,2455.33
15,2,27,322,2010,2179.83
15,2,27,322,2011,1969.17
15,2,27,322,2012,1789.99
15,2,27,322,2013,1630.15
15,2,27,322,2014,1473.3
15,2,27,322,2015,1326.47
15,2,27,322,2016,1197.94
15,3,22,322,1990,7067.66
15,3,22,322,1991,6926.88
15,3,22,322,1992,6787.2
15,3,22,322,1993,6629.73
15,3,22,322,1994,6474.97
15,3,22,322,1995,6322.61
15,3,22,322,1996,6214.09
15,3,22,322,1997,6114.53
15,3,22,322,1998,6041.16
15,3,22,322,1999,5911.2
15,3,22,322,2000,5755.22
15,3,22,322,2001,5536.15
15,3,22,322,2002,5274.13
15,3,22,322,2003,5043.32
15,3,22,322,2004,4814.84
15,3,22,322,2005,4549.55
15,3,22,322,2006,4136.59
15,3,22,322,2007,3718.95
15,3,22,322,2008,3390.04
15,3,22,322,2009,3015.2
15,3,22,322,2010,2667.46
15,3,22,322,2011,2397.56
15,3,22,322,2012,2152.18
15,3,22,322,2013,1940.79
15,3,22,322,2014,1738.13
15,3,22,322,2015,1553.14
15,3,22,322,2016,1398.84
15,3,27,322,1990,5730.46
15,3,27,322,1991,5686.34
15,3,27,322,1992,5637.82
15,3,27,322,1993,5568.5
15,3,27,322,1994,5495.07
15,3,27,322,1995,5418.25
15,3,27,322,1996,5371.01
15,3,27,322,1997,5330.24
15,3,27,322,1998,5309.69
15,3,27,322,1999,5234.39
15,3,27,322,2000,5128.66
15,3,27,322,2001,4962.46
15,3,27,322,2002,4762.75
15,3,27,322,2003,4586.91
15,3,27,322,2004,4409.56
15,3,27,322,2005,4198.13
15,3,27,322,2006,3853.22
15,3,27,322,2007,3509.81
15,3,27,322,2008,3252.34
15,3,27,322,2009,2952.59
15,3,27,322,2010,2672.12
15,3,27,322,2011,2455.9
15,3,27,322,2012,2252.38
15,3,27,322,2013,2075.17
15,3,27,322,2014,1899.22
15,3,27,322,2015,1733.88
15,3,27,322,2016,1583.67
16,1,22,322,1990,6754.23
16,1,22,322,1991,6259.67
16,1,22,322,1992,5802.86
16,1,22,322,1993,5383.5
16,1,22,322,1994,4943.38
16,1,22,322,1995,4619.45
16,1,22,322,1996,4230.98
16,1,22,322,1997,3937.21
16,1,22,322,1998,3646.52
16,1,22,322,1999,3524.54
16,1,22,322,2000,3352.63
16,1,22,322,2001,3188.59
16,1,22,322,2002,3045.36
16,1,22,322,2003,2926
16,1,22,322,2004,2816.22
16,1,22,322,2005,2759.3
16,1,22,322,2006,2717.9
16,1,22,322,2007,2666.97
16,1,22,322,2008,2646.14
16,1,22,322,2009,2603.41
16,1,22,322,2010,2547.07
16,1,22,322,2011,2523.55
16,1,22,322,2012,2456.27
16,1,22,322,2013,2350.75
16,1,22,322,2014,2267.02
16,1,22,322,2015,2175.36
16,1,22,322,2016,2100.25
16,1,27,322,1990,5599.24
16,1,27,322,1991,5312.43
16,1,27,322,1992,5062.76
16,1,27,322,1993,4825.55
16,1,27,322,1994,4567.44
16,1,27,322,1995,4393.87
16,1,27,322,1996,4171.1
16,1,27,322,1997,4016.95
16,1,27,322,1998,3871.2
16,1,27,322,1999,3838.1
16,1,27,322,2000,3765.3
16,1,27,322,2001,3692.74
16,1,27,322,2002,3630.27
16,1,27,322,2003,3578.32
16,1,27,322,2004,3531.46
16,1,27,322,2005,3516.36
16,1,27,322,2006,3498.89
16,1,27,322,2007,3473.46
16,1,27,322,2008,3466.67
16,1,27,322,2009,3437.47
16,1,27,322,2010,3390.24
16,1,27,322,2011,3373.75
16,1,27,322,2012,3316.51
16,1,27,322,2013,3217.73
16,1,27,322,2014,3132.55
16,1,27,322,2015,3039.2
16,1,27,322,2016,2952.72
16,2,22,322,1990,5503.82
16,2,22,322,1991,5075.42
16,2,22,322,1992,4695.58
16,2,22,322,1993,4316.78
16,2,22,322,1994,3949.62
16,2,22,322,1995,3671.66
16,2,22,322,1996,3341.73
16,2,22,322,1997,3101.68
16,2,22,322,1998,2858.46
16,2,22,322,1999,2788.47
16,2,22,322,2000,2617.06
16,2,22,322,2001,2519.34
16,2,22,322,2002,2391.33
16,2,22,322,2003,2295.77
16,2,22,322,2004,2187.14
16,2,22,322,2005,2125.64
16,2,22,322,2006,2089.86
16,2,22,322,2007,2039.93
16,2,22,322,2008,2025.31
16,2,22,322,2009,1985.19
16,2,22,322,2010,1934.52
16,2,22,322,2011,1919.13
16,2,22,322,2012,1867.74
16,2,22,322,2013,1783.21
16,2,22,322,2014,1710.99
16,2,22,322,2015,1631.86
16,2,22,322,2016,1567.24
16,2,27,322,1990,4377.38
16,2,27,322,1991,4120.33
16,2,27,322,1992,3905.31
16,2,27,322,1993,3676.31
16,2,27,322,1994,3453.35
16,2,27,322,1995,3289.06
16,2,27,322,1996,3089.98
16,2,27,322,1997,2957.54
16,2,27,322,1998,2819.17
16,2,27,322,1999,2800.41
16,2,27,322,2000,2710.94
16,2,27,322,2001,2675.07
16,2,27,322,2002,2612.46
16,2,27,322,2003,2566.75
16,2,27,322,2004,2506.16
16,2,27,322,2005,2476.04
16,2,27,322,2006,2457.69
16,2,27,322,2007,2421
16,2,27,322,2008,2407.27
16,2,27,322,2009,2374.56
16,2,27,322,2010,2331.38
16,2,27,322,2011,2318.48
16,2,27,322,2012,2271.95
16,2,27,322,2013,2190.56
16,2,27,322,2014,2116.68
16,2,27,322,2015,2034.53
16,2,27,322,2016,1958.35
16,3,22,322,1990,6135.34
16,3,22,322,1991,5673.37
16,3,22,322,1992,5254.52
16,3,22,322,1993,4855.11
16,3,22,322,1994,4451
16,3,22,322,1995,4149.73
16,3,22,322,1996,3790.15
16,3,22,322,1997,3522.93
16,3,22,322,1998,3255.67
16,3,22,322,1999,3159.35
16,3,22,322,2000,2987.52
16,3,22,322,2001,2856.18
16,3,22,322,2002,2720.26
16,3,22,322,2003,2612.52
16,3,22,322,2004,2503.22
16,3,22,322,2005,2444.11
16,3,22,322,2006,2405.75
16,3,22,322,2007,2355.8
16,3,22,322,2008,2338.62
16,3,22,322,2009,2297.66
16,3,22,322,2010,2244.43
16,3,22,322,2011,2225.11
16,3,22,322,2012,2165.56
16,3,22,322,2013,2070.15
16,3,22,322,2014,1991.82
16,3,22,322,2015,1906.15
16,3,22,322,2016,1835.99
16,3,27,322,1990,4964.7
16,3,27,322,1991,4691.58
16,3,27,322,1992,4457.6
16,3,27,322,1993,4222.71
16,3,27,322,1994,3980.47
16,3,27,322,1995,3809.09
16,3,27,322,1996,3596.37
16,3,27,322,1997,3451.13
16,3,27,322,1998,3306.13
16,3,27,322,1999,3277.07
16,3,27,322,2000,3193.63
16,3,27,322,2001,3137.79
16,3,27,322,2002,3073.64
16,3,27,322,2003,3023.23
16,3,27,322,2004,2968.07
16,3,27,322,2005,2944.5
16,3,27,322,2006,2926.43
16,3,27,322,2007,2894.71
16,3,27,322,2008,2884.19
16,3,27,322,2009,2853.52
16,3,27,322,2010,2808.79
16,3,27,322,2011,2794.41
16,3,27,322,2012,2742.28
16,3,27,322,2013,2651.65
16,3,27,322,2014,2571.72
16,3,27,322,2015,2483.46
16,3,27,322,2016,2402.43
17,1,22,322,1990,1358.21
17,1,22,322,1991,1263.81
17,1,22,322,1992,1155.39
17,1,22,322,1993,940.36
17,1,22,322,1994,912.83
17,1,22,322,1995,918.95
17,1,22,322,1996,954.22
17,1,22,322,1997,966.01
17,1,22,322,1998,916.35
17,1,22,322,1999,902.78
17,1,22,322,2000,906.25
17,1,22,322,2001,895.4
17,1,22,322,2002,867.42
17,1,22,322,2003,845.47
17,1,22,322,2004,845.6
17,1,22,322,2005,915.19
17,1,22,322,2006,826.26
17,1,22,322,2007,763.45
17,1,22,322,2008,753.59
17,1,22,322,2009,747.89
17,1,22,322,2010,736.68
17,1,22,322,2011,716.96
17,1,22,322,2012,692.34
17,1,22,322,2013,672.28
17,1,22,322,2014,655.48
17,1,22,322,2015,644.28
17,1,22,322,2016,636.6
17,1,27,322,1990,1544.1
17,1,27,322,1991,1438.34
17,1,27,322,1992,1324.05
17,1,27,322,1993,1119.55
17,1,27,322,1994,1085.09
17,1,27,322,1995,1085.7
17,1,27,322,1996,1118.24
17,1,27,322,1997,1133.45
17,1,27,322,1998,1084.58
17,1,27,322,1999,1065.06
17,1,27,322,2000,1057.4
17,1,27,322,2001,1035.67
17,1,27,322,2002,998.53
17,1,27,322,2003,969.45
17,1,27,322,2004,961.75
17,1,27,322,2005,1019.89
17,1,27,322,2006,926.58
17,1,27,322,2007,859.52
17,1,27,322,2008,845.75
17,1,27,322,2009,835.61
17,1,27,322,2010,821.42
17,1,27,322,2011,794.81
17,1,27,322,2012,762.56
17,1,27,322,2013,733.76
17,1,27,322,2014,707.17
17,1,27,322,2015,685.24
17,1,27,322,2016,666.73
17,2,22,322,1990,1075.72
17,2,22,322,1991,993.23
17,2,22,322,1992,884.46
17,2,22,322,1993,675.49
17,2,22,322,1994,643.58
17,2,22,322,1995,640.43
17,2,22,322,1996,659.68
17,2,22,322,1997,645.3
17,2,22,322,1998,577.81
17,2,22,322,1999,548.29
17,2,22,322,2000,539.81
17,2,22,322,2001,522.46
17,2,22,322,2002,496.13
17,2,22,322,2003,478.52
17,2,22,322,2004,482.76
17,2,22,322,2005,543.53
17,2,22,322,2006,469.36
17,2,22,322,2007,421.73
17,2,22,322,2008,419.97
17,2,22,322,2009,421.5
17,2,22,322,2010,416.26
17,2,22,322,2011,402.2
17,2,22,322,2012,383.09
17,2,22,322,2013,366.47
17,2,22,322,2014,350.85
17,2,22,322,2015,337.65
17,2,22,322,2016,327.21
17,2,27,322,1990,1187.64
17,2,27,322,1991,1097.66
17,2,27,322,1992,986.49
17,2,27,322,1993,788.74
17,2,27,322,1994,752.1
17,2,27,322,1995,744.37
17,2,27,322,1996,762.63
17,2,27,322,1997,750.73
17,2,27,322,1998,681.33
17,2,27,322,1999,645.44
17,2,27,322,2000,628.44
17,2,27,322,2001,601.46
17,2,27,322,2002,566.74
17,2,27,322,2003,541.56
17,2,27,322,2004,539.99
17,2,27,322,2005,596.48
17,2,27,322,2006,515.62
17,2,27,322,2007,462.56
17,2,27,322,2008,458.49
17,2,27,322,2009,458.47
17,2,27,322,2010,451.69
17,2,27,322,2011,434.62
17,2,27,322,2012,411.42
17,2,27,322,2013,390.27
17,2,27,322,2014,369.36
17,2,27,322,2015,350.4
17,2,27,322,2016,333.96
17,3,22,322,1990,1218.33
17,3,22,322,1991,1129.68
17,3,22,322,1992,1020.95
17,3,22,322,1993,808.8
17,3,22,322,1994,778.96
17,3,22,322,1995,780.34
17,3,22,322,1996,807.48
17,3,22,322,1997,806.03
17,3,22,322,1998,747.22
17,3,22,322,1999,725.4
17,3,22,322,2000,722.56
17,3,22,322,2001,708.07
17,3,22,322,2002,680.53
17,3,22,322,2003,660.33
17,3,22,322,2004,662.11
17,3,22,322,2005,726.79
17,3,22,322,2006,644.9
17,3,22,322,2007,589.39
17,3,22,322,2008,583.25
17,3,22,322,2009,580.87
17,3,22,322,2010,572.36
17,3,22,322,2011,555.13
17,3,22,322,2012,532.96
17,3,22,322,2013,514.36
17,3,22,322,2014,497.88
17,3,22,322,2015,485.38
17,3,22,322,2016,476.08
17,3,27,322,1990,1366.3
17,3,27,322,1991,1268
17,3,27,322,1992,1154.92
17,3,27,322,1993,953.39
17,3,27,322,1994,917.36
17,3,27,322,1995,913.24
17,3,27,322,1996,938.24
17,3,27,322,1997,939.41
17,3,27,322,1998,879.64
17,3,27,322,1999,851.19
17,3,27,322,2000,838.13
17,3,27,322,2001,812.84
17,3,27,322,2002,775.99
17,3,27,322,2003,747.77
17,3,27,322,2004,742.14
17,3,27,322,2005,798.61
17,3,27,322,2006,710.72
17,3,27,322,2007,649.89
17,3,27,322,2008,640.37
17,3,27,322,2009,634.99
17,3,27,322,2010,624.06
17,3,27,322,2011,602.19
17,3,27,322,2012,574.37
17,3,27,322,2013,549.32
17,3,27,322,2014,525.44
17,3,27,322,2015,504.83
17,3,27,322,2016,487.22
18,1,22,322,1990,1676.33
18,1,22,322,1991,1571.23
18,1,22,322,1992,1477.02
18,1,22,322,1993,1396.01
18,1,22,322,1994,1320.83
18,1,22,322,1995,1247.02
18,1,22,322,1996,1176.61
18,1,22,322,1997,1104.23
18,1,22,322,1998,1049.58
18,1,22,322,1999,1027.16
18,1,22,322,2000,999.42
18,1,22,322,2001,979.15
18,1,22,322,2002,967.85
18,1,22,322,2003,956.01
18,1,22,322,2004,934.21
18,1,22,322,2005,918.28
18,1,22,322,2006,940.71
18,1,22,322,2007,964.92
18,1,22,322,2008,989.58
18,1,22,322,2009,1011.21
18,1,22,322,2010,1029.28
18,1,22,322,2011,1054.8
18,1,22,322,2012,1078.79
18,1,22,322,2013,1100.43
18,1,22,322,2014,1110.52
18,1,22,322,2015,1114.94
18,1,22,322,2016,1119.49
18,1,27,322,1990,1740.5
18,1,27,322,1991,1658.28
18,1,27,322,1992,1583.7
18,1,27,322,1993,1504.27
18,1,27,322,1994,1429.51
18,1,27,322,1995,1355.47
18,1,27,322,1996,1281.82
18,1,27,322,1997,1215.45
18,1,27,322,1998,1170.43
18,1,27,322,1999,1166.99
18,1,27,322,2000,1156.87
18,1,27,322,2001,1153.26
18,1,27,322,2002,1152.96
18,1,27,322,2003,1149.28
18,1,27,322,2004,1126.69
18,1,27,322,2005,1108.36
18,1,27,322,2006,1128.38
18,1,27,322,2007,1145.73
18,1,27,322,2008,1152.11
18,1,27,322,2009,1145.71
18,1,27,322,2010,1129.41
18,1,27,322,2011,1127.99
18,1,27,322,2012,1127.05
18,1,27,322,2013,1126.27
18,1,27,322,2014,1111.95
18,1,27,322,2015,1092.68
18,1,27,322,2016,1073.07
18,2,22,322,1990,1152.76
18,2,22,322,1991,1059.28
18,2,22,322,1992,977.72
18,2,22,322,1993,901.97
18,2,22,322,1994,836.32
18,2,22,322,1995,778.77
18,2,22,322,1996,726.58
18,2,22,322,1997,685.13
18,2,22,322,1998,658.85
18,2,22,322,1999,674.28
18,2,22,322,2000,684.18
18,2,22,322,2001,698.26
18,2,22,322,2002,712.65
18,2,22,322,2003,719.81
18,2,22,322,2004,710.13
18,2,22,322,2005,705.11
18,2,22,322,2006,718.2
18,2,22,322,2007,730.31
18,2,22,322,2008,743.18
18,2,22,322,2009,758.48
18,2,22,322,2010,773.41
18,2,22,322,2011,787.81
18,2,22,322,2012,796.2
18,2,22,322,2013,804.86
18,2,22,322,2014,806.64
18,2,22,322,2015,799.53
18,2,22,322,2016,792.24
18,2,27,322,1990,1211.56
18,2,27,322,1991,1130.33
18,2,27,322,1992,1058.84
18,2,27,322,1993,986.43
18,2,27,322,1994,923.14
18,2,27,322,1995,866.83
18,2,27,322,1996,815.93
18,2,27,322,1997,778.33
18,2,27,322,1998,756.61
18,2,27,322,1999,782.2
18,2,27,322,2000,800.72
18,2,27,322,2001,823.7
18,2,27,322,2002,844.72
18,2,27,322,2003,854.99
18,2,27,322,2004,841.65
18,2,27,322,2005,830.49
18,2,27,322,2006,833.94
18,2,27,322,2007,832.83
18,2,27,322,2008,826.45
18,2,27,322,2009,819.17
18,2,27,322,2010,808.83
18,2,27,322,2011,801.07
18,2,27,322,2012,788.1
18,2,27,322,2013,774.97
18,2,27,322,2014,756.19
18,2,27,322,2015,730.06
18,2,27,322,2016,703.86
18,3,22,322,1990,1412.22
18,3,22,322,1991,1313.11
18,3,22,322,1992,1225.53
18,3,22,322,1993,1147.47
18,3,22,322,1994,1077.32
18,3,22,322,1995,1011.75
18,3,22,322,1996,950.37
18,3,22,322,1997,893.29
18,3,22,322,1998,852.65
18,3,22,322,1999,849.07
18,3,22,322,2000,840.16
18,3,22,322,2001,837.15
18,3,22,322,2002,838.8
18,3,22,322,2003,836.55
18,3,22,322,2004,820.88
18,3,22,322,2005,810.46
18,3,22,322,2006,828.16
18,3,22,322,2007,846.24
18,3,22,322,2008,864.91
18,3,22,322,2009,883.31
18,3,22,322,2010,899.76
18,3,22,322,2011,919.6
18,3,22,322,2012,935.64
18,3,22,322,2013,950.63
18,3,22,322,2014,956.44
18,3,22,322,2015,954.94
18,3,22,322,2016,953.42
18,3,27,322,1990,1470.05
18,3,27,322,1991,1387.85
18,3,27,322,1992,1314.53
18,3,27,322,1993,1239.31
18,3,27,322,1994,1170.92
18,3,27,322,1995,1106.2
18,3,27,322,1996,1044.32
18,3,27,322,1997,992.26
18,3,27,322,1998,958.69
18,3,27,322,1999,969.08
18,3,27,322,2000,972.58
18,3,27,322,2001,981.67
18,3,27,322,2002,991.74
18,3,27,322,2003,994.97
18,3,27,322,2004,976.93
18,3,27,322,2005,962.08
18,3,27,322,2006,973.28
18,3,27,322,2007,980.68
18,3,27,322,2008,980.56
18,3,27,322,2009,974.51
18,3,27,322,2010,962.38
18,3,27,322,2011,958.03
18,3,27,322,2012,950.85
18,3,27,322,2013,943.32
18,3,27,322,2014,926.7
18,3,27,322,2015,903.69
18,3,27,322,2016,880.49
19,1,22,322,1990,12229.6
19,1,22,322,1991,11345.7
19,1,22,322,1992,10465.59
19,1,22,322,1993,9625.03
19,1,22,322,1994,8910.99
19,1,22,322,1995,8413.48
19,1,22,322,1996,8047.52
19,1,22,322,1997,7595
19,1,22,322,1998,7001.76
19,1,22,322,1999,6389.05
19,1,22,322,2000,5558.97
19,1,22,322,2001,4766.74
19,1,22,322,2002,4227.24
19,1,22,322,2003,3946.44
19,1,22,322,2004,3870.86
19,1,22,322,2005,3821.01
19,1,22,322,2006,3721.1
19,1,22,322,2007,3704.37
19,1,22,322,2008,3583.22
19,1,22,322,2009,3445.91
19,1,22,322,2010,3266.44
19,1,22,322,2011,3008.46
19,1,22,322,2012,2751.64
19,1,22,322,2013,2557.05
19,1,22,322,2014,2391.44
19,1,22,322,2015,2222.92
19,1,22,322,2016,2104.13
19,1,27,322,1990,7735.36
19,1,27,322,1991,7334.5
19,1,27,322,1992,6891.8
19,1,27,322,1993,6446.86
19,1,27,322,1994,6061.79
19,1,27,322,1995,5790.17
19,1,27,322,1996,5604.37
19,1,27,322,1997,5434.25
19,1,27,322,1998,5211.2
19,1,27,322,1999,4998
19,1,27,322,2000,4615.07
19,1,27,322,2001,4153.51
19,1,27,322,2002,3793.22
19,1,27,322,2003,3583.99
19,1,27,322,2004,3449.52
19,1,27,322,2005,3271.36
19,1,27,322,2006,3032.81
19,1,27,322,2007,2868.47
19,1,27,322,2008,2673.31
19,1,27,322,2009,2514.24
19,1,27,322,2010,2369.1
19,1,27,322,2011,2211.36
19,1,27,322,2012,2065.92
19,1,27,322,2013,1966.99
19,1,27,322,2014,1895.98
19,1,27,322,2015,1825.31
19,1,27,322,2016,1771.75
19,2,22,322,1990,10737.51
19,2,22,322,1991,9967.27
19,2,22,322,1992,9210.37
19,2,22,322,1993,8526.78
19,2,22,322,1994,7978.41
19,2,22,322,1995,7616.05
19,2,22,322,1996,7414.21
19,2,22,322,1997,7151.05
19,2,22,322,1998,6703.33
19,2,22,322,1999,6192.92
19,2,22,322,2000,5437.75
19,2,22,322,2001,4671.24
19,2,22,322,2002,4153.2
19,2,22,322,2003,3871.53
19,2,22,322,2004,3782.2
19,2,22,322,2005,3697.21
19,2,22,322,2006,3566.92
19,2,22,322,2007,3514.63
19,2,22,322,2008,3361.49
19,2,22,322,2009,3179.66
19,2,22,322,2010,2973.01
19,2,22,322,2011,2703.11
19,2,22,322,2012,2474.2
19,2,22,322,2013,2289.73
19,2,22,322,2014,2134.52
19,2,22,322,2015,1977.6
19,2,22,322,2016,1870.44
19,2,27,322,1990,7135.45
19,2,27,322,1991,6767.29
19,2,27,322,1992,6370.3
19,2,27,322,1993,5992.9
19,2,27,322,1994,5676.37
19,2,27,322,1995,5453.61
19,2,27,322,1996,5333.58
19,2,27,322,1997,5245.98
19,2,27,322,1998,5077.32
19,2,27,322,1999,4903.12
19,2,27,322,2000,4554.26
19,2,27,322,2001,4106.17
19,2,27,322,2002,3760.82
19,2,27,322,2003,3546.21
19,2,27,322,2004,3389.43
19,2,27,322,2005,3179.06
19,2,27,322,2006,2906.54
19,2,27,322,2007,2719.3
19,2,27,322,2008,2506.53
19,2,27,322,2009,2316.17
19,2,27,322,2010,2149.92
19,2,27,322,2011,1979.82
19,2,27,322,2012,1843.45
19,2,27,322,2013,1744.81
19,2,27,322,2014,1672.47
19,2,27,322,2015,1600.93
19,2,27,322,2016,1548.81
19,3,22,322,1990,11492.54
19,3,22,322,1991,10664.79
19,3,22,322,1992,9845.38
19,3,22,322,1993,9082.15
19,3,22,322,1994,8449.86
19,3,22,322,1995,8019.15
19,3,22,322,1996,7734.41
19,3,22,322,1997,7375.6
19,3,22,322,1998,6854.36
19,3,22,322,1999,6292.24
19,3,22,322,2000,5499.16
19,3,22,322,2001,4719.62
19,3,22,322,2002,4190.71
19,3,22,322,2003,3909.48
19,3,22,322,2004,3827.12
19,3,22,322,2005,3759.95
19,3,22,322,2006,3645.09
19,3,22,322,2007,3610.87
19,3,22,322,2008,3473.98
19,3,22,322,2009,3314.77
19,3,22,322,2010,3121.94
19,3,22,322,2011,2858.07
19,3,22,322,2012,2615.01
19,3,22,322,2013,2425.43
19,3,22,322,2014,2264.96
19,3,22,322,2015,2102.16
19,3,22,322,2016,1989.12
19,3,27,322,1990,7451.59
19,3,27,322,1991,7065.77
19,3,27,322,1992,6644.56
19,3,27,322,1993,6232.22
19,3,27,322,1994,5880.17
19,3,27,322,1995,5631.73
19,3,27,322,1996,5477.74
19,3,27,322,1997,5348.31
19,3,27,322,1998,5151.43
19,3,27,322,1999,4956.36
19,3,27,322,2000,4589.16
19,3,27,322,2001,4133.14
19,3,27,322,2002,3779.4
19,3,27,322,2003,3566.9
19,3,27,322,2004,3420.3
19,3,27,322,2005,3225.69
19,3,27,322,2006,2969.65
19,3,27,322,2007,2794.08
19,3,27,322,2008,2590.4
19,3,27,322,2009,2415.77
19,3,27,322,2010,2260.18
19,3,27,322,2011,2096.24
19,3,27,322,2012,1955.05
19,3,27,322,2013,1856.18
19,3,27,322,2014,1784.39
19,3,27,322,2015,1713.18
19,3,27,322,2016,1660.28
20,1,22,322,1990,2951.16
20,1,22,322,1991,2738.54
20,1,22,322,1992,2520.37
20,1,22,322,1993,2314.35
20,1,22,322,1994,2120.05
20,1,22,322,1995,1943.93
20,1,22,322,1996,1780.67
20,1,22,322,1997,1629.09
20,1,22,322,1998,1494.42
20,1,22,322,1999,1392.33
20,1,22,322,2000,1308.62
20,1,22,322,2001,1234.6
20,1,22,322,2002,1175.05
20,1,22,322,2003,1135.88
20,1,22,322,2004,1099.02
20,1,22,322,2005,1071.64
20,1,22,322,2006,1041.89
20,1,22,322,2007,1011.31
20,1,22,322,2008,980.9
20,1,22,322,2009,952.26
20,1,22,322,2010,913.69
20,1,22,322,2011,876.49
20,1,22,322,2012,837.08
20,1,22,322,2013,799.32
20,1,22,322,2014,762.56
20,1,22,322,2015,726.14
20,1,22,322,2016,692.14
20,1,27,322,1990,2487.28
20,1,27,322,1991,2375.49
20,1,27,322,1992,2256.3
20,1,27,322,1993,2139.35
20,1,27,322,1994,2022.55
20,1,27,322,1995,1909.92
20,1,27,322,1996,1799.21
20,1,27,322,1997,1693.76
20,1,27,322,1998,1598.56
20,1,27,322,1999,1528.72
20,1,27,322,2000,1469.47
20,1,27,322,2001,1414.67
20,1,27,322,2002,1365.27
20,1,27,322,2003,1328.96
20,1,27,322,2004,1289.23
20,1,27,322,2005,1250.8
20,1,27,322,2006,1210.46
20,1,27,322,2007,1172.8
20,1,27,322,2008,1136.06
20,1,27,322,2009,1101.74
20,1,27,322,2010,1056.37
20,1,27,322,2011,1013.7
20,1,27,322,2012,971.35
20,1,27,322,2013,932.33
20,1,27,322,2014,895.01
20,1,27,322,2015,859.9
20,1,27,322,2016,824.49
20,2,22,322,1990,2327.26
20,2,22,322,1991,2154.86
20,2,22,322,1992,1980.03
20,2,22,322,1993,1814.75
20,2,22,322,1994,1656.61
20,2,22,322,1995,1508.99
20,2,22,322,1996,1374.83
20,2,22,322,1997,1253.72
20,2,22,322,1998,1143.66
20,2,22,322,1999,1054.91
20,2,22,322,2000,979.67
20,2,22,322,2001,914.26
20,2,22,322,2002,862.23
20,2,22,322,2003,829.21
20,2,22,322,2004,797.28
20,2,22,322,2005,764.92
20,2,22,322,2006,733.97
20,2,22,322,2007,706.3
20,2,22,322,2008,678.23
20,2,22,322,2009,653.92
20,2,22,322,2010,624.14
20,2,22,322,2011,593.57
20,2,22,322,2012,564.01
20,2,22,322,2013,536.5
20,2,22,322,2014,509.45
20,2,22,322,2015,485.31
20,2,22,322,2016,460
20,2,27,322,1990,2001.27
20,2,27,322,1991,1904.5
20,2,27,322,1992,1800.73
20,2,27,322,1993,1699.11
20,2,27,322,1994,1596.01
20,2,27,322,1995,1494.41
20,2,27,322,1996,1395.99
20,2,27,322,1997,1303.96
20,2,27,322,1998,1217.5
20,2,27,322,1999,1147.36
20,2,27,322,2000,1086.04
20,2,27,322,2001,1030.36
20,2,27,322,2002,981.14
20,2,27,322,2003,946.39
20,2,27,322,2004,908.38
20,2,27,322,2005,871.48
20,2,27,322,2006,833.01
20,2,27,322,2007,796.45
20,2,27,322,2008,759.72
20,2,27,322,2009,728.08
20,2,27,322,2010,692.53
20,2,27,322,2011,657.23
20,2,27,322,2012,623.47
20,2,27,322,2013,592.99
20,2,27,322,2014,563.7
20,2,27,322,2015,536.7
20,2,27,322,2016,508.45
20,3,22,322,1990,2634.16
20,3,22,322,1991,2442.05
20,3,22,322,1992,2245.95
20,3,22,322,1993,2060.66
20,3,22,322,1994,1884.76
20,3,22,322,1995,1723.14
20,3,22,322,1996,1574.64
20,3,22,322,1997,1438.56
20,3,22,322,1998,1316.41
20,3,22,322,1999,1221.11
20,3,22,322,2000,1141.72
20,3,22,322,2001,1072.09
20,3,22,322,2002,1016.35
20,3,22,322,2003,980.28
20,3,22,322,2004,945.91
20,3,22,322,2005,916.03
20,3,22,322,2006,885.73
20,3,22,322,2007,856.69
20,3,22,322,2008,827.54
20,3,22,322,2009,801.18
20,3,22,322,2010,767.13
20,3,22,322,2011,733.32
20,3,22,322,2012,698.93
20,3,22,322,2013,666.4
20,3,22,322,2014,634.61
20,3,22,322,2015,604.43
20,3,22,322,2016,574.83
20,3,27,322,1990,2237.84
20,3,27,322,1991,2133.13
20,3,27,322,1992,2021.07
20,3,27,322,1993,1911.25
20,3,27,322,1994,1800.89
20,3,27,322,1995,1693.6
20,3,27,322,1996,1588.69
20,3,27,322,1997,1489.55
20,3,27,322,1998,1398.33
20,3,27,322,1999,1328.05
20,3,27,322,2000,1267.63
20,3,27,322,2001,1212.25
20,3,27,322,2002,1162.82
20,3,27,322,2003,1127.14
20,3,27,322,2004,1088.18
20,3,27,322,2005,1051.28
20,3,27,322,2006,1012.11
20,3,27,322,2007,974.79
20,3,27,322,2008,937.84
20,3,27,322,2009,904.6
20,3,27,322,2010,864.05
20,3,27,322,2011,824.89
20,3,27,322,2012,786.49
20,3,27,322,2013,751.41
20,3,27,322,2014,717.91
20,3,27,322,2015,686.55
20,3,27,322,2016,654.82
22,1,22,322,1990,2017.98
22,1,22,322,1991,2002.7
22,1,22,322,1992,1965.16
22,1,22,322,1993,1988.33
22,1,22,322,1994,1989.88
22,1,22,322,1995,1993.39
22,1,22,322,1996,2009.49
22,1,22,322,1997,1998.16
22,1,22,322,1998,2006.16
22,1,22,322,1999,2091.73
22,1,22,322,2000,2068.32
22,1,22,322,2001,2035.86
22,1,22,322,2002,1978.59
22,1,22,322,2003,1984.05
22,1,22,322,2004,1981.9
22,1,22,322,2005,1966.42
22,1,22,322,2006,1939.27
22,1,22,322,2007,1924.82
22,1,22,322,2008,1873.44
22,1,22,322,2009,1833.84
22,1,22,322,2010,1784.64
22,1,22,322,2011,1733.3
22,1,22,322,2012,1680.23
22,1,22,322,2013,1669.36
22,1,22,322,2014,1661.48
22,1,22,322,2015,1657.13
22,1,22,322,2016,1657.28
22,1,27,322,1990,2387.57
22,1,27,322,1991,2388.49
22,1,27,322,1992,2371.66
22,1,27,322,1993,2408.66
22,1,27,322,1994,2426.23
22,1,27,322,1995,2442.66
22,1,27,322,1996,2473.45
22,1,27,322,1997,2483.54
22,1,27,322,1998,2500.41
22,1,27,322,1999,2600.8
22,1,27,322,2000,2588.07
22,1,27,322,2001,2552.57
22,1,27,322,2002,2485.12
22,1,27,322,2003,2483.97
22,1,27,322,2004,2479.72
22,1,27,322,2005,2462.71
22,1,27,322,2006,2446.47
22,1,27,322,2007,2442.68
22,1,27,322,2008,2399.23
22,1,27,322,2009,2366.22
22,1,27,322,2010,2310.67
22,1,27,322,2011,2256.34
22,1,27,322,2012,2198.32
22,1,27,322,2013,2191.19
22,1,27,322,2014,2184.67
22,1,27,322,2015,2184.36
22,1,27,322,2016,2186.72
22,2,22,322,1990,1450.76
22,2,22,322,1991,1439.25
22,2,22,322,1992,1415.57
22,2,22,322,1993,1428.06
22,2,22,322,1994,1425.97
22,2,22,322,1995,1427.39
22,2,22,322,1996,1440.73
22,2,22,322,1997,1441.29
22,2,22,322,1998,1476.74
22,2,22,322,1999,1530.1
22,2,22,322,2000,1512.87
22,2,22,322,2001,1488.69
22,2,22,322,2002,1459.29
22,2,22,322,2003,1482.55
22,2,22,322,2004,1499.68
22,2,22,322,2005,1503.62
22,2,22,322,2006,1499.54
22,2,22,322,2007,1515.89
22,2,22,322,2008,1499.46
22,2,22,322,2009,1485.21
22,2,22,322,2010,1450.2
22,2,22,322,2011,1410.85
22,2,22,322,2012,1353.04
22,2,22,322,2013,1339.2
22,2,22,322,2014,1330.39
22,2,22,322,2015,1322.96
22,2,22,322,2016,1314.72
22,2,27,322,1990,1760.04
22,2,27,322,1991,1760.75
22,2,27,322,1992,1746.03
22,2,27,322,1993,1759.91
22,2,27,322,1994,1760.74
22,2,27,322,1995,1764.8
22,2,27,322,1996,1784.93
22,2,27,322,1997,1797.23
22,2,27,322,1998,1829.34
22,2,27,322,1999,1895.92
22,2,27,322,2000,1881.48
22,2,27,322,2001,1855.37
22,2,27,322,2002,1821.83
22,2,27,322,2003,1844.31
22,2,27,322,2004,1862.56
22,2,27,322,2005,1868.64
22,2,27,322,2006,1871.84
22,2,27,322,2007,1897.8
22,2,27,322,2008,1887.41
22,2,27,322,2009,1879.88
22,2,27,322,2010,1845.91
22,2,27,322,2011,1806.37
22,2,27,322,2012,1747.1
22,2,27,322,2013,1737.97
22,2,27,322,2014,1733.88
22,2,27,322,2015,1732.71
22,2,27,322,2016,1728.63
22,3,22,322,1990,1738.79
22,3,22,322,1991,1725.44
22,3,22,322,1992,1694.76
22,3,22,322,1993,1712.69
22,3,22,322,1994,1712.44
22,3,22,322,1995,1714.89
22,3,22,322,1996,1729.58
22,3,22,322,1997,1724.02
22,3,22,322,1998,1745.47
22,3,22,322,1999,1815.16
22,3,22,322,2000,1794.85
22,3,22,322,2001,1766.59
22,3,22,322,2002,1723.22
22,3,22,322,2003,1737.67
22,3,22,322,2004,1745.2
22,3,22,322,2005,1739.42
22,3,22,322,2006,1723.72
22,3,22,322,2007,1724.46
22,3,22,322,2008,1690.23
22,3,22,322,2009,1663.04
22,3,22,322,2010,1620.76
22,3,22,322,2011,1575.24
22,3,22,322,2012,1519.74
22,3,22,322,2013,1507.28
22,3,22,322,2014,1498.79
22,3,22,322,2015,1492.79
22,3,22,322,2016,1488.67
22,3,27,322,1990,2077.01
22,3,27,322,1991,2077.58
22,3,27,322,1992,2061.3
22,3,27,322,1993,2086.19
22,3,27,322,1994,2094.68
22,3,27,322,1995,2104.12
22,3,27,322,1996,2128.92
22,3,27,322,1997,2139.21
22,3,27,322,1998,2162.32
22,3,27,322,1999,2245.5
22,3,27,322,2000,2230.99
22,3,27,322,2001,2200.4
22,3,27,322,2002,2150.32
22,3,27,322,2003,2161.57
22,3,27,322,2004,2168.8
22,3,27,322,2005,2163.4
22,3,27,322,2006,2156.62
22,3,27,322,2007,2167.31
22,3,27,322,2008,2139.62
22,3,27,322,2009,2118.82
22,3,27,322,2010,2074.03
22,3,27,322,2011,2026.86
22,3,27,322,2012,1968.24
22,3,27,322,2013,1959.95
22,3,27,322,2014,1954.69
22,3,27,322,2015,1953.94
22,3,27,322,2016,1953.21
23,1,22,322,1990,3804.87
23,1,22,322,1991,3692.23
23,1,22,322,1992,3597.89
23,1,22,322,1993,3485.01
23,1,22,322,1994,3345.06
23,1,22,322,1995,3252.53
23,1,22,322,1996,3197.35
23,1,22,322,1997,3164.23
23,1,22,322,1998,3120.41
23,1,22,322,1999,3381.2
23,1,22,322,2000,3357.96
23,1,22,322,2001,3298.65
23,1,22,322,2002,3203.94
23,1,22,322,2003,3072.32
23,1,22,322,2004,2916.07
23,1,22,322,2005,2846.94
23,1,22,322,2006,2793.34
23,1,22,322,2007,2922.72
23,1,22,322,2008,2831.19
23,1,22,322,2009,2762.63
23,1,22,322,2010,2711.42
23,1,22,322,2011,2632.81
23,1,22,322,2012,2501.55
23,1,22,322,2013,2367.4
23,1,22,322,2014,2253.8
23,1,22,322,2015,2160.21
23,1,22,322,2016,2076.52
23,1,27,322,1990,2881.06
23,1,27,322,1991,2844.88
23,1,27,322,1992,2837.42
23,1,27,322,1993,2819.13
23,1,27,322,1994,2773.31
23,1,27,322,1995,2756.51
23,1,27,322,1996,2753.61
23,1,27,322,1997,2761.23
23,1,27,322,1998,2763.97
23,1,27,322,1999,2927.59
23,1,27,322,2000,2935.16
23,1,27,322,2001,2911.53
23,1,27,322,2002,2875.29
23,1,27,322,2003,2815.91
23,1,27,322,2004,2741.38
23,1,27,322,2005,2710.13
23,1,27,322,2006,2695.43
23,1,27,322,2007,2784.72
23,1,27,322,2008,2738.88
23,1,27,322,2009,2704.25
23,1,27,322,2010,2684.8
23,1,27,322,2011,2639.08
23,1,27,322,2012,2561.36
23,1,27,322,2013,2455.21
23,1,27,322,2014,2374.38
23,1,27,322,2015,2311.86
23,1,27,322,2016,2253.15
23,2,22,322,1990,3694.91
23,2,22,322,1991,3559.75
23,2,22,322,1992,3419.71
23,2,22,322,1993,3281.8
23,2,22,322,1994,3119.25
23,2,22,322,1995,3005.05
23,2,22,322,1996,2923.17
23,2,22,322,1997,2864.61
23,2,22,322,1998,2792.38
23,2,22,322,1999,3029.9
23,2,22,322,2000,2987.9
23,2,22,322,2001,2935.46
23,2,22,322,2002,2847.75
23,2,22,322,2003,2717.38
23,2,22,322,2004,2574.72
23,2,22,322,2005,2511.59
23,2,22,322,2006,2458.86
23,2,22,322,2007,2587.36
23,2,22,322,2008,2522.13
23,2,22,322,2009,2453.71
23,2,22,322,2010,2405.07
23,2,22,322,2011,2326.06
23,2,22,322,2012,2191.21
23,2,22,322,2013,2063.49
23,2,22,322,2014,1950.05
23,2,22,322,2015,1846.02
23,2,22,322,2016,1760.69
23,2,27,322,1990,2746.21
23,2,27,322,1991,2690.12
23,2,27,322,1992,2627.07
23,2,27,322,1993,2583.28
23,2,27,322,1994,2511.11
23,2,27,322,1995,2474.53
23,2,27,322,1996,2442.82
23,2,27,322,1997,2425.68
23,2,27,322,1998,2397.62
23,2,27,322,1999,2558.78
23,2,27,322,2000,2545.97
23,2,27,322,2001,2527.67
23,2,27,322,2002,2491.36
23,2,27,322,2003,2426.85
23,2,27,322,2004,2356.68
23,2,27,322,2005,2328.97
23,2,27,322,2006,2314.28
23,2,27,322,2007,2409.8
23,2,27,322,2008,2373.63
23,2,27,322,2009,2335.59
23,2,27,322,2010,2313.29
23,2,27,322,2011,2261.91
23,2,27,322,2012,2176.3
23,2,27,322,2013,2081.4
23,2,27,322,2014,2001.75
23,2,27,322,2015,1927.07
23,2,27,322,2016,1862.7
23,3,22,322,1990,3749.37
23,3,22,322,1991,3625.33
23,3,22,322,1992,3507.94
23,3,22,322,1993,3382.51
23,3,22,322,1994,3231.24
23,3,22,322,1995,3127.8
23,3,22,322,1996,3059.12
23,3,22,322,1997,3013.08
23,3,22,322,1998,2954.79
23,3,22,322,1999,3203.66
23,3,22,322,2000,3170.8
23,3,22,322,2001,3115.02
23,3,22,322,2002,3023.81
23,3,22,322,2003,2892.71
23,3,22,322,2004,2743.23
23,3,22,322,2005,2677.06
23,3,22,322,2006,2623.73
23,3,22,322,2007,2752.62
23,3,22,322,2008,2674.45
23,3,22,322,2009,2605.99
23,3,22,322,2010,2556.09
23,3,22,322,2011,2477.4
23,3,22,322,2012,2344.35
23,3,22,322,2013,2213.45
23,3,22,322,2014,2099.9
23,3,22,322,2015,2001.03
23,3,22,322,2016,1916.44
23,3,27,322,1990,2808.67
23,3,27,322,1991,2761.95
23,3,27,322,1992,2724.97
23,3,27,322,1993,2693.91
23,3,27,322,1994,2634.59
23,3,27,322,1995,2607.72
23,3,27,322,1996,2588.9
23,3,27,322,1997,2582.71
23,3,27,322,1998,2568.36
23,3,27,322,1999,2729.95
23,3,27,322,2000,2725.95
23,3,27,322,2001,2704.86
23,3,27,322,2002,2668.14
23,3,27,322,2003,2605.78
23,3,27,322,2004,2533.71
23,3,27,322,2005,2504.53
23,3,27,322,2006,2489.66
23,3,27,322,2007,2581.81
23,3,27,322,2008,2540.32
23,3,27,322,2009,2503.95
23,3,27,322,2010,2482.71
23,3,27,322,2011,2434.4
23,3,27,322,2012,2353.04
23,3,27,322,2013,2253.61
23,3,27,322,2014,2174.11
23,3,27,322,2015,2106.34
23,3,27,322,2016,2045.45
24,1,22,322,1990,3780.5
24,1,22,322,1991,3668.64
24,1,22,322,1992,3553.22
24,1,22,322,1993,3416.61
24,1,22,322,1994,3303.3
24,1,22,322,1995,3260.23
24,1,22,322,1996,3307.07
24,1,22,322,1997,3387.98
24,1,22,322,1998,3421.11
24,1,22,322,1999,3440.17
24,1,22,322,2000,3442.35
24,1,22,322,2001,3341.59
24,1,22,322,2002,3223.16
24,1,22,322,2003,3137.42
24,1,22,322,2004,3033.03
24,1,22,322,2005,2918.07
24,1,22,322,2006,2774.43
24,1,22,322,2007,2641.39
24,1,22,322,2008,2518.56
24,1,22,322,2009,2401.88
24,1,22,322,2010,2288.86
24,1,22,322,2011,2177.36
24,1,22,322,2012,2068.67
24,1,22,322,2013,1970.09
24,1,22,322,2014,1890.58
24,1,22,322,2015,1798.44
24,1,22,322,2016,1692.04
24,1,27,322,1990,3165.42
24,1,27,322,1991,3100.98
24,1,27,322,1992,3030.85
24,1,27,322,1993,2927.6
24,1,27,322,1994,2822.37
24,1,27,322,1995,2770.01
24,1,27,322,1996,2759.17
24,1,27,322,1997,2792.63
24,1,27,322,1998,2802.84
24,1,27,322,1999,2812.47
24,1,27,322,2000,2820.91
24,1,27,322,2001,2778.09
24,1,27,322,2002,2728.21
24,1,27,322,2003,2694.71
24,1,27,322,2004,2647.34
24,1,27,322,2005,2589.06
24,1,27,322,2006,2519.22
24,1,27,322,2007,2439.38
24,1,27,322,2008,2367.03
24,1,27,322,2009,2295.17
24,1,27,322,2010,2224.81
24,1,27,322,2011,2150.54
24,1,27,322,2012,2077.65
24,1,27,322,2013,2010.91
24,1,27,322,2014,1955.7
24,1,27,322,2015,1891.1
24,1,27,322,2016,1818.46
24,2,22,322,1990,2646.26
24,2,22,322,1991,2536.28
24,2,22,322,1992,2432.66
24,2,22,322,1993,2333.33
24,2,22,322,1994,2266.43
24,2,22,322,1995,2240.75
24,2,22,322,1996,2291.87
24,2,22,322,1997,2347.95
24,2,22,322,1998,2388.92
24,2,22,322,1999,2411.87
24,2,22,322,2000,2422.93
24,2,22,322,2001,2357.16
24,2,22,322,2002,2290.1
24,2,22,322,2003,2244.62
24,2,22,322,2004,2174.53
24,2,22,322,2005,2093.5
24,2,22,322,2006,1973.94
24,2,22,322,2007,1870.67
24,2,22,322,2008,1772.94
24,2,22,322,2009,1681.32
24,2,22,322,2010,1591.58
24,2,22,322,2011,1507.12
24,2,22,322,2012,1424.3
24,2,22,322,2013,1349.79
24,2,22,322,2014,1287.11
24,2,22,322,2015,1220.16
24,2,22,322,2016,1136.56
24,2,27,322,1990,2141.76
24,2,27,322,1991,2085.63
24,2,27,322,1992,2020.85
24,2,27,322,1993,1959.43
24,2,27,322,1994,1907.89
24,2,27,322,1995,1879.28
24,2,27,322,1996,1893.65
24,2,27,322,1997,1914.85
24,2,27,322,1998,1934.67
24,2,27,322,1999,1948.64
24,2,27,322,2000,1959.92
24,2,27,322,2001,1935.59
24,2,27,322,2002,1910.71
24,2,27,322,2003,1896.38
24,2,27,322,2004,1865.3
24,2,27,322,2005,1826.81
24,2,27,322,2006,1763.35
24,2,27,322,2007,1698.21
24,2,27,322,2008,1637.13
24,2,27,322,2009,1577.78
24,2,27,322,2010,1519.45
24,2,27,322,2011,1461.04
24,2,27,322,2012,1403.83
24,2,27,322,2013,1352.17
24,2,27,322,2014,1306.69
24,2,27,322,2015,1257.76
24,2,27,322,2016,1198.77
24,3,22,322,1990,3225.47
24,3,22,322,1991,3114.23
24,3,22,322,1992,3004.3
24,3,22,322,1993,2885.71
24,3,22,322,1994,2794.94
24,3,22,322,1995,2760.2
24,3,22,322,1996,2809
24,3,22,322,1997,2877.58
24,3,22,322,1998,2914.39
24,3,22,322,1999,2935.21
24,3,22,322,2000,2941.64
24,3,22,322,2001,2857.99
24,3,22,322,2002,2764.75
24,3,22,322,2003,2698.77
24,3,22,322,2004,2611.23
24,3,22,322,2005,2512.93
24,3,22,322,2006,2381.12
24,3,22,322,2007,2262.7
24,3,22,322,2008,2152.18
24,3,22,322,2009,2047.8
24,3,22,322,2010,1946.21
24,3,22,322,2011,1847.99
24,3,22,322,2012,1752.01
24,3,22,322,2013,1665.26
24,3,22,322,2014,1594.03
24,3,22,322,2015,1514.26
24,3,22,322,2016,1419.08
24,3,27,322,1990,2649.84
24,3,27,322,1991,2589.83
24,3,27,322,1992,2522.12
24,3,27,322,1993,2439.84
24,3,27,322,1994,2361.41
24,3,27,322,1995,2320.76
24,3,27,322,1996,2322.86
24,3,27,322,1997,2350.3
24,3,27,322,1998,2365.31
24,3,27,322,1999,2377.17
24,3,27,322,2000,2386.98
24,3,27,322,2001,2353.74
24,3,27,322,2002,2316.43
24,3,27,322,2003,2292.55
24,3,27,322,2004,2253.31
24,3,27,322,2005,2204.96
24,3,27,322,2006,2138.23
24,3,27,322,2007,2065.52
24,3,27,322,2008,1998.54
24,3,27,322,2009,1932.69
24,3,27,322,2010,1868.1
24,3,27,322,2011,1801.56
24,3,27,322,2012,1736.31
24,3,27,322,2013,1676.96
24,3,27,322,2014,1626.41
24,3,27,322,2015,1569.44
24,3,27,322,2016,1503.48
25,1,22,322,1990,3846.8
25,1,22,322,1991,3646.49
25,1,22,322,1992,3454.25
25,1,22,322,1993,3247.2
25,1,22,322,1994,3078.75
25,1,22,322,1995,2894.52
25,1,22,322,1996,2696.35
25,1,22,322,1997,2532.5
25,1,22,322,1998,2361.23
25,1,22,322,1999,2221.36
25,1,22,322,2000,2065.01
25,1,22,322,2001,1930.25
25,1,22,322,2002,1803.09
25,1,22,322,2003,1697.19
25,1,22,322,2004,1647.92
25,1,22,322,2005,1622.97
25,1,22,322,2006,1597.25
25,1,22,322,2007,1577.62
25,1,22,322,2008,1558.17
25,1,22,322,2009,1533.47
25,1,22,322,2010,1510.49
25,1,22,322,2011,1494.27
25,1,22,322,2012,1468.33
25,1,22,322,2013,1451.54
25,1,22,322,2014,1442.24
25,1,22,322,2015,1451.18
25,1,22,322,2016,1417.14
25,1,27,322,1990,3299.65
25,1,27,322,1991,3219.04
25,1,27,322,1992,3139.72
25,1,27,322,1993,3039.95
25,1,27,322,1994,2959.35
25,1,27,322,1995,2864.18
25,1,27,322,1996,2752.54
25,1,27,322,1997,2658.67
25,1,27,322,1998,2550.76
25,1,27,322,1999,2460.7
25,1,27,322,2000,2355.89
25,1,27,322,2001,2265.48
25,1,27,322,2002,2183.84
25,1,27,322,2003,2113.53
25,1,27,322,2004,2086.04
25,1,27,322,2005,2071.8
25,1,27,322,2006,2057.46
25,1,27,322,2007,2047.36
25,1,27,322,2008,2033.62
25,1,27,322,2009,2009.65
25,1,27,322,2010,1991.58
25,1,27,322,2011,1964.4
25,1,27,322,2012,1917.27
25,1,27,322,2013,1890.07
25,1,27,322,2014,1874.19
25,1,27,322,2015,1890.69
25,1,27,322,2016,1839.89
25,2,22,322,1990,3123.87
25,2,22,322,1991,2961.72
25,2,22,322,1992,2797.34
25,2,22,322,1993,2626.21
25,2,22,322,1994,2491.22
25,2,22,322,1995,2337.68
25,2,22,322,1996,2179.39
25,2,22,322,1997,2034.06
25,2,22,322,1998,1887.76
25,2,22,322,1999,1776.08
25,2,22,322,2000,1645.41
25,2,22,322,2001,1543.82
25,2,22,322,2002,1451.32
25,2,22,322,2003,1375.28
25,2,22,322,2004,1341.83
25,2,22,322,2005,1343.89
25,2,22,322,2006,1319.32
25,2,22,322,2007,1283.96
25,2,22,322,2008,1255.35
25,2,22,322,2009,1242.51
25,2,22,322,2010,1221.9
25,2,22,322,2011,1197.69
25,2,22,322,2012,1183.98
25,2,22,322,2013,1168.61
25,2,22,322,2014,1177.87
25,2,22,322,2015,1161.7
25,2,22,322,2016,1127.65
25,2,27,322,1990,2760.65
25,2,27,322,1991,2694.14
25,2,27,322,1992,2618.51
25,2,27,322,1993,2533.54
25,2,27,322,1994,2468.17
25,2,27,322,1995,2386.08
25,2,27,322,1996,2291.72
25,2,27,322,1997,2199.44
25,2,27,322,1998,2103.56
25,2,27,322,1999,2026.57
25,2,27,322,2000,1932.08
25,2,27,322,2001,1860.13
25,2,27,322,2002,1799.57
25,2,27,322,2003,1742.42
25,2,27,322,2004,1715.36
25,2,27,322,2005,1727.62
25,2,27,322,2006,1703.46
25,2,27,322,2007,1658.95
25,2,27,322,2008,1622.56
25,2,27,322,2009,1608.4
25,2,27,322,2010,1586.55
25,2,27,322,2011,1547.26
25,2,27,322,2012,1522.58
25,2,27,322,2013,1499.17
25,2,27,322,2014,1508.9
25,2,27,322,2015,1484.7
25,2,27,322,2016,1432.6
25,3,22,322,1990,3493.17
25,3,22,322,1991,3311.44
25,3,22,322,1992,3132.94
25,3,22,322,1993,2943.58
25,3,22,322,1994,2791.49
25,3,22,322,1995,2622.14
25,3,22,322,1996,2443.39
25,3,22,322,1997,2288.14
25,3,22,322,1998,2128.5
25,3,22,322,1999,2001.95
25,3,22,322,2000,1857.93
25,3,22,322,2001,1739.35
25,3,22,322,2002,1629.37
25,3,22,322,2003,1538.4
25,3,22,322,2004,1497.14
25,3,22,322,2005,1485.66
25,3,22,322,2006,1460.63
25,3,22,322,2007,1433.4
25,3,22,322,2008,1409.59
25,3,22,322,2009,1390.84
25,3,22,322,2010,1369.14
25,3,22,322,2011,1349.16
25,3,22,322,2012,1329.32
25,3,22,322,2013,1313.31
25,3,22,322,2014,1313.16
25,3,22,322,2015,1309.92
25,3,22,322,2016,1275.94
25,3,27,322,1990,3035.41
25,3,27,322,1991,2961.89
25,3,27,322,1992,2884.66
25,3,27,322,1993,2792.45
25,3,27,322,1994,2719.48
25,3,27,322,1995,2630.53
25,3,27,322,1996,2526.45
25,3,27,322,1997,2432.04
25,3,27,322,1998,2328.67
25,3,27,322,1999,2243.95
25,3,27,322,2000,2143.54
25,3,27,322,2001,2062.16
25,3,27,322,2002,1991.27
25,3,27,322,2003,1927.62
25,3,27,322,2004,1900.29
25,3,27,322,2005,1900
25,3,27,322,2006,1880.64
25,3,27,322,2007,1852.96
25,3,27,322,2008,1827.62
25,3,27,322,2009,1808.91
25,3,27,322,2010,1789.09
25,3,27,322,2011,1755.78
25,3,27,322,2012,1720.05
25,3,27,322,2013,1694.5
25,3,27,322,2014,1691.8
25,3,27,322,2015,1687.39
25,3,27,322,2016,1636.27
26,1,22,322,1990,9857.2
26,1,22,322,1991,9623.96
26,1,22,322,1992,9433.64
26,1,22,322,1993,9134.54
26,1,22,322,1994,8842.75
26,1,22,322,1995,8634.03
26,1,22,322,1996,8301.28
26,1,22,322,1997,7948.46
26,1,22,322,1998,8147.29
26,1,22,322,1999,7293.78
26,1,22,322,2000,5930.47
26,1,22,322,2001,5819.72
26,1,22,322,2002,5866.05
26,1,22,322,2003,5522.31
26,1,22,322,2004,5504.6
26,1,22,322,2005,5858.84
26,1,22,322,2006,6030.39
26,1,22,322,2007,6428.92
26,1,22,322,2008,6453.14
26,1,22,322,2009,6244.69
26,1,22,322,2010,6121.48
26,1,22,322,2011,5930.26
26,1,22,322,2012,5686.11
26,1,22,322,2013,5447.28
26,1,22,322,2014,5206.37
26,1,22,322,2015,4894.02
26,1,22,322,2016,4793.24
26,1,27,322,1990,7441.97
26,1,27,322,1991,7285.97
26,1,27,322,1992,7142.03
26,1,27,322,1993,6909.04
26,1,27,322,1994,6675.39
26,1,27,322,1995,6502.86
26,1,27,322,1996,6267.66
26,1,27,322,1997,6042.8
26,1,27,322,1998,6146.21
26,1,27,322,1999,5685.52
26,1,27,322,2000,4962.58
26,1,27,322,2001,4919.99
26,1,27,322,2002,4975.07
26,1,27,322,2003,4808.42
26,1,27,322,2004,4828.17
26,1,27,322,2005,5061.95
26,1,27,322,2006,5191.41
26,1,27,322,2007,5448.79
26,1,27,322,2008,5486.9
26,1,27,322,2009,5383.81
26,1,27,322,2010,5324.08
26,1,27,322,2011,5212.64
26,1,27,322,2012,5062.23
26,1,27,322,2013,4905.28
26,1,27,322,2014,4740.92
26,1,27,322,2015,4519.23
26,1,27,322,2016,4426.72
26,2,22,322,1990,7834.59
26,2,22,322,1991,7643.07
26,2,22,322,1992,7477.02
26,2,22,322,1993,7213.44
26,2,22,322,1994,6958.61
26,2,22,322,1995,6784.9
26,2,22,322,1996,6503.14
26,2,22,322,1997,6192.2
26,2,22,322,1998,6371.52
26,2,22,322,1999,5666.45
26,2,22,322,2000,4682.95
26,2,22,322,2001,4577
26,2,22,322,2002,4546.37
26,2,22,322,2003,4282.76
26,2,22,322,2004,4262.71
26,2,22,322,2005,4543.86
26,2,22,322,2006,4716.64
26,2,22,322,2007,5007.77
26,2,22,322,2008,5027.84
26,2,22,322,2009,4834.25
26,2,22,322,2010,4729.41
26,2,22,322,2011,4557.07
26,2,22,322,2012,4337.88
26,2,22,322,2013,4117.23
26,2,22,322,2014,3909.63
26,2,22,322,2015,3636.69
26,2,22,322,2016,3557.45
26,2,27,322,1990,5825.9
26,2,27,322,1991,5710.79
26,2,27,322,1992,5597.95
26,2,27,322,1993,5409.7
26,2,27,322,1994,5221.7
26,2,27,322,1995,5086.76
26,2,27,322,1996,4889.74
26,2,27,322,1997,4689.64
26,2,27,322,1998,4783.88
26,2,27,322,1999,4394.53
26,2,27,322,2000,3855.79
26,2,27,322,2001,3811.12
26,2,27,322,2002,3815.92
26,2,27,322,2003,3680.43
26,2,27,322,2004,3687.88
26,2,27,322,2005,3875.52
26,2,27,322,2006,4000.45
26,2,27,322,2007,4195.21
26,2,27,322,2008,4225.64
26,2,27,322,2009,4119.79
26,2,27,322,2010,4063.55
26,2,27,322,2011,3958.45
26,2,27,322,2012,3818.34
26,2,27,322,2013,3671.65
26,2,27,322,2014,3529.28
26,2,27,322,2015,3335.88
26,2,27,322,2016,3265.99
26,3,22,322,1990,8869.05
26,3,22,322,1991,8655.52
26,3,22,322,1992,8476.51
26,3,22,322,1993,8194.32
26,3,22,322,1994,7920.22
26,3,22,322,1995,7728.29
26,3,22,322,1996,7420.29
26,3,22,322,1997,7087.79
26,3,22,322,1998,7276.86
26,3,22,322,1999,6495.96
26,3,22,322,2000,5318.77
26,3,22,322,2001,5210.32
26,3,22,322,2002,5218.89
26,3,22,322,2003,4914.45
26,3,22,322,2004,4895.62
26,3,22,322,2005,5214.03
26,3,22,322,2006,5386.24
26,3,22,322,2007,5732.14
26,3,22,322,2008,5754.35
26,3,22,322,2009,5553.21
26,3,22,322,2010,5439.03
26,3,22,322,2011,5257.11
26,3,22,322,2012,5025.23
26,3,22,322,2013,4795.35
26,3,22,322,2014,4570.79
26,3,22,322,2015,4277.8
26,3,22,322,2016,4187.6
26,3,27,322,1990,6634.61
26,3,27,322,1991,6498.87
26,3,27,322,1992,6370.29
26,3,27,322,1993,6159.26
26,3,27,322,1994,5948.07
26,3,27,322,1995,5793.95
26,3,27,322,1996,5577.46
26,3,27,322,1997,5364.51
26,3,27,322,1998,5463.05
26,3,27,322,1999,5037.25
26,3,27,322,2000,4403.51
26,3,27,322,2001,4360.23
26,3,27,322,2002,4391.03
26,3,27,322,2003,4239.38
26,3,27,322,2004,4252.92
26,3,27,322,2005,4464.17
26,3,27,322,2006,4591.34
26,3,27,322,2007,4818.41
26,3,27,322,2008,4852.6
26,3,27,322,2009,4747.68
26,3,27,322,2010,4689.21
26,3,27,322,2011,4580.58
26,3,27,322,2012,4434.91
26,3,27,322,2013,4282.94
26,3,27,322,2014,4129.31
26,3,27,322,2015,3921.71
26,3,27,322,2016,3840.97
27,1,22,322,1990,1787.19
27,1,22,322,1991,1721.29
27,1,22,322,1992,1671.01
27,1,22,322,1993,1615.84
27,1,22,322,1994,1576.41
27,1,22,322,1995,1523.42
27,1,22,322,1996,1481.58
27,1,22,322,1997,1436.2
27,1,22,322,1998,1379.73
27,1,22,322,1999,1417.63
27,1,22,322,2000,1385.14
27,1,22,322,2001,1343.49
27,1,22,322,2002,1309.6
27,1,22,322,2003,1274.87
27,1,22,322,2004,1272.9
27,1,22,322,2005,1263.32
27,1,22,322,2006,1241.72
27,1,22,322,2007,1230.37
27,1,22,322,2008,1186.81
27,1,22,322,2009,1171.92
27,1,22,322,2010,1170.17
27,1,22,322,2011,1146.2
27,1,22,322,2012,1126.56
27,1,22,322,2013,1104.43
27,1,22,322,2014,1075.32
27,1,22,322,2015,1045.35
27,1,22,322,2016,1015.9
27,1,27,322,1990,2051.76
27,1,27,322,1991,1998
27,1,27,322,1992,1953.87
27,1,27,322,1993,1904.69
27,1,27,322,1994,1865.5
27,1,27,322,1995,1818.46
27,1,27,322,1996,1770.52
27,1,27,322,1997,1723.55
27,1,27,322,1998,1672.1
27,1,27,322,1999,1678.2
27,1,27,322,2000,1644.68
27,1,27,322,2001,1605.61
27,1,27,322,2002,1571.51
27,1,27,322,2003,1537.68
27,1,27,322,2004,1523.37
27,1,27,322,2005,1505.43
27,1,27,322,2006,1482.06
27,1,27,322,2007,1467.05
27,1,27,322,2008,1432.07
27,1,27,322,2009,1417.12
27,1,27,322,2010,1410.91
27,1,27,322,2011,1388.89
27,1,27,322,2012,1371.44
27,1,27,322,2013,1354.33
27,1,27,322,2014,1333.54
27,1,27,322,2015,1311.36
27,1,27,322,2016,1283.26
27,2,22,322,1990,1302.91
27,2,22,322,1991,1257.12
27,2,22,322,1992,1222
27,2,22,322,1993,1185.7
27,2,22,322,1994,1162.36
27,2,22,322,1995,1128.49
27,2,22,322,1996,1101.16
27,2,22,322,1997,1071.23
27,2,22,322,1998,1036.03
27,2,22,322,1999,1065.94
27,2,22,322,2000,1045.92
27,2,22,322,2001,1023.73
27,2,22,322,2002,1008.81
27,2,22,322,2003,995.85
27,2,22,322,2004,1000.4
27,2,22,322,2005,999.82
27,2,22,322,2006,986.2
27,2,22,322,2007,982.32
27,2,22,322,2008,956.6
27,2,22,322,2009,949.94
27,2,22,322,2010,953.15
27,2,22,322,2011,942.33
27,2,22,322,2012,929.3
27,2,22,322,2013,914.15
27,2,22,322,2014,893.36
27,2,22,322,2015,872.65
27,2,22,322,2016,848.68
27,2,27,322,1990,1542.84
27,2,27,322,1991,1505.46
27,2,27,322,1992,1473.52
27,2,27,322,1993,1440.18
27,2,27,322,1994,1414.94
27,2,27,322,1995,1384.34
27,2,27,322,1996,1351.39
27,2,27,322,1997,1321.32
27,2,27,322,1998,1289.76
27,2,27,322,1999,1298.97
27,2,27,322,2000,1279.93
27,2,27,322,2001,1257.54
27,2,27,322,2002,1239.16
27,2,27,322,2003,1221.49
27,2,27,322,2004,1214.14
27,2,27,322,2005,1204.4
27,2,27,322,2006,1187.95
27,2,27,322,2007,1179.97
27,2,27,322,2008,1158.32
27,2,27,322,2009,1150.44
27,2,27,322,2010,1147.84
27,2,27,322,2011,1134.81
27,2,27,322,2012,1115.66
27,2,27,322,2013,1096.44
27,2,27,322,2014,1073.62
27,2,27,322,2015,1050.55
27,2,27,322,2016,1020.13
27,3,22,322,1990,1554.84
27,3,22,322,1991,1498.53
27,3,22,322,1992,1455.45
27,3,22,322,1993,1409.29
27,3,22,322,1994,1377.53
27,3,22,322,1995,1333.69
27,3,22,322,1996,1298.99
27,3,22,322,1997,1261.11
27,3,22,322,1998,1214.85
27,3,22,322,1999,1248.88
27,3,22,322,2000,1222.33
27,3,22,322,2001,1189.94
27,3,22,322,2002,1165.05
27,3,22,322,2003,1140.63
27,3,22,322,2004,1141.64
27,3,22,322,2005,1136.26
27,3,22,322,2006,1118.45
27,3,22,322,2007,1110.59
27,3,22,322,2008,1075.52
27,3,22,322,2009,1064.51
27,3,22,322,2010,1065.09
27,3,22,322,2011,1047.41
27,3,22,322,2012,1030.95
27,3,22,322,2013,1012.23
27,3,22,322,2014,987.18
27,3,22,322,2015,961.72
27,3,22,322,2016,934.94
27,3,27,322,1990,1798.96
27,3,27,322,1991,1753.32
27,3,27,322,1992,1715.5
27,3,27,322,1993,1674.63
27,3,27,322,1994,1642.83
27,3,27,322,1995,1604.21
27,3,27,322,1996,1564.02
27,3,27,322,1997,1525.73
27,3,27,322,1998,1484.42
27,3,27,322,1999,1492.64
27,3,27,322,2000,1466.68
27,3,27,322,2001,1435.56
27,3,27,322,2002,1408.97
27,3,27,322,2003,1382.72
27,3,27,322,2004,1371.7
27,3,27,322,2005,1357.69
27,3,27,322,2006,1337.49
27,3,27,322,2007,1325.73
27,3,27,322,2008,1297.21
27,3,27,322,2009,1285.97
27,3,27,322,2010,1281.78
27,3,27,322,2011,1264.26
27,3,27,322,2012,1245.81
27,3,27,322,2013,1227.42
27,3,27,322,2014,1205.25
27,3,27,322,2015,1182.15
27,3,27,322,2016,1152.29
28,1,22,322,1990,2634.49
28,1,22,322,1991,2581.05
28,1,22,322,1992,2522.03
28,1,22,322,1993,2469.27
28,1,22,322,1994,2421.71
28,1,22,322,1995,2366.55
28,1,22,322,1996,2336.84
28,1,22,322,1997,2340.08
28,1,22,322,1998,2447.92
28,1,22,322,1999,2471.03
28,1,22,322,2000,2426.41
28,1,22,322,2001,2425.13
28,1,22,322,2002,2419.58
28,1,22,322,2003,2356.37
28,1,22,322,2004,2275.27
28,1,22,322,2005,2263.49
28,1,22,322,2006,2248.27
28,1,22,322,2007,2349.3
28,1,22,322,2008,2614.12
28,1,22,322,2009,2587.84
28,1,22,322,2010,2566.83
28,1,22,322,2011,2456.26
28,1,22,322,2012,2321.95
28,1,22,322,2013,2270.91
28,1,22,322,2014,2176.44
28,1,22,322,2015,2111.86
28,1,22,322,2016,2019.57
28,1,27,322,1990,2865.89
28,1,27,322,1991,2826.75
28,1,27,322,1992,2780.05
28,1,27,322,1993,2733.31
28,1,27,322,1994,2687.69
28,1,27,322,1995,2627.92
28,1,27,322,1996,2595.03
28,1,27,322,1997,2603.87
28,1,27,322,1998,2652.83
28,1,27,322,1999,2664.14
28,1,27,322,2000,2606.5
28,1,27,322,2001,2601.19
28,1,27,322,2002,2598.18
28,1,27,322,2003,2564.19
28,1,27,322,2004,2517.91
28,1,27,322,2005,2511.83
28,1,27,322,2006,2507.37
28,1,27,322,2007,2571.08
28,1,27,322,2008,2718.12
28,1,27,322,2009,2705.77
28,1,27,322,2010,2689.71
28,1,27,322,2011,2620.22
28,1,27,322,2012,2537.88
28,1,27,322,2013,2507.27
28,1,27,322,2014,2450.12
28,1,27,322,2015,2389.19
28,1,27,322,2016,2310.02
28,2,22,322,1990,2279.61
28,2,22,322,1991,2236.65
28,2,22,322,1992,2185.63
28,2,22,322,1993,2144.75
28,2,22,322,1994,2105.52
28,2,22,322,1995,2061.47
28,2,22,322,1996,2047.82
28,2,22,322,1997,2061.6
28,2,22,322,1998,2184.2
28,2,22,322,1999,2216.08
28,2,22,322,2000,2192.18
28,2,22,322,2001,2195.05
28,2,22,322,2002,2192.9
28,2,22,322,2003,2121.12
28,2,22,322,2004,2035.8
28,2,22,322,2005,2024.26
28,2,22,322,2006,2003.71
28,2,22,322,2007,2068.55
28,2,22,322,2008,2281.97
28,2,22,322,2009,2278.85
28,2,22,322,2010,2262.42
28,2,22,322,2011,2161.56
28,2,22,322,2012,2032.18
28,2,22,322,2013,1986.27
28,2,22,322,2014,1896.58
28,2,22,322,2015,1847.53
28,2,22,322,2016,1762.82
28,2,27,322,1990,2549.31
28,2,27,322,1991,2514.32
28,2,27,322,1992,2469.97
28,2,27,322,1993,2429.57
28,2,27,322,1994,2389.99
28,2,27,322,1995,2338.87
28,2,27,322,1996,2317.87
28,2,27,322,1997,2333.04
28,2,27,322,1998,2392.5
28,2,27,322,1999,2409.66
28,2,27,322,2000,2366.65
28,2,27,322,2001,2370.65
28,2,27,322,2002,2376.35
28,2,27,322,2003,2341.99
28,2,27,322,2004,2296.09
28,2,27,322,2005,2292.6
28,2,27,322,2006,2287.48
28,2,27,322,2007,2333.16
28,2,27,322,2008,2454
28,2,27,322,2009,2453.16
28,2,27,322,2010,2439.29
28,2,27,322,2011,2372.36
28,2,27,322,2012,2286.85
28,2,27,322,2013,2253.47
28,2,27,322,2014,2192.52
28,2,27,322,2015,2142.48
28,2,27,322,2016,2066.03
28,3,22,322,1990,2461.85
28,3,22,322,1991,2413.45
28,3,22,322,1992,2358.29
28,3,22,322,1993,2311.3
28,3,22,322,1994,2267.8
28,3,22,322,1995,2218.07
28,3,22,322,1996,2196.21
28,3,22,322,1997,2204.62
28,3,22,322,1998,2319.66
28,3,22,322,1999,2347.04
28,3,22,322,2000,2312.46
28,3,22,322,2001,2313.09
28,3,22,322,2002,2309.05
28,3,22,322,2003,2241.5
28,3,22,322,2004,2158.16
28,3,22,322,2005,2146.33
28,3,22,322,2006,2128.33
28,3,22,322,2007,2211.43
28,3,22,322,2008,2450.8
28,3,22,322,2009,2435.75
28,3,22,322,2010,2416.89
28,3,22,322,2011,2311.05
28,3,22,322,2012,2179.18
28,3,22,322,2013,2130.72
28,3,22,322,2014,2038.65
28,3,22,322,2015,1981.75
28,3,22,322,2016,1893.21
28,3,27,322,1990,2706.17
28,3,27,322,1991,2668.92
28,3,27,322,1992,2623.42
28,3,27,322,1993,2579.98
28,3,27,322,1994,2537.8
28,3,27,322,1995,2482.91
28,3,27,322,1996,2456.48
28,3,27,322,1997,2469.13
28,3,27,322,1998,2523.91
28,3,27,322,1999,2538.56
28,3,27,322,2000,2488.32
28,3,27,322,2001,2487.57
28,3,27,322,2002,2488.67
28,3,27,322,2003,2454.25
28,3,27,322,2004,2407.94
28,3,27,322,2005,2403.01
28,3,27,322,2006,2398.44
28,3,27,322,2007,2453.49
28,3,27,322,2008,2587.75
28,3,27,322,2009,2580.74
28,3,27,322,2010,2565.44
28,3,27,322,2011,2496.86
28,3,27,322,2012,2412.68
28,3,27,322,2013,2380.58
28,3,27,322,2014,2321.53
28,3,27,322,2015,2266.05
28,3,27,322,2016,2188.2
29,1,22,322,1990,1840.01
29,1,22,322,1991,1860.94
29,1,22,322,1992,1851.31
29,1,22,322,1993,1856.64
29,1,22,322,1994,1856.31
29,1,22,322,1995,1836.93
29,1,22,322,1996,1834.75
29,1,22,322,1997,1805.4
29,1,22,322,1998,1735.15
29,1,22,322,1999,1777.27
29,1,22,322,2000,1754.26
29,1,22,322,2001,1746.31
29,1,22,322,2002,1746.62
29,1,22,322,2003,1735.06
29,1,22,322,2004,1728.77
29,1,22,322,2005,1656.58
29,1,22,322,2006,1632.19
29,1,22,322,2007,1616
29,1,22,322,2008,1588.61
29,1,22,322,2009,1553.79
29,1,22,322,2010,1536.29
29,1,22,322,2011,1488.02
29,1,22,322,2012,1444.28
29,1,22,322,2013,1401.95
29,1,22,322,2014,1360.95
29,1,22,322,2015,1321.86
29,1,22,322,2016,1291.27
29,1,27,322,1990,1921.56
29,1,27,322,1991,1932.86
29,1,27,322,1992,1922.65
29,1,27,322,1993,1919.28
29,1,27,322,1994,1913.07
29,1,27,322,1995,1896.79
29,1,27,322,1996,1895.09
29,1,27,322,1997,1875.24
29,1,27,322,1998,1822.46
29,1,27,322,1999,1865.83
29,1,27,322,2000,1852.84
29,1,27,322,2001,1838.25
29,1,27,322,2002,1823.82
29,1,27,322,2003,1803.82
29,1,27,322,2004,1794.47
29,1,27,322,2005,1737.12
29,1,27,322,2006,1711.5
29,1,27,322,2007,1700.81
29,1,27,322,2008,1684.71
29,1,27,322,2009,1665.58
29,1,27,322,2010,1660.22
29,1,27,322,2011,1635.76
29,1,27,322,2012,1611.62
29,1,27,322,2013,1590.37
29,1,27,322,2014,1569.51
29,1,27,322,2015,1547.7
29,1,27,322,2016,1525.69
29,2,22,322,1990,1225.92
29,2,22,322,1991,1266.76
29,2,22,322,1992,1268.16
29,2,22,322,1993,1277.22
29,2,22,322,1994,1281.34
29,2,22,322,1995,1268.68
29,2,22,322,1996,1270.54
29,2,22,322,1997,1249.26
29,2,22,322,1998,1194.28
29,2,22,322,1999,1247.1
29,2,22,322,2000,1235.93
29,2,22,322,2001,1218.69
29,2,22,322,2002,1210.97
29,2,22,322,2003,1195.11
29,2,22,322,2004,1182.26
29,2,22,322,2005,1144.43
29,2,22,322,2006,1125.89
29,2,22,322,2007,1112.4
29,2,22,322,2008,1085.9
29,2,22,322,2009,1063.32
29,2,22,322,2010,1059.99
29,2,22,322,2011,1030.53
29,2,22,322,2012,1003.01
29,2,22,322,2013,974.84
29,2,22,322,2014,948.15
29,2,22,322,2015,923.65
29,2,22,322,2016,901.9
29,2,27,322,1990,1302.87
29,2,27,322,1991,1336.42
29,2,27,322,1992,1333.65
29,2,27,322,1993,1334.01
29,2,27,322,1994,1330.48
29,2,27,322,1995,1315.21
29,2,27,322,1996,1310.47
29,2,27,322,1997,1288.64
29,2,27,322,1998,1244.72
29,2,27,322,1999,1285.72
29,2,27,322,2000,1276.01
29,2,27,322,2001,1251.39
29,2,27,322,2002,1231.28
29,2,27,322,2003,1205.62
29,2,27,322,2004,1184.49
29,2,27,322,2005,1152.21
29,2,27,322,2006,1131.16
29,2,27,322,2007,1118.17
29,2,27,322,2008,1095.61
29,2,27,322,2009,1078.5
29,2,27,322,2010,1077.41
29,2,27,322,2011,1057.04
29,2,27,322,2012,1038.17
29,2,27,322,2013,1020.62
29,2,27,322,2014,1003.62
29,2,27,322,2015,986.67
29,2,27,322,2016,969.96
29,3,22,322,1990,1536.72
29,3,22,322,1991,1567.54
29,3,22,322,1992,1563.35
29,3,22,322,1993,1570.5
29,3,22,322,1994,1572.38
29,3,22,322,1995,1556.44
29,3,22,322,1996,1556.64
29,3,22,322,1997,1531.63
29,3,22,322,1998,1469.16
29,3,22,322,1999,1516.64
29,3,22,322,2000,1499.32
29,3,22,322,2001,1486.13
29,3,22,322,2002,1481.63
29,3,22,322,2003,1466.99
29,3,22,322,2004,1456.59
29,3,22,322,2005,1400.9
29,3,22,322,2006,1379.12
29,3,22,322,2007,1364.16
29,3,22,322,2008,1337.23
29,3,22,322,2009,1308.6
29,3,22,322,2010,1298.28
29,3,22,322,2011,1259.57
29,3,22,322,2012,1224.04
29,3,22,322,2013,1188.85
29,3,22,322,2014,1155.05
29,3,22,322,2015,1123.29
29,3,22,322,2016,1097.15
29,3,27,322,1990,1605.99
29,3,27,322,1991,1629.02
29,3,27,322,1992,1622.53
29,3,27,322,1993,1621.01
29,3,27,322,1994,1616.16
29,3,27,322,1995,1600.37
29,3,27,322,1996,1597.15
29,3,27,322,1997,1576.18
29,3,27,322,1998,1527.66
29,3,27,322,1999,1570.01
29,3,27,322,2000,1558.41
29,3,27,322,2001,1538.06
29,3,27,322,2002,1519.92
29,3,27,322,2003,1495.94
29,3,27,322,2004,1479.58
29,3,27,322,2005,1434.32
29,3,27,322,2006,1410.76
29,3,27,322,2007,1398.66
29,3,27,322,2008,1378.83
29,3,27,322,2009,1360.59
29,3,27,322,2010,1357.58
29,3,27,322,2011,1334.68
29,3,27,322,2012,1312.91
29,3,27,322,2013,1293.12
29,3,27,322,2014,1273.77
29,3,27,322,2015,1253.94
29,3,27,322,2016,1234.42
30,1,22,322,1990,2931.68
30,1,22,322,1991,2904.37
30,1,22,322,1992,3092.11
30,1,22,322,1993,3274.77
30,1,22,322,1994,3326.07
30,1,22,322,1995,3301.21
30,1,22,322,1996,3284.38
30,1,22,322,1997,3231.64
30,1,22,322,1998,3355.33
30,1,22,322,1999,3741.3
30,1,22,322,2000,3798.97
30,1,22,322,2001,3797.26
30,1,22,322,2002,3779.09
30,1,22,322,2003,3656.04
30,1,22,322,2004,3475.98
30,1,22,322,2005,3472.62
30,1,22,322,2006,3412.72
30,1,22,322,2007,3647.85
30,1,22,322,2008,3589.05
30,1,22,322,2009,3496.52
30,1,22,322,2010,3417.77
30,1,22,322,2011,3239.69
30,1,22,322,2012,3050.39
30,1,22,322,2013,2938.25
30,1,22,322,2014,2882.28
30,1,22,322,2015,2776.16
30,1,22,322,2016,2766.12
30,1,27,322,1990,2785.16
30,1,27,322,1991,2774.18
30,1,27,322,1992,2864.21
30,1,27,322,1993,2950.15
30,1,27,322,1994,2970.77
30,1,27,322,1995,2953.68
30,1,27,322,1996,2940.54
30,1,27,322,1997,2913.23
30,1,27,322,1998,2979.13
30,1,27,322,1999,3178.49
30,1,27,322,2000,3212.55
30,1,27,322,2001,3218.8
30,1,27,322,2002,3221.27
30,1,27,322,2003,3166.16
30,1,27,322,2004,3078
30,1,27,322,2005,3082.13
30,1,27,322,2006,3046.22
30,1,27,322,2007,3169.46
30,1,27,322,2008,3127.78
30,1,27,322,2009,3067.18
30,1,27,322,2010,3015.22
30,1,27,322,2011,2911.4
30,1,27,322,2012,2807.5
30,1,27,322,2013,2750.51
30,1,27,322,2014,2726.44
30,1,27,322,2015,2672.35
30,1,27,322,2016,2667.32
30,2,22,322,1990,2439.97
30,2,22,322,1991,2395.49
30,2,22,322,1992,2483.54
30,2,22,322,1993,2600.63
30,2,22,322,1994,2654.2
30,2,22,322,1995,2640.13
30,2,22,322,1996,2627.45
30,2,22,322,1997,2575.66
30,2,22,322,1998,2706.71
30,2,22,322,1999,3114.49
30,2,22,322,2000,3190.49
30,2,22,322,2001,3200.58
30,2,22,322,2002,3180.89
30,2,22,322,2003,3052.59
30,2,22,322,2004,2876.97
30,2,22,322,2005,2871.76
30,2,22,322,2006,2804.71
30,2,22,322,2007,3043.49
30,2,22,322,2008,2978.19
30,2,22,322,2009,2881.16
30,2,22,322,2010,2800.31
30,2,22,322,2011,2644.1
30,2,22,322,2012,2457
30,2,22,322,2013,2360.86
30,2,22,322,2014,2316.53
30,2,22,322,2015,2224.37
30,2,22,322,2016,2222.68
30,2,27,322,1990,2386.85
30,2,27,322,1991,2368.17
30,2,27,322,1992,2409.78
30,2,27,322,1993,2465.53
30,2,27,322,1994,2488.15
30,2,27,322,1995,2477.32
30,2,27,322,1996,2467.9
30,2,27,322,1997,2437.56
30,2,27,322,1998,2503.57
30,2,27,322,1999,2712.95
30,2,27,322,2000,2751.41
30,2,27,322,2001,2758.08
30,2,27,322,2002,2754.87
30,2,27,322,2003,2689.79
30,2,27,322,2004,2596.1
30,2,27,322,2005,2595.68
30,2,27,322,2006,2553.97
30,2,27,322,2007,2681.81
30,2,27,322,2008,2632.54
30,2,27,322,2009,2564.02
30,2,27,322,2010,2505.03
30,2,27,322,2011,2409.19
30,2,27,322,2012,2298.59
30,2,27,322,2013,2241.21
30,2,27,322,2014,2216.31
30,2,27,322,2015,2161.59
30,2,27,322,2016,2155.66
30,3,22,322,1990,2692.66
30,3,22,322,1991,2656.8
30,3,22,322,1992,2795.86
30,3,22,322,1993,2946.48
30,3,22,322,1994,2998.77
30,3,22,322,1995,2979.08
30,3,22,322,1996,2964.15
30,3,22,322,1997,2911.72
30,3,22,322,1998,3038.82
30,3,22,322,1999,3435.27
30,3,22,322,2000,3501.75
30,3,22,322,2001,3505.66
30,3,22,322,2002,3486.63
30,3,22,322,2003,3360.88
30,3,22,322,2004,3182.81
30,3,22,322,2005,3178.31
30,3,22,322,2006,3114.51
30,3,22,322,2007,3351.02
30,3,22,322,2008,3288.65
30,3,22,322,2009,3193.58
30,3,22,322,2010,3113.54
30,3,22,322,2011,2945.84
30,3,22,322,2012,2757.48
30,3,22,322,2013,2653.25
30,3,22,322,2014,2603.07
30,3,22,322,2015,2503.82
30,3,22,322,2016,2497.78
30,3,27,322,1990,2592.32
30,3,27,322,1991,2577.57
30,3,27,322,1992,2644.24
30,3,27,322,1993,2715.63
30,3,27,322,1994,2737.27
30,3,27,322,1995,2723.11
30,3,27,322,1996,2711.44
30,3,27,322,1997,2682.46
30,3,27,322,1998,2748.2
30,3,27,322,1999,2952.24
30,3,27,322,2000,2988.4
30,3,27,322,2001,2994.51
30,3,27,322,2002,2993.9
30,3,27,322,2003,2933.63
30,3,27,322,2004,2842.42
30,3,27,322,2005,2843.9
30,3,27,322,2006,2804.58
30,3,27,322,2007,2929.35
30,3,27,322,2008,2883.31
30,3,27,322,2009,2818.34
30,3,27,322,2010,2762.72
30,3,27,322,2011,2662.63
30,3,27,322,2012,2555.52
30,3,27,322,2013,2498.33
30,3,27,322,2014,2473.77
30,3,27,322,2015,2418.96
30,3,27,322,2016,2412.91
33,1,22,322,1990,3012.62
33,1,22,322,1991,2817.93
33,1,22,322,1992,2749.89
33,1,22,322,1993,2618.73
33,1,22,322,1994,2372.52
33,1,22,322,1995,2101.47
33,1,22,322,1996,1834.78
33,1,22,322,1997,1558.51
33,1,22,322,1998,1326.56
33,1,22,322,1999,1218.84
33,1,22,322,2000,1095.22
33,1,22,322,2001,1043.29
33,1,22,322,2002,987.3
33,1,22,322,2003,966.27
33,1,22,322,2004,946.19
33,1,22,322,2005,919.45
33,1,22,322,2006,871.68
33,1,22,322,2007,841.14
33,1,22,322,2008,812.86
33,1,22,322,2009,815.1
33,1,22,322,2010,805.49
33,1,22,322,2011,802.81
33,1,22,322,2012,787.57
33,1,22,322,2013,765.76
33,1,22,322,2014,752.13
33,1,22,322,2015,739.65
33,1,22,322,2016,698.44
33,1,27,322,1990,2459.37
33,1,27,322,1991,2394.03
33,1,27,322,1992,2465.17
33,1,27,322,1993,2489.84
33,1,27,322,1994,2394.54
33,1,27,322,1995,2222.63
33,1,27,322,1996,2024.84
33,1,27,322,1997,1792.53
33,1,27,322,1998,1578.75
33,1,27,322,1999,1490.88
33,1,27,322,2000,1361.64
33,1,27,322,2001,1309.84
33,1,27,322,2002,1242.52
33,1,27,322,2003,1212.42
33,1,27,322,2004,1177.24
33,1,27,322,2005,1132.05
33,1,27,322,2006,1056.82
33,1,27,322,2007,1010.99
33,1,27,322,2008,967.12
33,1,27,322,2009,965.09
33,1,27,322,2010,947.68
33,1,27,322,2011,926.94
33,1,27,322,2012,883.31
33,1,27,322,2013,832.68
33,1,27,322,2014,796.88
33,1,27,322,2015,771.94
33,1,27,322,2016,727.45
33,2,22,322,1990,2514.37
33,2,22,322,1991,2317.48
33,2,22,322,1992,2190.47
33,2,22,322,1993,2024.95
33,2,22,322,1994,1812.22
33,2,22,322,1995,1495.89
33,2,22,322,1996,1283
33,2,22,322,1997,1076.43
33,2,22,322,1998,937.32
33,2,22,322,1999,841.53
33,2,22,322,2000,766.5
33,2,22,322,2001,711.57
33,2,22,322,2002,679.24
33,2,22,322,2003,653.69
33,2,22,322,2004,644.4
33,2,22,322,2005,628.86
33,2,22,322,2006,597.45
33,2,22,322,2007,593.98
33,2,22,322,2008,592.46
33,2,22,322,2009,587.73
33,2,22,322,2010,588.98
33,2,22,322,2011,568.03
33,2,22,322,2012,552.79
33,2,22,322,2013,511.41
33,2,22,322,2014,481.44
33,2,22,322,2015,462.96
33,2,22,322,2016,433.53
33,2,27,322,1990,2236.18
33,2,27,322,1991,2174.55
33,2,27,322,1992,2196.82
33,2,27,322,1993,2186.84
33,2,27,322,1994,2113.14
33,2,27,322,1995,1903.87
33,2,27,322,1996,1766.53
33,2,27,322,1997,1560.86
33,2,27,322,1998,1418.68
33,2,27,322,1999,1311.72
33,2,27,322,2000,1221.48
33,2,27,322,2001,1137.67
33,2,27,322,2002,1074.44
33,2,27,322,2003,1007.72
33,2,27,322,2004,963.7
33,2,27,322,2005,901.29
33,2,27,322,2006,814.09
33,2,27,322,2007,781.41
33,2,27,322,2008,750.84
33,2,27,322,2009,730.14
33,2,27,322,2010,723.23
33,2,27,322,2011,693.9
33,2,27,322,2012,676.03
33,2,27,322,2013,626.02
33,2,27,322,2014,591.56
33,2,27,322,2015,568.98
33,2,27,322,2016,534.57
33,3,22,322,1990,2756.26
33,3,22,322,1991,2559.63
33,3,22,322,1992,2460
33,3,22,322,1993,2309.63
33,3,22,322,1994,2079.43
33,3,22,322,1995,1783.23
33,3,22,322,1996,1543.69
33,3,22,322,1997,1303.33
33,3,22,322,1998,1120.04
33,3,22,322,1999,1018.52
33,3,22,322,2000,920.92
33,3,22,322,2001,868.06
33,3,22,322,2002,825.49
33,3,22,322,2003,803.32
33,3,22,322,2004,790.32
33,3,22,322,2005,770.93
33,3,22,322,2006,733.2
33,3,22,322,2007,718.03
33,3,22,322,2008,704.43
33,3,22,322,2009,704
33,3,22,322,2010,699.59
33,3,22,322,2011,686.64
33,3,22,322,2012,669.1
33,3,22,322,2013,634.39
33,3,22,322,2014,609.42
33,3,22,322,2015,591.66
33,3,22,322,2016,555.7
33,3,27,322,1990,2342.65
33,3,27,322,1991,2277.93
33,3,27,322,1992,2324.43
33,3,27,322,1993,2330.79
33,3,27,322,1994,2244.82
33,3,27,322,1995,2056.43
33,3,27,322,1996,1887.32
33,3,27,322,1997,1669.07
33,3,27,322,1998,1490.34
33,3,27,322,1999,1394.04
33,3,27,322,2000,1283.5
33,3,27,322,2001,1216.79
33,3,27,322,2002,1151.48
33,3,27,322,2003,1105.1
33,3,27,322,2004,1066.1
33,3,27,322,2005,1013.16
33,3,27,322,2006,932.91
33,3,27,322,2007,894.58
33,3,27,322,2008,858
33,3,27,322,2009,847.66
33,3,27,322,2010,835.15
33,3,27,322,2011,809.67
33,3,27,322,2012,776.94
33,3,27,322,2013,724.96
33,3,27,322,2014,688
33,3,27,322,2015,663.27
33,3,27,322,2016,622.87
34,1,22,322,1990,9719.63
34,1,22,322,1991,9687.62
34,1,22,322,1992,9608.55
34,1,22,322,1993,9263.16
34,1,22,322,1994,8725.9
34,1,22,322,1995,8078.37
34,1,22,322,1996,7421.9
34,1,22,322,1997,6764.69
34,1,22,322,1998,6162.55
34,1,22,322,1999,5507.37
34,1,22,322,2000,4837.35
34,1,22,322,2001,4256.56
34,1,22,322,2002,3897.12
34,1,22,322,2003,3758.61
34,1,22,322,2004,3715.11
34,1,22,322,2005,3648.33
34,1,22,322,2006,3546.73
34,1,22,322,2007,3381.1
34,1,22,322,2008,3230.26
34,1,22,322,2009,3068.08
34,1,22,322,2010,2908.83
34,1,22,322,2011,2717.85
34,1,22,322,2012,2541.17
34,1,22,322,2013,2377.68
34,1,22,322,2014,2213.78
34,1,22,322,2015,2052.44
34,1,22,322,2016,1912.68
34,1,27,322,1990,6957.56
34,1,27,322,1991,7060.95
34,1,27,322,1992,7231.93
34,1,27,322,1993,7275.55
34,1,27,322,1994,7228.22
34,1,27,322,1995,6999.19
34,1,27,322,1996,6772.1
34,1,27,322,1997,6514.79
34,1,27,322,1998,6229.61
34,1,27,322,1999,5791.57
34,1,27,322,2000,5188.5
34,1,27,322,2001,4610.39
34,1,27,322,2002,4227.43
34,1,27,322,2003,4033.31
34,1,27,322,2004,3897.95
34,1,27,322,2005,3708.13
34,1,27,322,2006,3479.06
34,1,27,322,2007,3210.45
34,1,27,322,2008,2988.22
34,1,27,322,2009,2786.01
34,1,27,322,2010,2614.28
34,1,27,322,2011,2428.85
34,1,27,322,2012,2273.11
34,1,27,322,2013,2142.32
34,1,27,322,2014,2023.69
34,1,27,322,2015,1923.8
34,1,27,322,2016,1832.4
34,2,22,322,1990,8311.52
34,2,22,322,1991,8181.69
34,2,22,322,1992,8057.02
34,2,22,322,1993,7759.5
34,2,22,322,1994,7302.2
34,2,22,322,1995,6659.18
34,2,22,322,1996,6075.79
34,2,22,322,1997,5574.71
34,2,22,322,1998,5140.96
34,2,22,322,1999,4636.02
34,2,22,322,2000,4060.25
34,2,22,322,2001,3589.43
34,2,22,322,2002,3353.96
34,2,22,322,2003,3312.65
34,2,22,322,2004,3354.74
34,2,22,322,2005,3370.07
34,2,22,322,2006,3330.04
34,2,22,322,2007,3228.9
34,2,22,322,2008,3087.36
34,2,22,322,2009,2964.13
34,2,22,322,2010,2825.02
34,2,22,322,2011,2666.64
34,2,22,322,2012,2495.08
34,2,22,322,2013,2321.49
34,2,22,322,2014,2144.51
34,2,22,322,2015,1992.53
34,2,22,322,2016,1855.64
34,2,27,322,1990,6429.88
34,2,27,322,1991,6454.8
34,2,27,322,1992,6544.48
34,2,27,322,1993,6579.08
34,2,27,322,1994,6531.81
34,2,27,322,1995,6390.51
34,2,27,322,1996,6242.71
34,2,27,322,1997,6079.05
34,2,27,322,1998,5916.21
34,2,27,322,1999,5577.99
34,2,27,322,2000,5064.88
34,2,27,322,2001,4557.39
34,2,27,322,2002,4252.04
34,2,27,322,2003,4133.69
34,2,27,322,2004,4077.14
34,2,27,322,2005,3935.41
34,2,27,322,2006,3716.79
34,2,27,322,2007,3456.1
34,2,27,322,2008,3196.05
34,2,27,322,2009,2998.84
34,2,27,322,2010,2808.51
34,2,27,322,2011,2628.75
34,2,27,322,2012,2464.56
34,2,27,322,2013,2314.3
34,2,27,322,2014,2174.09
34,2,27,322,2015,2052.76
34,2,27,322,2016,1946.27
34,3,22,322,1990,8999.34
34,3,22,322,1991,8917.96
34,3,22,322,1992,8816.2
34,3,22,322,1993,8495.41
34,3,22,322,1994,7998.9
34,3,22,322,1995,7353.46
34,3,22,322,1996,6734.14
34,3,22,322,1997,6156.27
34,3,22,322,1998,5639.82
34,3,22,322,1999,5061.31
34,3,22,322,2000,4439.56
34,3,22,322,2001,3915.31
34,3,22,322,2002,3619.74
34,3,22,322,2003,3531.38
34,3,22,322,2004,3531.94
34,3,22,322,2005,3507.19
34,3,22,322,2006,3437.02
34,3,22,322,2007,3304.17
34,3,22,322,2008,3158.14
34,3,22,322,2009,3015.69
34,3,22,322,2010,2866.64
34,3,22,322,2011,2692.09
34,3,22,322,2012,2517.99
34,3,22,322,2013,2349.41
34,3,22,322,2014,2178.93
34,3,22,322,2015,2022.3
34,3,22,322,2016,1883.96
34,3,27,322,1990,6687.61
34,3,27,322,1991,6751.86
34,3,27,322,1992,6881.67
34,3,27,322,1993,6920.97
34,3,27,322,1994,6872.95
34,3,27,322,1995,6693.86
34,3,27,322,1996,6502.47
34,3,27,322,1997,6291.01
34,3,27,322,1998,6065.09
34,3,27,322,1999,5675.11
34,3,27,322,2000,5116.14
34,3,27,322,2001,4569.41
34,3,27,322,2002,4223.43
34,3,27,322,2003,4065.09
34,3,27,322,2004,3966.98
34,3,27,322,2005,3799.77
34,3,27,322,2006,3575.59
34,3,27,322,2007,3310.93
34,3,27,322,2008,3070.94
34,3,27,322,2009,2871.19
34,3,27,322,2010,2691.02
34,3,27,322,2011,2509.6
34,3,27,322,2012,2350.89
34,3,27,322,2013,2210.52
34,3,27,322,2014,2081.91
34,3,27,322,2015,1973.63
34,3,27,322,2016,1876.3
35,1,22,322,1990,3131.01
35,1,22,322,1991,2946.21
35,1,22,322,1992,2774.92
35,1,22,322,1993,2495.7
35,1,22,322,1994,2203.13
35,1,22,322,1995,2012.17
35,1,22,322,1996,1826.93
35,1,22,322,1997,1664.97
35,1,22,322,1998,1586.29
35,1,22,322,1999,1505.15
35,1,22,322,2000,1432
35,1,22,322,2001,1297.57
35,1,22,322,2002,1096.76
35,1,22,322,2003,924.32
35,1,22,322,2004,799.74
35,1,22,322,2005,762.48
35,1,22,322,2006,753.79
35,1,22,322,2007,692.19
35,1,22,322,2008,662.71
35,1,22,322,2009,617.49
35,1,22,322,2010,607.67
35,1,22,322,2011,580.47
35,1,22,322,2012,546.63
35,1,22,322,2013,537.53
35,1,22,322,2014,505.6
35,1,22,322,2015,502.61
35,1,22,322,2016,488.86
35,1,27,322,1990,3223.45
35,1,27,322,1991,3129.15
35,1,27,322,1992,3074.25
35,1,27,322,1993,2904.83
35,1,27,322,1994,2695.39
35,1,27,322,1995,2571.92
35,1,27,322,1996,2434.85
35,1,27,322,1997,2285.08
35,1,27,322,1998,2221.92
35,1,27,322,1999,2119.72
35,1,27,322,2000,2002.43
35,1,27,322,2001,1774.38
35,1,27,322,2002,1450.71
35,1,27,322,2003,1175.46
35,1,27,322,2004,964.78
35,1,27,322,2005,888.08
35,1,27,322,2006,851.91
35,1,27,322,2007,756.39
35,1,27,322,2008,705.15
35,1,27,322,2009,641.61
35,1,27,322,2010,620.61
35,1,27,322,2011,579.38
35,1,27,322,2012,536.27
35,1,27,322,2013,523.26
35,1,27,322,2014,488.93
35,1,27,322,2015,487.32
35,1,27,322,2016,474.57
35,2,22,322,1990,2123.83
35,2,22,322,1991,2014.08
35,2,22,322,1992,1911.91
35,2,22,322,1993,1746.02
35,2,22,322,1994,1569.12
35,2,22,322,1995,1427.56
35,2,22,322,1996,1328.21
35,2,22,322,1997,1227.99
35,2,22,322,1998,1200.49
35,2,22,322,1999,1173.48
35,2,22,322,2000,1135.94
35,2,22,322,2001,1046.52
35,2,22,322,2002,923.07
35,2,22,322,2003,800.62
35,2,22,322,2004,678.75
35,2,22,322,2005,601.63
35,2,22,322,2006,579.4
35,2,22,322,2007,516.63
35,2,22,322,2008,488.3
35,2,22,322,2009,447.09
35,2,22,322,2010,435.26
35,2,22,322,2011,408.08
35,2,22,322,2012,379.22
35,2,22,322,2013,345.47
35,2,22,322,2014,296.77
35,2,22,322,2015,306.88
35,2,22,322,2016,299.13
35,2,27,322,1990,2500.37
35,2,27,322,1991,2444.24
35,2,27,322,1992,2418.89
35,2,27,322,1993,2322.53
35,2,27,322,1994,2199.19
35,2,27,322,1995,2123.84
35,2,27,322,1996,2089.15
35,2,27,322,1997,2003.02
35,2,27,322,1998,2017.24
35,2,27,322,1999,2004.94
35,2,27,322,2000,1935.54
35,2,27,322,2001,1746.16
35,2,27,322,2002,1488.38
35,2,27,322,2003,1238.56
35,2,27,322,2004,1001.22
35,2,27,322,2005,855.82
35,2,27,322,2006,799.94
35,2,27,322,2007,681.44
35,2,27,322,2008,617.62
35,2,27,322,2009,540.21
35,2,27,322,2010,508.74
35,2,27,322,2011,460.84
35,2,27,322,2012,414.74
35,2,27,322,2013,366.97
35,2,27,322,2014,303.78
35,2,27,322,2015,316.18
35,2,27,322,2016,308.63
35,3,22,322,1990,2602.5
35,3,22,322,1991,2457.21
35,3,22,322,1992,2322.21
35,3,22,322,1993,2102.38
35,3,22,322,1994,1870.35
35,3,22,322,1995,1705.12
35,3,22,322,1996,1564.92
35,3,22,322,1997,1435.27
35,3,22,322,1998,1383.34
35,3,22,322,1999,1330.54
35,3,22,322,2000,1276
35,3,22,322,2001,1165.14
35,3,22,322,2002,1005.06
35,3,22,322,2003,858.96
35,3,22,322,2004,735.78
35,3,22,322,2005,677.43
35,3,22,322,2006,661.68
35,3,22,322,2007,599.58
35,3,22,322,2008,570.86
35,3,22,322,2009,527.9
35,3,22,322,2010,517.16
35,3,22,322,2011,490.08
35,3,22,322,2012,458.95
35,3,22,322,2013,437.07
35,3,22,322,2014,396.49
35,3,22,322,2015,400.47
35,3,22,322,2016,389.94
35,3,27,322,1990,2859.5
35,3,27,322,1991,2784.08
35,3,27,322,1992,2744.08
35,3,27,322,1993,2610.55
35,3,27,322,1994,2443.52
35,3,27,322,1995,2345.46
35,3,27,322,1996,2259.36
35,3,27,322,1997,2140.03
35,3,27,322,1998,2113.67
35,3,27,322,1999,2053.99
35,3,27,322,2000,1959.31
35,3,27,322,2001,1749.66
35,3,27,322,2002,1457.35
35,3,27,322,2003,1193.98
35,3,27,322,2004,970.05
35,3,27,322,2005,859.6
35,3,27,322,2006,813.19
35,3,27,322,2007,706.55
35,3,27,322,2008,649.28
35,3,27,322,2009,579.33
35,3,27,322,2010,553.52
35,3,27,322,2011,508.82
35,3,27,322,2012,464.34
35,3,27,322,2013,434.65
35,3,27,322,2014,386.65
35,3,27,322,2015,392.26
35,3,27,322,2016,382.51
36,1,22,322,1990,3413.51
36,1,22,322,1991,3257.14
36,1,22,322,1992,3167.65
36,1,22,322,1993,3164.88
36,1,22,322,1994,3148.96
36,1,22,322,1995,3139.85
36,1,22,322,1996,3059.4
36,1,22,322,1997,2943.4
36,1,22,322,1998,2835.64
36,1,22,322,1999,2724.91
36,1,22,322,2000,2631.36
36,1,22,322,2001,2528.67
36,1,22,322,2002,2437.37
36,1,22,322,2003,2343.37
36,1,22,322,2004,2238.28
36,1,22,322,2005,2142.1
36,1,22,322,2006,2015.62
36,1,22,322,2007,1874.94
36,1,22,322,2008,1700.68
36,1,22,322,2009,1547.63
36,1,22,322,2010,1424.01
36,1,22,322,2011,1309.39
36,1,22,322,2012,1220.32
36,1,22,322,2013,1152.15
36,1,22,322,2014,1081.63
36,1,22,322,2015,1034.37
36,1,22,322,2016,1005.95
36,1,27,322,1990,2817.67
36,1,27,322,1991,2783.21
36,1,27,322,1992,2811.5
36,1,27,322,1993,2920.97
36,1,27,322,1994,3024.71
36,1,27,322,1995,3130.63
36,1,27,322,1996,3153.67
36,1,27,322,1997,3114.34
36,1,27,322,1998,3062.55
36,1,27,322,1999,2982.79
36,1,27,322,2000,2892.45
36,1,27,322,2001,2763.08
36,1,27,322,2002,2623.3
36,1,27,322,2003,2473.71
36,1,27,322,2004,2312.17
36,1,27,322,2005,2164.41
36,1,27,322,2006,1999
36,1,27,322,2007,1832.79
36,1,27,322,2008,1646.2
36,1,27,322,2009,1490.8
36,1,27,322,2010,1371.39
36,1,27,322,2011,1263.64
36,1,27,322,2012,1181.17
36,1,27,322,2013,1119.31
36,1,27,322,2014,1057.41
36,1,27,322,2015,1018.62
36,1,27,322,2016,997.15
36,2,22,322,1990,2425.08
36,2,22,322,1991,2287.09
36,2,22,322,1992,2193.61
36,2,22,322,1993,2139.14
36,2,22,322,1994,2095.29
36,2,22,322,1995,2040.12
36,2,22,322,1996,1927.96
36,2,22,322,1997,1800.64
36,2,22,322,1998,1674.44
36,2,22,322,1999,1568.7
36,2,22,322,2000,1492.93
36,2,22,322,2001,1431.45
36,2,22,322,2002,1365.6
36,2,22,322,2003,1287.07
36,2,22,322,2004,1209.69
36,2,22,322,2005,1144.74
36,2,22,322,2006,1063.17
36,2,22,322,2007,977.98
36,2,22,322,2008,879.22
36,2,22,322,2009,806.44
36,2,22,322,2010,737.16
36,2,22,322,2011,671.76
36,2,22,322,2012,618.85
36,2,22,322,2013,586.76
36,2,22,322,2014,547.98
36,2,22,322,2015,517.07
36,2,22,322,2016,499.08
36,2,27,322,1990,2105.75
36,2,27,322,1991,2054.11
36,2,27,322,1992,2045.46
36,2,27,322,1993,2075.45
36,2,27,322,1994,2119.04
36,2,27,322,1995,2151.54
36,2,27,322,1996,2112.46
36,2,27,322,1997,2036.13
36,2,27,322,1998,1942.91
36,2,27,322,1999,1851.55
36,2,27,322,2000,1770.4
36,2,27,322,2001,1684.99
36,2,27,322,2002,1578.01
36,2,27,322,2003,1446.95
36,2,27,322,2004,1315.12
36,2,27,322,2005,1201.76
36,2,27,322,2006,1079.73
36,2,27,322,2007,965.19
36,2,27,322,2008,848.03
36,2,27,322,2009,765.09
36,2,27,322,2010,691.6
36,2,27,322,2011,625.59
36,2,27,322,2012,574.56
36,2,27,322,2013,544.08
36,2,27,322,2014,510.03
36,2,27,322,2015,484.83
36,2,27,322,2016,471.26
36,3,22,322,1990,2904.2
36,3,22,322,1991,2757.3
36,3,22,322,1992,2665.65
36,3,22,322,1993,2636.07
36,3,22,322,1994,2605.38
36,3,22,322,1995,2571.9
36,3,22,322,1996,2474.19
36,3,22,322,1997,2351.24
36,3,22,322,1998,2232.82
36,3,22,322,1999,2123.68
36,3,22,322,2000,2038.62
36,3,22,322,2001,1957.32
36,3,22,322,2002,1879.45
36,3,22,322,2003,1793.73
36,3,22,322,2004,1703.39
36,3,22,322,2005,1623.8
36,3,22,322,2006,1520.98
36,3,22,322,2007,1409.45
36,3,22,322,2008,1274.74
36,3,22,322,2009,1163.58
36,3,22,322,2010,1068.28
36,3,22,322,2011,979.28
36,3,22,322,2012,909.04
36,3,22,322,2013,859.6
36,3,22,322,2014,805.58
36,3,22,322,2015,766.88
36,3,22,322,2016,743.92
36,3,27,322,1990,2443.66
36,3,27,322,1991,2400.9
36,3,27,322,1992,2410.5
36,3,27,322,1993,2479.68
36,3,27,322,1994,2552.22
36,3,27,322,1995,2620.11
36,3,27,322,1996,2610.8
36,3,27,322,1997,2551.46
36,3,27,322,1998,2477.26
36,3,27,322,1999,2389.4
36,3,27,322,2000,2300.73
36,3,27,322,2001,2192
36,3,27,322,2002,2067.55
36,3,27,322,2003,1926.07
36,3,27,322,2004,1778.47
36,3,27,322,2005,1647.6
36,3,27,322,2006,1504.37
36,3,27,322,2007,1365.19
36,3,27,322,2008,1215.41
36,3,27,322,2009,1097.91
36,3,27,322,2010,1002.43
36,3,27,322,2011,916.59
36,3,27,322,2012,850.8
36,3,27,322,2013,805.27
36,3,27,322,2014,758.14
36,3,27,322,2015,726.67
36,3,27,322,2016,709.51
37,1,22,322,1990,8565.03
37,1,22,322,1991,7802.81
37,1,22,322,1992,7284.98
37,1,22,322,1993,6843.35
37,1,22,322,1994,6412.05
37,1,22,322,1995,5996.81
37,1,22,322,1996,5594.21
37,1,22,322,1997,5119.46
37,1,22,322,1998,4661.89
37,1,22,322,1999,4226.16
37,1,22,322,2000,3880.12
37,1,22,322,2001,3639.29
37,1,22,322,2002,3402.57
37,1,22,322,2003,3209.06
37,1,22,322,2004,3008.38
37,1,22,322,2005,2879.81
37,1,22,322,2006,2778.06
37,1,22,322,2007,2694.98
37,1,22,322,2008,2603.13
37,1,22,322,2009,2527.69
37,1,22,322,2010,2479.22
37,1,22,322,2011,2386.41
37,1,22,322,2012,2290.19
37,1,22,322,2013,2166.2
37,1,22,322,2014,1980.67
37,1,22,322,2015,1821.64
37,1,22,322,2016,1740.18
37,1,27,322,1990,5612.51
37,1,27,322,1991,5241.3
37,1,27,322,1992,5043.42
37,1,27,322,1993,4920.21
37,1,27,322,1994,4806.42
37,1,27,322,1995,4664.37
37,1,27,322,1996,4506.36
37,1,27,322,1997,4275.27
37,1,27,322,1998,4036.51
37,1,27,322,1999,3779.37
37,1,27,322,2000,3567.86
37,1,27,322,2001,3403.78
37,1,27,322,2002,3219.22
37,1,27,322,2003,3048.02
37,1,27,322,2004,2846.34
37,1,27,322,2005,2686.45
37,1,27,322,2006,2540.93
37,1,27,322,2007,2404.93
37,1,27,322,2008,2250.86
37,1,27,322,2009,2111.44
37,1,27,322,2010,2002.55
37,1,27,322,2011,1875.63
37,1,27,322,2012,1766.24
37,1,27,322,2013,1656.9
37,1,27,322,2014,1522.11
37,1,27,322,2015,1415.64
37,1,27,322,2016,1371.3
37,2,22,322,1990,6694.77
37,2,22,322,1991,6097.13
37,2,22,322,1992,5654.84
37,2,22,322,1993,5305.14
37,2,22,322,1994,4979.53
37,2,22,322,1995,4593.22
37,2,22,322,1996,4286.4
37,2,22,322,1997,3918.39
37,2,22,322,1998,3557.39
37,2,22,322,1999,3244.01
37,2,22,322,2000,2991.96
37,2,22,322,2001,2731.01
37,2,22,322,2002,2577.87
37,2,22,322,2003,2432.74
37,2,22,322,2004,2257.75
37,2,22,322,2005,2143.29
37,2,22,322,2006,2045.59
37,2,22,322,2007,1968.31
37,2,22,322,2008,1888.37
37,2,22,322,2009,1830.27
37,2,22,322,2010,1799.53
37,2,22,322,2011,1726.62
37,2,22,322,2012,1670.93
37,2,22,322,2013,1591.84
37,2,22,322,2014,1481.61
37,2,22,322,2015,1364.99
37,2,22,322,2016,1301.28
37,2,27,322,1990,4625.83
37,2,27,322,1991,4302.86
37,2,27,322,1992,4092.6
37,2,27,322,1993,3961.73
37,2,27,322,1994,3854.54
37,2,27,322,1995,3696.26
37,2,27,322,1996,3582.33
37,2,27,322,1997,3400.29
37,2,27,322,1998,3204.22
37,2,27,322,1999,3019.15
37,2,27,322,2000,2845.03
37,2,27,322,2001,2635.03
37,2,27,322,2002,2506.85
37,2,27,322,2003,2367.91
37,2,27,322,2004,2182.35
37,2,27,322,2005,2043.21
37,2,27,322,2006,1913.2
37,2,27,322,2007,1794.92
37,2,27,322,2008,1668.38
37,2,27,322,2009,1561.1
37,2,27,322,2010,1482.99
37,2,27,322,2011,1380.57
37,2,27,322,2012,1308
37,2,27,322,2013,1233.82
37,2,27,322,2014,1149.32
37,2,27,322,2015,1069.26
37,2,27,322,2016,1033.27
37,3,22,322,1990,7609.36
37,3,22,322,1991,6932.36
37,3,22,322,1992,6454.16
37,3,22,322,1993,6060.39
37,3,22,322,1994,5683.65
37,3,22,322,1995,5283.68
37,3,22,322,1996,4930.16
37,3,22,322,1997,4509.87
37,3,22,322,1998,4101.45
37,3,22,322,1999,3727.97
37,3,22,322,2000,3429.78
37,3,22,322,2001,3179.1
37,3,22,322,2002,2985.09
37,3,22,322,2003,2816.39
37,3,22,322,2004,2628.9
37,3,22,322,2005,2507.53
37,3,22,322,2006,2407.74
37,3,22,322,2007,2327.39
37,3,22,322,2008,2241.32
37,3,22,322,2009,2174.47
37,3,22,322,2010,2134.88
37,3,22,322,2011,2052.27
37,3,22,322,2012,1976.77
37,3,22,322,2013,1875.69
37,3,22,322,2014,1728.4
37,3,22,322,2015,1590.92
37,3,22,322,2016,1518.42
37,3,27,322,1990,5111.67
37,3,27,322,1991,4764.73
37,3,27,322,1992,4560.25
37,3,27,322,1993,4432.3
37,3,27,322,1994,4320.97
37,3,27,322,1995,4171.86
37,3,27,322,1996,4036.3
37,3,27,322,1997,3829.89
37,3,27,322,1998,3613.21
37,3,27,322,1999,3392.52
37,3,27,322,2000,3199.29
37,3,27,322,2001,3013.26
37,3,27,322,2002,2856.99
37,3,27,322,2003,2702.34
37,3,27,322,2004,2509.04
37,3,27,322,2005,2359.54
37,3,27,322,2006,2221.31
37,3,27,322,2007,2093.73
37,3,27,322,2008,1953.05
37,3,27,322,2009,1829.43
37,3,27,322,2010,1735.72
37,3,27,322,2011,1621.35
37,3,27,322,2012,1530.54
37,3,27,322,2013,1439.14
37,3,27,322,2014,1329.69
37,3,27,322,2015,1236.85
37,3,27,322,2016,1196.75
38,1,22,322,1990,13770.28
38,1,22,322,1991,12644.39
38,1,22,322,1992,11525.43
38,1,22,322,1993,10455.89
38,1,22,322,1994,9446.61
38,1,22,322,1995,8522.4
38,1,22,322,1996,7714.63
38,1,22,322,1997,6986.65
38,1,22,322,1998,6326
38,1,22,322,1999,5724.85
38,1,22,322,2000,5193.96
38,1,22,322,2001,4618.34
38,1,22,322,2002,4261.4
38,1,22,322,2003,3897.53
38,1,22,322,2004,3580.15
38,1,22,322,2005,3296.66
38,1,22,322,2006,3078.72
38,1,22,322,2007,2903.75
38,1,22,322,2008,2745.27
38,1,22,322,2009,2613.24
38,1,22,322,2010,2478.38
38,1,22,322,2011,2330.93
38,1,22,322,2012,2195.93
38,1,22,322,2013,2068.9
38,1,22,322,2014,1950.68
38,1,22,322,2015,1785.59
38,1,22,322,2016,1666.79
38,1,27,322,1990,8503.63
38,1,27,322,1991,8134.16
38,1,27,322,1992,7815.55
38,1,27,322,1993,7523.57
38,1,27,322,1994,7213.01
38,1,27,322,1995,6872.28
38,1,27,322,1996,6527.92
38,1,27,322,1997,6147.69
38,1,27,322,1998,5758.63
38,1,27,322,1999,5362
38,1,27,322,2000,4980.7
38,1,27,322,2001,4517.96
38,1,27,322,2002,4228.66
38,1,27,322,2003,3893.68
38,1,27,322,2004,3562.59
38,1,27,322,2005,3229.63
38,1,27,322,2006,2937.12
38,1,27,322,2007,2677.9
38,1,27,322,2008,2446.62
38,1,27,322,2009,2260.5
38,1,27,322,2010,2091.83
38,1,27,322,2011,1926.3
38,1,27,322,2012,1784.07
38,1,27,322,2013,1661.2
38,1,27,322,2014,1559.05
38,1,27,322,2015,1439.61
38,1,27,322,2016,1359.79
38,2,22,322,1990,12310.39
38,2,22,322,1991,11217.75
38,2,22,322,1992,10148.14
38,2,22,322,1993,9162.92
38,2,22,322,1994,8251.32
38,2,22,322,1995,7404.97
38,2,22,322,1996,6701.75
38,2,22,322,1997,6083.51
38,2,22,322,1998,5504.75
38,2,22,322,1999,4939.98
38,2,22,322,2000,4404.45
38,2,22,322,2001,3807.34
38,2,22,322,2002,3429.04
38,2,22,322,2003,3053.83
38,2,22,322,2004,2731.19
38,2,22,322,2005,2459.33
38,2,22,322,2006,2239.42
38,2,22,322,2007,2065.58
38,2,22,322,2008,1913.26
38,2,22,322,2009,1794.44
38,2,22,322,2010,1672.69
38,2,22,322,2011,1561.03
38,2,22,322,2012,1463.5
38,2,22,322,2013,1371.57
38,2,22,322,2014,1279.25
38,2,22,322,2015,1153.6
38,2,22,322,2016,1071.75
38,2,27,322,1990,7827.13
38,2,27,322,1991,7407.07
38,2,27,322,1992,7042.34
38,2,27,322,1993,6725.06
38,2,27,322,1994,6403.11
38,2,27,322,1995,6046.09
38,2,27,322,1996,5725.92
38,2,27,322,1997,5385.06
38,2,27,322,1998,5021.12
38,2,27,322,1999,4622.59
38,2,27,322,2000,4212.21
38,2,27,322,2001,3710.89
38,2,27,322,2002,3390.49
38,2,27,322,2003,3045.42
38,2,27,322,2004,2720.41
38,2,27,322,2005,2417.16
38,2,27,322,2006,2147.92
38,2,27,322,2007,1919.07
38,2,27,322,2008,1719.56
38,2,27,322,2009,1566.68
38,2,27,322,2010,1425.04
38,2,27,322,2011,1301.18
38,2,27,322,2012,1198.85
38,2,27,322,2013,1110.57
38,2,27,322,2014,1030.2
38,2,27,322,2015,933.18
38,2,27,322,2016,874.63
38,3,22,322,1990,13031.58
38,3,22,322,1991,11922.65
38,3,22,322,1992,10828.83
38,3,22,322,1993,9802.18
38,3,22,322,1994,8842.68
38,3,22,322,1995,7958.32
38,3,22,322,1996,7203.9
38,3,22,322,1997,6532
38,3,22,322,1998,5913.3
38,3,22,322,1999,5331.01
38,3,22,322,2000,4798.14
38,3,22,322,2001,4211.88
38,3,22,322,2002,3844.09
38,3,22,322,2003,3474.22
38,3,22,322,2004,3153.83
38,3,22,322,2005,2875.86
38,3,22,322,2006,2656.65
38,3,22,322,2007,2482
38,3,22,322,2008,2326.4
38,3,22,322,2009,2200.81
38,3,22,322,2010,2072.36
38,3,22,322,2011,1942.78
38,3,22,322,2012,1826.52
38,3,22,322,2013,1717.06
38,3,22,322,2014,1611.77
38,3,22,322,2015,1466.46
38,3,22,322,2016,1366.19
38,3,27,322,1990,8162.78
38,3,27,322,1991,7767.94
38,3,27,322,1992,7426.17
38,3,27,322,1993,7121.21
38,3,27,322,1994,6804.43
38,3,27,322,1995,6455.14
38,3,27,322,1996,6122.98
38,3,27,322,1997,5762.49
38,3,27,322,1998,5385.92
38,3,27,322,1999,4988.41
38,3,27,322,2000,4592.67
38,3,27,322,2001,4110.59
38,3,27,322,2002,3805.33
38,3,27,322,2003,3465.13
38,3,27,322,2004,3136.97
38,3,27,322,2005,2818.56
38,3,27,322,2006,2537.65
38,3,27,322,2007,2293.66
38,3,27,322,2008,2078.31
38,3,27,322,2009,1908.99
38,3,27,322,2010,1754.01
38,3,27,322,2011,1609.05
38,3,27,322,2012,1486.68
38,3,27,322,2013,1381.21
38,3,27,322,2014,1290.22
38,3,27,322,2015,1181.41
38,3,27,322,2016,1111.91
39,1,22,322,1990,14518.73
39,1,22,322,1991,13670.98
39,1,22,322,1992,13146.74
39,1,22,322,1993,12708.97
39,1,22,322,1994,12257.27
39,1,22,322,1995,11592.93
39,1,22,322,1996,10764.58
39,1,22,322,1997,9809.8
39,1,22,322,1998,8885.45
39,1,22,322,1999,8017.36
39,1,22,322,2000,7296.28
39,1,22,322,2001,6718.39
39,1,22,322,2002,6260.16
39,1,22,322,2003,5844.97
39,1,22,322,2004,5410.39
39,1,22,322,2005,4985.99
39,1,22,322,2006,4605.2
39,1,22,322,2007,4330.67
39,1,22,322,2008,4116.3
39,1,22,322,2009,4014.67
39,1,22,322,2010,3951.88
39,1,22,322,2011,3923.44
39,1,22,322,2012,3929
39,1,22,322,2013,3919.13
39,1,22,322,2014,3867.94
39,1,22,322,2015,3904.08
39,1,22,322,2016,3806.84
39,1,27,322,1990,8035.97
39,1,27,322,1991,7769.67
39,1,27,322,1992,7743.39
39,1,27,322,1993,7788.78
39,1,27,322,1994,7851.13
39,1,27,322,1995,7734.91
39,1,27,322,1996,7455.74
39,1,27,322,1997,7024.75
39,1,27,322,1998,6574.43
39,1,27,322,1999,6116.58
39,1,27,322,2000,5722.11
39,1,27,322,2001,5389.82
39,1,27,322,2002,5111.09
39,1,27,322,2003,4838.53
39,1,27,322,2004,4526.33
39,1,27,322,2005,4203.11
39,1,27,322,2006,3897.65
39,1,27,322,2007,3652.86
39,1,27,322,2008,3449.06
39,1,27,322,2009,3331.24
39,1,27,322,2010,3249.61
39,1,27,322,2011,3193.12
39,1,27,322,2012,3124.38
39,1,27,322,2013,3060.74
39,1,27,322,2014,2995.06
39,1,27,322,2015,2997.71
39,1,27,322,2016,2920.46
39,2,22,322,1990,12711.56
39,2,22,322,1991,11944.27
39,2,22,322,1992,11446.01
39,2,22,322,1993,11056.49
39,2,22,322,1994,10693.4
39,2,22,322,1995,10211.01
39,2,22,322,1996,9564.31
39,2,22,322,1997,8841.49
39,2,22,322,1998,8164.43
39,2,22,322,1999,7482.49
39,2,22,322,2000,6770.99
39,2,22,322,2001,6129.89
39,2,22,322,2002,5552.92
39,2,22,322,2003,5021.12
39,2,22,322,2004,4533.34
39,2,22,322,2005,4140.69
39,2,22,322,2006,3804.95
39,2,22,322,2007,3593.27
39,2,22,322,2008,3475.78
39,2,22,322,2009,3429.15
39,2,22,322,2010,3423.27
39,2,22,322,2011,3423.38
39,2,22,322,2012,3403
39,2,22,322,2013,3359
39,2,22,322,2014,3280.79
39,2,22,322,2015,3215.59
39,2,22,322,2016,3120.95
39,2,27,322,1990,7306.29
39,2,27,322,1991,7017.33
39,2,27,322,1992,6944.65
39,2,27,322,1993,6956.77
39,2,27,322,1994,6988.98
39,2,27,322,1995,6919.1
39,2,27,322,1996,6711.2
39,2,27,322,1997,6397.45
39,2,27,322,1998,6086.21
39,2,27,322,1999,5739.95
39,2,27,322,2000,5344.2
39,2,27,322,2001,4954.45
39,2,27,322,2002,4581.5
39,2,27,322,2003,4210.86
39,2,27,322,2004,3850.94
39,2,27,322,2005,3545.04
39,2,27,322,2006,3267.82
39,2,27,322,2007,3077.4
39,2,27,322,2008,2956.77
39,2,27,322,2009,2869.27
39,2,27,322,2010,2807.65
39,2,27,322,2011,2750.26
39,2,27,322,2012,2685.98
39,2,27,322,2013,2616.57
39,2,27,322,2014,2537.18
39,2,27,322,2015,2476.4
39,2,27,322,2016,2401.71
39,3,22,322,1990,13608.91
39,3,22,322,1991,12802.69
39,3,22,322,1992,12292.69
39,3,22,322,1993,11880.35
39,3,22,322,1994,11474.09
39,3,22,322,1995,10901.54
39,3,22,322,1996,10164.43
39,3,22,322,1997,9325.83
39,3,22,322,1998,8525.19
39,3,22,322,1999,7750.18
39,3,22,322,2000,7033.97
39,3,22,322,2001,6424.72
39,3,22,322,2002,5907.52
39,3,22,322,2003,5434.51
39,3,22,322,2004,4973.69
39,3,22,322,2005,4565.25
39,3,22,322,2006,4206.82
39,3,22,322,2007,3963.44
39,3,22,322,2008,3797.27
39,3,22,322,2009,3723.1
39,3,22,322,2010,3688.84
39,3,22,322,2011,3674.9
39,3,22,322,2012,3668.01
39,3,22,322,2013,3641.7
39,3,22,322,2014,3577.5
39,3,22,322,2015,3563.76
39,3,22,322,2016,3467.95
39,3,27,322,1990,7666.97
39,3,27,322,1991,7389.73
39,3,27,322,1992,7342.15
39,3,27,322,1993,7372.23
39,3,27,322,1994,7417.34
39,3,27,322,1995,7323.31
39,3,27,322,1996,7079.98
39,3,27,322,1997,6707.17
39,3,27,322,1998,6325.71
39,3,27,322,1999,5923.48
39,3,27,322,2000,5529.18
39,3,27,322,2001,5169.09
39,3,27,322,2002,4845.48
39,3,27,322,2003,4525.87
39,3,27,322,2004,4191.14
39,3,27,322,2005,3876.82
39,3,27,322,2006,3584.79
39,3,27,322,2007,3366.36
39,3,27,322,2008,3203.14
39,3,27,322,2009,3099.34
39,3,27,322,2010,3025.75
39,3,27,322,2011,2967.66
39,3,27,322,2012,2903.61
39,3,27,322,2013,2838.97
39,3,27,322,2014,2767.35
39,3,27,322,2015,2739.35
39,3,27,322,2016,2663.2
40,1,22,322,1990,14286.44
40,1,22,322,1991,13671.65
40,1,22,322,1992,13281.17
40,1,22,322,1993,12813.35
40,1,22,322,1994,12527.07
40,1,22,322,1995,11881.91
40,1,22,322,1996,11157.99
40,1,22,322,1997,10631.78
40,1,22,322,1998,9967.61
40,1,22,322,1999,9062.24
40,1,22,322,2000,8164.68
40,1,22,322,2001,7573.48
40,1,22,322,2002,6973.78
40,1,22,322,2003,6541.3
40,1,22,322,2004,6144.25
40,1,22,322,2005,5690.43
40,1,22,322,2006,5282.69
40,1,22,322,2007,4905.68
40,1,22,322,2008,4541.11
40,1,22,322,2009,4144.75
40,1,22,322,2010,3785.5
40,1,22,322,2011,3511.33
40,1,22,322,2012,3272.08
40,1,22,322,2013,3132.97
40,1,22,322,2014,2924.67
40,1,22,322,2015,2748.12
40,1,22,322,2016,2558.01
40,1,27,322,1990,8369.87
40,1,27,322,1991,8128.28
40,1,27,322,1992,8075.41
40,1,27,322,1993,8030.48
40,1,27,322,1994,8153.5
40,1,27,322,1995,8091.44
40,1,27,322,1996,7978.19
40,1,27,322,1997,7981.26
40,1,27,322,1998,7825.84
40,1,27,322,1999,7377.74
40,1,27,322,2000,6832.68
40,1,27,322,2001,6474.47
40,1,27,322,2002,6041.87
40,1,27,322,2003,5714.7
40,1,27,322,2004,5389.91
40,1,27,322,2005,4995.19
40,1,27,322,2006,4618.98
40,1,27,322,2007,4277.2
40,1,27,322,2008,3946.23
40,1,27,322,2009,3588.78
40,1,27,322,2010,3263.94
40,1,27,322,2011,3015.24
40,1,27,322,2012,2796.59
40,1,27,322,2013,2667.45
40,1,27,322,2014,2492.88
40,1,27,322,2015,2355.5
40,1,27,322,2016,2209.08
40,2,22,322,1990,11543.91
40,2,22,322,1991,11067.08
40,2,22,322,1992,10738.03
40,2,22,322,1993,10269.88
40,2,22,322,1994,9924.5
40,2,22,322,1995,9345.65
40,2,22,322,1996,8761.87
40,2,22,322,1997,8282.39
40,2,22,322,1998,7682.18
40,2,22,322,1999,6922.38
40,2,22,322,2000,6180.04
40,2,22,322,2001,5646.52
40,2,22,322,2002,5171.83
40,2,22,322,2003,4803.89
40,2,22,322,2004,4454.83
40,2,22,322,2005,4116.58
40,2,22,322,2006,3816.84
40,2,22,322,2007,3543.38
40,2,22,322,2008,3291.27
40,2,22,322,2009,3010.51
40,2,22,322,2010,2756.9
40,2,22,322,2011,2571.92
40,2,22,322,2012,2386.25
40,2,22,322,2013,2268.74
40,2,22,322,2014,2118.24
40,2,22,322,2015,1987.64
40,2,22,322,2016,1846.48
40,2,27,322,1990,7065.23
40,2,27,322,1991,6857.11
40,2,27,322,1992,6791.48
40,2,27,322,1993,6681.51
40,2,27,322,1994,6696.89
40,2,27,322,1995,6590.32
40,2,27,322,1996,6478.72
40,2,27,322,1997,6428.17
40,2,27,322,1998,6239.18
40,2,27,322,1999,5838.37
40,2,27,322,2000,5366.71
40,2,27,322,2001,5017
40,2,27,322,2002,4663.18
40,2,27,322,2003,4372.58
40,2,27,322,2004,4075.74
40,2,27,322,2005,3769.52
40,2,27,322,2006,3480.99
40,2,27,322,2007,3222.12
40,2,27,322,2008,2982.39
40,2,27,322,2009,2718.4
40,2,27,322,2010,2478.9
40,2,27,322,2011,2303.5
40,2,27,322,2012,2128.39
40,2,27,322,2013,2017.94
40,2,27,322,2014,1886.24
40,2,27,322,2015,1780.62
40,2,27,322,2016,1666.94
40,3,22,322,1990,12895.62
40,3,22,322,1991,12351.27
40,3,22,322,1992,11992.45
40,3,22,322,1993,11524.96
40,3,22,322,1994,11209.13
40,3,22,322,1995,10597.76
40,3,22,322,1996,9945.01
40,3,22,322,1997,9442.48
40,3,22,322,1998,8810.56
40,3,22,322,1999,7978.71
40,3,22,322,2000,7159.59
40,3,22,322,2001,6597.47
40,3,22,322,2002,6060.96
40,3,22,322,2003,5661.01
40,3,22,322,2004,5288.07
40,3,22,322,2005,4892.61
40,3,22,322,2006,4539.42
40,3,22,322,2007,4214.75
40,3,22,322,2008,3907.1
40,3,22,322,2009,3569.25
40,3,22,322,2010,3263.46
40,3,22,322,2011,3034.44
40,3,22,322,2012,2822.25
40,3,22,322,2013,2693.96
40,3,22,322,2014,2514.87
40,3,22,322,2015,2361.55
40,3,22,322,2016,2196.16
40,3,27,322,1990,7714.55
40,3,27,322,1991,7489.48
40,3,27,322,1992,7430.34
40,3,27,322,1993,7353.04
40,3,27,322,1994,7422.79
40,3,27,322,1995,7338.67
40,3,27,322,1996,7226.03
40,3,27,322,1997,7202.45
40,3,27,322,1998,7030.33
40,3,27,322,1999,6606.22
40,3,27,322,2000,6098.08
40,3,27,322,2001,5744.81
40,3,27,322,2002,5351.69
40,3,27,322,2003,5043.15
40,3,27,322,2004,4732.74
40,3,27,322,2005,4382.02
40,3,27,322,2006,4049.36
40,3,27,322,2007,3748.73
40,3,27,322,2008,3463.09
40,3,27,322,2009,3152.1
40,3,27,322,2010,2869.66
40,3,27,322,2011,2657.4
40,3,27,322,2012,2460.52
40,3,27,322,2013,2340.8
40,3,27,322,2014,2187.37
40,3,27,322,2015,2065.61
40,3,27,322,2016,1935.28
41,1,22,322,1990,7592.89
41,1,22,322,1991,7406.12
41,1,22,322,1992,7379.08
41,1,22,322,1993,7386.24
41,1,22,322,1994,7409.64
41,1,22,322,1995,7324.53
41,1,22,322,1996,7087.95
41,1,22,322,1997,6698.24
41,1,22,322,1998,6329.12
41,1,22,322,1999,5859.24
41,1,22,322,2000,5484.66
41,1,22,322,2001,5221.59
41,1,22,322,2002,5037.7
41,1,22,322,2003,4906.92
41,1,22,322,2004,4863.82
41,1,22,322,2005,4810.81
41,1,22,322,2006,4661.23
41,1,22,322,2007,4487.3
41,1,22,322,2008,4301.35
41,1,22,322,2009,4126.61
41,1,22,322,2010,3889.42
41,1,22,322,2011,3680.91
41,1,22,322,2012,3471.94
41,1,22,322,2013,3279.76
41,1,22,322,2014,3070.58
41,1,22,322,2015,2876.58
41,1,22,322,2016,2706.43
41,1,27,322,1990,4360.46
41,1,27,322,1991,4345.59
41,1,27,322,1992,4464.99
41,1,27,322,1993,4639.27
41,1,27,322,1994,4852.29
41,1,27,322,1995,5018.44
41,1,27,322,1996,5077.19
41,1,27,322,1997,4992.3
41,1,27,322,1998,4882.22
41,1,27,322,1999,4647.36
41,1,27,322,2000,4436.13
41,1,27,322,2001,4268.87
41,1,27,322,2002,4147.16
41,1,27,322,2003,4064.36
41,1,27,322,2004,4050.77
41,1,27,322,2005,4023.67
41,1,27,322,2006,3899.02
41,1,27,322,2007,3740.27
41,1,27,322,2008,3567.9
41,1,27,322,2009,3406.47
41,1,27,322,2010,3204.69
41,1,27,322,2011,3031.47
41,1,27,322,2012,2868.47
41,1,27,322,2013,2726.3
41,1,27,322,2014,2579.38
41,1,27,322,2015,2449.13
41,1,27,322,2016,2336.22
41,2,22,322,1990,6109.65
41,2,22,322,1991,5928.41
41,2,22,322,1992,5925.13
41,2,22,322,1993,5936.83
41,2,22,322,1994,5973.73
41,2,22,322,1995,5920
41,2,22,322,1996,5739.17
41,2,22,322,1997,5415.69
41,2,22,322,1998,5108.6
41,2,22,322,1999,4737.61
41,2,22,322,2000,4418.51
41,2,22,322,2001,4212.94
41,2,22,322,2002,4069.58
41,2,22,322,2003,3960.28
41,2,22,322,2004,3905
41,2,22,322,2005,3838.12
41,2,22,322,2006,3701.83
41,2,22,322,2007,3548.38
41,2,22,322,2008,3391.87
41,2,22,322,2009,3232.91
41,2,22,322,2010,3043.67
41,2,22,322,2011,2871.3
41,2,22,322,2012,2701.77
41,2,22,322,2013,2537.52
41,2,22,322,2014,2378.62
41,2,22,322,2015,2229.26
41,2,22,322,2016,2093.85
41,2,27,322,1990,3684.94
41,2,27,322,1991,3662.02
41,2,27,322,1992,3770.84
41,2,27,322,1993,3917.8
41,2,27,322,1994,4103.37
41,2,27,322,1995,4234.12
41,2,27,322,1996,4278.1
41,2,27,322,1997,4196.51
41,2,27,322,1998,4095.89
41,2,27,322,1999,3902.45
41,2,27,322,2000,3707.23
41,2,27,322,2001,3569.93
41,2,27,322,2002,3471.82
41,2,27,322,2003,3403.3
41,2,27,322,2004,3381.61
41,2,27,322,2005,3344.61
41,2,27,322,2006,3232.64
41,2,27,322,2007,3092.9
41,2,27,322,2008,2944.78
41,2,27,322,2009,2795.02
41,2,27,322,2010,2625.19
41,2,27,322,2011,2474.93
41,2,27,322,2012,2336.18
41,2,27,322,2013,2207.67
41,2,27,322,2014,2089.34
41,2,27,322,2015,1982.74
41,2,27,322,2016,1885.76
41,3,22,322,1990,6843.01
41,3,22,322,1991,6659.61
41,3,22,322,1992,6645.25
41,3,22,322,1993,6655.34
41,3,22,322,1994,6686.08
41,3,22,322,1995,6617.02
41,3,22,322,1996,6408.35
41,3,22,322,1997,6051.83
41,3,22,322,1998,5713.77
41,3,22,322,1999,5293.51
41,3,22,322,2000,4946.63
41,3,22,322,2001,4712.37
41,3,22,322,2002,4548.58
41,3,22,322,2003,4428.24
41,3,22,322,2004,4378.56
41,3,22,322,2005,4318.14
41,3,22,322,2006,4174.97
41,3,22,322,2007,4011.17
41,3,22,322,2008,3839.98
41,3,22,322,2009,3673.12
41,3,22,322,2010,3460.13
41,3,22,322,2011,3269.83
41,3,22,322,2012,3080.78
41,3,22,322,2013,2902.71
41,3,22,322,2014,2719.05
41,3,22,322,2015,2547.74
41,3,22,322,2016,2395.27
41,3,27,322,1990,4021.41
41,3,27,322,1991,4003.45
41,3,27,322,1992,4117.64
41,3,27,322,1993,4278.52
41,3,27,322,1994,4477.93
41,3,27,322,1995,4626.01
41,3,27,322,1996,4676.83
41,3,27,322,1997,4593.12
41,3,27,322,1998,4487.45
41,3,27,322,1999,4272.54
41,3,27,322,2000,4068.72
41,3,27,322,2001,3915.78
41,3,27,322,2002,3805
41,3,27,322,2003,3729
41,3,27,322,2004,3711.41
41,3,27,322,2005,3679.41
41,3,27,322,2006,3561.22
41,3,27,322,2007,3412.13
41,3,27,322,2008,3252.02
41,3,27,322,2009,3096.65
41,3,27,322,2010,2910.71
41,3,27,322,2011,2748.99
41,3,27,322,2012,2598.13
41,3,27,322,2013,2462.83
41,3,27,322,2014,2330
41,3,27,322,2015,2211.39
41,3,27,322,2016,2106.28
43,1,22,322,1990,4486.39
43,1,22,322,1991,4843.03
43,1,22,322,1992,4770.81
43,1,22,322,1993,4605.98
43,1,22,322,1994,4262.26
43,1,22,322,1995,3754.15
43,1,22,322,1996,3196.32
43,1,22,322,1997,2717.59
43,1,22,322,1998,2289.25
43,1,22,322,1999,1927.92
43,1,22,322,2000,1658.88
43,1,22,322,2001,1427.62
43,1,22,322,2002,1248.68
43,1,22,322,2003,1102.21
43,1,22,322,2004,976.75
43,1,22,322,2005,880.02
43,1,22,322,2006,795.8
43,1,22,322,2007,722.3
43,1,22,322,2008,670.99
43,1,22,322,2009,625.1
43,1,22,322,2010,593.96
43,1,22,322,2011,559.33
43,1,22,322,2012,550.64
43,1,22,322,2013,545.41
43,1,22,322,2014,541.94
43,1,22,322,2015,540.15
43,1,22,322,2016,538.58
43,1,27,322,1990,3535.01
43,1,27,322,1991,3797.94
43,1,27,322,1992,3763.71
43,1,27,322,1993,3671.35
43,1,27,322,1994,3463.52
43,1,27,322,1995,3144.02
43,1,27,322,1996,2792.62
43,1,27,322,1997,2498.46
43,1,27,322,1998,2230.42
43,1,27,322,1999,1989.56
43,1,27,322,2000,1806.19
43,1,27,322,2001,1630.99
43,1,27,322,2002,1487.74
43,1,27,322,2003,1358.94
43,1,27,322,2004,1236.33
43,1,27,322,2005,1133.2
43,1,27,322,2006,1033.14
43,1,27,322,2007,940.06
43,1,27,322,2008,871.08
43,1,27,322,2009,805.96
43,1,27,322,2010,760.8
43,1,27,322,2011,710.26
43,1,27,322,2012,684.49
43,1,27,322,2013,662.66
43,1,27,322,2014,643.56
43,1,27,322,2015,627.95
43,1,27,322,2016,612.5
43,2,22,322,1990,4170
43,2,22,322,1991,4479.52
43,2,22,322,1992,4336.62
43,2,22,322,1993,4105.74
43,2,22,322,1994,3725.74
43,2,22,322,1995,3218.43
43,2,22,322,1996,2697.25
43,2,22,322,1997,2276.37
43,2,22,322,1998,1910.63
43,2,22,322,1999,1593.51
43,2,22,322,2000,1343.49
43,2,22,322,2001,1131.17
43,2,22,322,2002,953.95
43,2,22,322,2003,800.36
43,2,22,322,2004,675.24
43,2,22,322,2005,582.63
43,2,22,322,2006,510.3
43,2,22,322,2007,456.02
43,2,22,322,2008,419.23
43,2,22,322,2009,391.08
43,2,22,322,2010,367.63
43,2,22,322,2011,346.54
43,2,22,322,2012,337.8
43,2,22,322,2013,330.66
43,2,22,322,2014,324.38
43,2,22,322,2015,318.64
43,2,22,322,2016,315.32
43,2,27,322,1990,3217.79
43,2,27,322,1991,3491.35
43,2,27,322,1992,3459.86
43,2,27,322,1993,3374.03
43,2,27,322,1994,3173.25
43,2,27,322,1995,2860.29
43,2,27,322,1996,2503.94
43,2,27,322,1997,2208.9
43,2,27,322,1998,1946.4
43,2,27,322,1999,1707.95
43,2,27,322,2000,1515.85
43,2,27,322,2001,1343.05
43,2,27,322,2002,1187.37
43,2,27,322,2003,1035.25
43,2,27,322,2004,897.82
43,2,27,322,2005,786.04
43,2,27,322,2006,688.96
43,2,27,322,2007,612.32
43,2,27,322,2008,558.84
43,2,27,322,2009,517.02
43,2,27,322,2010,482.62
43,2,27,322,2011,450.53
43,2,27,322,2012,430.66
43,2,27,322,2013,413.06
43,2,27,322,2014,397.32
43,2,27,322,2015,383.19
43,2,27,322,2016,371.25
43,3,22,322,1990,4332.08
43,3,22,322,1991,4664.51
43,3,22,322,1992,4555.58
43,3,22,322,1993,4355.51
43,3,22,322,1994,3991.38
43,3,22,322,1995,3482.41
43,3,22,322,1996,2943.45
43,3,22,322,1997,2495.15
43,3,22,322,1998,2099.75
43,3,22,322,1999,1761.7
43,3,22,322,2000,1502.85
43,3,22,322,2001,1281.16
43,3,22,322,2002,1102.93
43,3,22,322,2003,952.59
43,3,22,322,2004,826.96
43,3,22,322,2005,732.09
43,3,22,322,2006,653.79
43,3,22,322,2007,589.99
43,3,22,322,2008,546.09
43,3,22,322,2009,509.11
43,3,22,322,2010,481.75
43,3,22,322,2011,453.6
43,3,22,322,2012,444.51
43,3,22,322,2013,437.87
43,3,22,322,2014,432.58
43,3,22,322,2015,428.5
43,3,22,322,2016,425.86
43,3,27,322,1990,3374.44
43,3,27,322,1991,3641.62
43,3,27,322,1992,3607.6
43,3,27,322,1993,3517.26
43,3,27,322,1994,3312.13
43,3,27,322,1995,2995.57
43,3,27,322,1996,2642.63
43,3,27,322,1997,2349.36
43,3,27,322,1998,2085.32
43,3,27,322,1999,1846.9
43,3,27,322,2000,1660.14
43,3,27,322,2001,1486.45
43,3,27,322,2002,1337.46
43,3,27,322,2003,1197.52
43,3,27,322,2004,1067.82
43,3,27,322,2005,960.59
43,3,27,322,2006,862.09
43,3,27,322,2007,777.09
43,3,27,322,2008,715.78
43,3,27,322,2009,662.02
43,3,27,322,2010,622.26
43,3,27,322,2011,581.07
43,3,27,322,2012,558.04
43,3,27,322,2013,538.07
43,3,27,322,2014,520.39
43,3,27,322,2015,505.34
43,3,27,322,2016,491.49
44,1,22,322,1990,369.53
44,1,22,322,1991,357.53
44,1,22,322,1992,359.92
44,1,22,322,1993,362.49
44,1,22,322,1994,363.57
44,1,22,322,1995,361.42
44,1,22,322,1996,344.13
44,1,22,322,1997,322.17
44,1,22,322,1998,301.04
44,1,22,322,1999,282.35
44,1,22,322,2000,264.99
44,1,22,322,2001,251.27
44,1,22,322,2002,243.66
44,1,22,322,2003,236.18
44,1,22,322,2004,229.09
44,1,22,322,2005,223.93
44,1,22,322,2006,219.28
44,1,22,322,2007,215.14
44,1,22,322,2008,211.28
44,1,22,322,2009,207.9
44,1,22,322,2010,205.51
44,1,22,322,2011,203.94
44,1,22,322,2012,202.54
44,1,22,322,2013,201
44,1,22,322,2014,199.91
44,1,22,322,2015,199.74
44,1,22,322,2016,199.33
44,1,27,322,1990,461.95
44,1,27,322,1991,445.94
44,1,27,322,1992,446.68
44,1,27,322,1993,449.04
44,1,27,322,1994,449.2
44,1,27,322,1995,444.69
44,1,27,322,1996,421.89
44,1,27,322,1997,394
44,1,27,322,1998,367.91
44,1,27,322,1999,344.56
44,1,27,322,2000,319.16
44,1,27,322,2001,296.44
44,1,27,322,2002,283.02
44,1,27,322,2003,267.41
44,1,27,322,2004,254.05
44,1,27,322,2005,243.8
44,1,27,322,2006,234.57
44,1,27,322,2007,225.01
44,1,27,322,2008,216.11
44,1,27,322,2009,208.78
44,1,27,322,2010,202.6
44,1,27,322,2011,196.22
44,1,27,322,2012,190.96
44,1,27,322,2013,186.15
44,1,27,322,2014,181.83
44,1,27,322,2015,179.54
44,1,27,322,2016,176.74
44,2,22,322,1990,302.75
44,2,22,322,1991,292.66
44,2,22,322,1992,294.82
44,2,22,322,1993,295.73
44,2,22,322,1994,296.02
44,2,22,322,1995,293.84
44,2,22,322,1996,278.89
44,2,22,322,1997,259.76
44,2,22,322,1998,241.25
44,2,22,322,1999,223.27
44,2,22,322,2000,206.68
44,2,22,322,2001,194.81
44,2,22,322,2002,188.43
44,2,22,322,2003,183.09
44,2,22,322,2004,177.32
44,2,22,322,2005,172.75
44,2,22,322,2006,169.46
44,2,22,322,2007,166.37
44,2,22,322,2008,163.5
44,2,22,322,2009,160.45
44,2,22,322,2010,158.26
44,2,22,322,2011,156.44
44,2,22,322,2012,154.26
44,2,22,322,2013,152.38
44,2,22,322,2014,151.49
44,2,22,322,2015,149.4
44,2,22,322,2016,146.99
44,2,27,322,1990,343.52
44,2,27,322,1991,330.7
44,2,27,322,1992,332.82
44,2,27,322,1993,334.95
44,2,27,322,1994,336.05
44,2,27,322,1995,333.57
44,2,27,322,1996,315.99
44,2,27,322,1997,293.45
44,2,27,322,1998,272.71
44,2,27,322,1999,252.39
44,2,27,322,2000,230.21
44,2,27,322,2001,212.29
44,2,27,322,2002,202.69
44,2,27,322,2003,192.26
44,2,27,322,2004,182.16
44,2,27,322,2005,174.12
44,2,27,322,2006,167.54
44,2,27,322,2007,160.14
44,2,27,322,2008,153.32
44,2,27,322,2009,147.23
44,2,27,322,2010,142.12
44,2,27,322,2011,136.53
44,2,27,322,2012,131.82
44,2,27,322,2013,127.78
44,2,27,322,2014,124.55
44,2,27,322,2015,121.68
44,2,27,322,2016,118.62
44,3,22,322,1990,336.13
44,3,22,322,1991,325.09
44,3,22,322,1992,327.35
44,3,22,322,1993,329.07
44,3,22,322,1994,329.72
44,3,22,322,1995,327.53
44,3,22,322,1996,311.41
44,3,22,322,1997,290.86
44,3,22,322,1998,271.04
44,3,22,322,1999,252.71
44,3,22,322,2000,235.73
44,3,22,322,2001,222.94
44,3,22,322,2002,215.94
44,3,22,322,2003,209.54
44,3,22,322,2004,203.12
44,3,22,322,2005,198.25
44,3,22,322,2006,194.28
44,3,22,322,2007,190.66
44,3,22,322,2008,187.3
44,3,22,322,2009,184.08
44,3,22,322,2010,181.79
44,3,22,322,2011,180.08
44,3,22,322,2012,178.29
44,3,22,322,2013,176.58
44,3,22,322,2014,175.59
44,3,22,322,2015,174.46
44,3,22,322,2016,173.04
44,3,27,322,1990,396.23
44,3,27,322,1991,381.87
44,3,27,322,1992,383.43
44,3,27,322,1993,385.73
44,3,27,322,1994,386.46
44,3,27,322,1995,383.23
44,3,27,322,1996,363.33
44,3,27,322,1997,338.45
44,3,27,322,1998,315.37
44,3,27,322,1999,293.84
44,3,27,322,2000,270.38
44,3,27,322,2001,250.45
44,3,27,322,2002,239.26
44,3,27,322,2003,226.56
44,3,27,322,2004,215.07
44,3,27,322,2005,206.07
44,3,27,322,2006,198.33
44,3,27,322,2007,190
44,3,27,322,2008,182.32
44,3,27,322,2009,175.75
44,3,27,322,2010,170.25
44,3,27,322,2011,164.38
44,3,27,322,2012,159.46
44,3,27,322,2013,155.08
44,3,27,322,2014,151.38
44,3,27,322,2015,148.83
44,3,27,322,2016,145.95
45,1,22,322,1990,1524.69
45,1,22,322,1991,1529.93
45,1,22,322,1992,1464.77
45,1,22,322,1993,1408.76
45,1,22,322,1994,1401.48
45,1,22,322,1995,1306.62
45,1,22,322,1996,1290.27
45,1,22,322,1997,1287.94
45,1,22,322,1998,1145.71
45,1,22,322,1999,1081.58
45,1,22,322,2000,1008.48
45,1,22,322,2001,956.89
45,1,22,322,2002,893.52
45,1,22,322,2003,859.09
45,1,22,322,2004,850.31
45,1,22,322,2005,827.21
45,1,22,322,2006,813.09
45,1,22,322,2007,792.66
45,1,22,322,2008,778.15
45,1,22,322,2009,777.23
45,1,22,322,2010,752.2
45,1,22,322,2011,703.93
45,1,22,322,2012,671.48
45,1,22,322,2013,646.38
45,1,22,322,2014,644.85
45,1,22,322,2015,642.24
45,1,22,322,2016,640.44
45,1,27,322,1990,1688.97
45,1,27,322,1991,1750.38
45,1,27,322,1992,1680.4
45,1,27,322,1993,1621.59
45,1,27,322,1994,1652.69
45,1,27,322,1995,1534.17
45,1,27,322,1996,1574.82
45,1,27,322,1997,1632.62
45,1,27,322,1998,1394.48
45,1,27,322,1999,1311.74
45,1,27,322,2000,1190.15
45,1,27,322,2001,1139.41
45,1,27,322,2002,1051.77
45,1,27,322,2003,989.98
45,1,27,322,2004,966.53
45,1,27,322,2005,905.11
45,1,27,322,2006,866.81
45,1,27,322,2007,824.88
45,1,27,322,2008,794.59
45,1,27,322,2009,798.01
45,1,27,322,2010,770.97
45,1,27,322,2011,698.12
45,1,27,322,2012,652.24
45,1,27,322,2013,615.44
45,1,27,322,2014,609.8
45,1,27,322,2015,601.62
45,1,27,322,2016,595.16
45,2,22,322,1990,971.68
45,2,22,322,1991,966.22
45,2,22,322,1992,896.88
45,2,22,322,1993,824.09
45,2,22,322,1994,802.97
45,2,22,322,1995,739.02
45,2,22,322,1996,749.26
45,2,22,322,1997,747.69
45,2,22,322,1998,640.4
45,2,22,322,1999,614.07
45,2,22,322,2000,565.17
45,2,22,322,2001,532.51
45,2,22,322,2002,497.45
45,2,22,322,2003,473.69
45,2,22,322,2004,467.68
45,2,22,322,2005,453.78
45,2,22,322,2006,446.74
45,2,22,322,2007,434.77
45,2,22,322,2008,423
45,2,22,322,2009,422.69
45,2,22,322,2010,406.63
45,2,22,322,2011,371.21
45,2,22,322,2012,351.17
45,2,22,322,2013,338.71
45,2,22,322,2014,337.97
45,2,22,322,2015,338
45,2,22,322,2016,338.02
45,2,27,322,1990,1119.9
45,2,27,322,1991,1158.87
45,2,27,322,1992,1093.17
45,2,27,322,1993,1022.35
45,2,27,322,1994,1031.08
45,2,27,322,1995,946.05
45,2,27,322,1996,1010.59
45,2,27,322,1997,1047.63
45,2,27,322,1998,860.99
45,2,27,322,1999,815.93
45,2,27,322,2000,727.55
45,2,27,322,2001,698.14
45,2,27,322,2002,646.35
45,2,27,322,2003,604.95
45,2,27,322,2004,588.96
45,2,27,322,2005,547.36
45,2,27,322,2006,521.72
45,2,27,322,2007,491.63
45,2,27,322,2008,466.41
45,2,27,322,2009,468.78
45,2,27,322,2010,449.49
45,2,27,322,2011,396.15
45,2,27,322,2012,365.42
45,2,27,322,2013,343.56
45,2,27,322,2014,339.79
45,2,27,322,2015,335.44
45,2,27,322,2016,331.72
45,3,22,322,1990,1244.35
45,3,22,322,1991,1243.78
45,3,22,322,1992,1176.06
45,3,22,322,1993,1111.09
45,3,22,322,1994,1096.39
45,3,22,322,1995,1016.94
45,3,22,322,1996,1013.87
45,3,22,322,1997,1011.69
45,3,22,322,1998,887.07
45,3,22,322,1999,842.09
45,3,22,322,2000,781.22
45,3,22,322,2001,739.18
45,3,22,322,2002,690.27
45,3,22,322,2003,661.31
45,3,22,322,2004,653.92
45,3,22,322,2005,635.51
45,3,22,322,2006,625
45,3,22,322,2007,608.93
45,3,22,322,2008,595.85
45,3,22,322,2009,595.27
45,3,22,322,2010,574.89
45,3,22,322,2011,533.29
45,3,22,322,2012,507.26
45,3,22,322,2013,488.7
45,3,22,322,2014,487.64
45,3,22,322,2015,486.44
45,3,22,322,2016,485.63
45,3,27,322,1990,1395.87
45,3,27,322,1991,1446.41
45,3,27,322,1992,1377.72
45,3,27,322,1993,1312.12
45,3,27,322,1994,1332.04
45,3,27,322,1995,1230.08
45,3,27,322,1996,1283
45,3,27,322,1997,1331.27
45,3,27,322,1998,1118.7
45,3,27,322,1999,1055.91
45,3,27,322,2000,951.22
45,3,27,322,2001,911.58
45,3,27,322,2002,841.96
45,3,27,322,2003,790.18
45,3,27,322,2004,770.48
45,3,27,322,2005,718.54
45,3,27,322,2006,686.51
45,3,27,322,2007,650.54
45,3,27,322,2008,623.03
45,3,27,322,2009,626.29
45,3,27,322,2010,603.27
45,3,27,322,2011,540.07
45,3,27,322,2012,501.84
45,3,27,322,2013,472.67
45,3,27,322,2014,468.15
45,3,27,322,2015,462.05
45,3,27,322,2016,457.12
46,1,22,322,1990,481.05
46,1,22,322,1991,488.75
46,1,22,322,1992,503.4
46,1,22,322,1993,512.03
46,1,22,322,1994,523.21
46,1,22,322,1995,536.3
46,1,22,322,1996,548
46,1,22,322,1997,562.03
46,1,22,322,1998,567.6
46,1,22,322,1999,566.12
46,1,22,322,2000,560.79
46,1,22,322,2001,553.41
46,1,22,322,2002,543.53
46,1,22,322,2003,528.62
46,1,22,322,2004,512.18
46,1,22,322,2005,491.76
46,1,22,322,2006,461.39
46,1,22,322,2007,427.67
46,1,22,322,2008,394.76
46,1,22,322,2009,364.46
46,1,22,322,2010,336.61
46,1,22,322,2011,313.74
46,1,22,322,2012,298.34
46,1,22,322,2013,287.52
46,1,22,322,2014,283.68
46,1,22,322,2015,286.21
46,1,22,322,2016,292.21
46,1,27,322,1990,518.67
46,1,27,322,1991,526.1
46,1,27,322,1992,540.3
46,1,27,322,1993,543.92
46,1,27,322,1994,546.74
46,1,27,322,1995,548.06
46,1,27,322,1996,549.26
46,1,27,322,1997,556.19
46,1,27,322,1998,553.1
46,1,27,322,1999,541.69
46,1,27,322,2000,528.26
46,1,27,322,2001,511.45
46,1,27,322,2002,495.48
46,1,27,322,2003,471.91
46,1,27,322,2004,448.33
46,1,27,322,2005,424.67
46,1,27,322,2006,391.24
46,1,27,322,2007,357.16
46,1,27,322,2008,323.84
46,1,27,322,2009,293.72
46,1,27,322,2010,266.22
46,1,27,322,2011,244.21
46,1,27,322,2012,228.99
46,1,27,322,2013,218.26
46,1,27,322,2014,212.95
46,1,27,322,2015,212.01
46,1,27,322,2016,212.65
46,2,22,322,1990,317.65
46,2,22,322,1991,321.57
46,2,22,322,1992,331.09
46,2,22,322,1993,334.24
46,2,22,322,1994,342.18
46,2,22,322,1995,351.14
46,2,22,322,1996,360.35
46,2,22,322,1997,370.98
46,2,22,322,1998,376.88
46,2,22,322,1999,375.7
46,2,22,322,2000,367.72
46,2,22,322,2001,358.67
46,2,22,322,2002,345.43
46,2,22,322,2003,334.19
46,2,22,322,2004,321.64
46,2,22,322,2005,304.37
46,2,22,322,2006,283.41
46,2,22,322,2007,260.75
46,2,22,322,2008,237.49
46,2,22,322,2009,217.2
46,2,22,322,2010,200.29
46,2,22,322,2011,186.47
46,2,22,322,2012,177.58
46,2,22,322,2013,172.16
46,2,22,322,2014,169.94
46,2,22,322,2015,171.58
46,2,22,322,2016,174.35
46,2,27,322,1990,285.65
46,2,27,322,1991,288.39
46,2,27,322,1992,296.11
46,2,27,322,1993,294.31
46,2,27,322,1994,295.62
46,2,27,322,1995,293.81
46,2,27,322,1996,295.33
46,2,27,322,1997,298.27
46,2,27,322,1998,294.2
46,2,27,322,1999,286.41
46,2,27,322,2000,273.55
46,2,27,322,2001,261.48
46,2,27,322,2002,246.94
46,2,27,322,2003,233.8
46,2,27,322,2004,220.96
46,2,27,322,2005,205.12
46,2,27,322,2006,187.46
46,2,27,322,2007,169.49
46,2,27,322,2008,150.99
46,2,27,322,2009,135.63
46,2,27,322,2010,122.14
46,2,27,322,2011,111.4
46,2,27,322,2012,104.24
46,2,27,322,2013,99.61
46,2,27,322,2014,96.68
46,2,27,322,2015,96.33
46,2,27,322,2016,96.27
46,3,22,322,1990,396.87
46,3,22,322,1991,402.62
46,3,22,322,1992,414.61
46,3,22,322,1993,420.39
46,3,22,322,1994,429.85
46,3,22,322,1995,440.74
46,3,22,322,1996,451.07
46,3,22,322,1997,463.23
46,3,22,322,1998,468.81
46,3,22,322,1999,467.35
46,3,22,322,2000,460.55
46,3,22,322,2001,452.29
46,3,22,322,2002,440.71
46,3,22,322,2003,427.76
46,3,22,322,2004,413.4
46,3,22,322,2005,394.63
46,3,22,322,2006,369.17
46,3,22,322,2007,341.18
46,3,22,322,2008,313.27
46,3,22,322,2009,288.16
46,3,22,322,2010,265.98
46,3,22,322,2011,247.8
46,3,22,322,2012,235.78
46,3,22,322,2013,227.77
46,3,22,322,2014,224.78
46,3,22,322,2015,226.87
46,3,22,322,2016,231.21
46,3,27,322,1990,389.1
46,3,27,322,1991,393.88
46,3,27,322,1992,404.24
46,3,27,322,1993,404.57
46,3,27,322,1994,406.05
46,3,27,322,1995,405.24
46,3,27,322,1996,406.05
46,3,27,322,1997,410.38
46,3,27,322,1998,406.19
46,3,27,322,1999,396.04
46,3,27,322,2000,382.66
46,3,27,322,2001,368.41
46,3,27,322,2002,353.37
46,3,27,322,2003,335.67
46,3,27,322,2004,317.96
46,3,27,322,2005,299.02
46,3,27,322,2006,274.64
46,3,27,322,2007,249.89
46,3,27,322,2008,225.31
46,3,27,322,2009,203.8
46,3,27,322,2010,184.41
46,3,27,322,2011,168.91
46,3,27,322,2012,158.38
46,3,27,322,2013,151.2
46,3,27,322,2014,147.39
46,3,27,322,2015,146.89
46,3,27,322,2016,147.34
47,1,22,322,1990,519.7
47,1,22,322,1991,515.47
47,1,22,322,1992,499.4
47,1,22,322,1993,482.45
47,1,22,322,1994,475.9
47,1,22,322,1995,476.92
47,1,22,322,1996,467.87
47,1,22,322,1997,469.2
47,1,22,322,1998,468.37
47,1,22,322,1999,473.44
47,1,22,322,2000,480.97
47,1,22,322,2001,490.36
47,1,22,322,2002,504.52
47,1,22,322,2003,518.39
47,1,22,322,2004,524.94
47,1,22,322,2005,530.52
47,1,22,322,2006,537.4
47,1,22,322,2007,539.73
47,1,22,322,2008,543.33
47,1,22,322,2009,551.35
47,1,22,322,2010,550.34
47,1,22,322,2011,545.4
47,1,22,322,2012,540.75
47,1,22,322,2013,534.44
47,1,22,322,2014,523.14
47,1,22,322,2015,508.63
47,1,22,322,2016,500.97
47,1,27,322,1990,567.5
47,1,27,322,1991,563.34
47,1,27,322,1992,543.96
47,1,27,322,1993,523.19
47,1,27,322,1994,514.67
47,1,27,322,1995,513.44
47,1,27,322,1996,492.81
47,1,27,322,1997,487.72
47,1,27,322,1998,478
47,1,27,322,1999,475.73
47,1,27,322,2000,474.33
47,1,27,322,2001,476.39
47,1,27,322,2002,483.83
47,1,27,322,2003,489.89
47,1,27,322,2004,486.86
47,1,27,322,2005,483.38
47,1,27,322,2006,482.91
47,1,27,322,2007,475.61
47,1,27,322,2008,469.86
47,1,27,322,2009,469.45
47,1,27,322,2010,461.54
47,1,27,322,2011,449.66
47,1,27,322,2012,438.99
47,1,27,322,2013,427.6
47,1,27,322,2014,412.33
47,1,27,322,2015,396.74
47,1,27,322,2016,385.41
47,2,22,322,1990,388.85
47,2,22,322,1991,380.75
47,2,22,322,1992,369.92
47,2,22,322,1993,362.6
47,2,22,322,1994,362.1
47,2,22,322,1995,355.79
47,2,22,322,1996,346.34
47,2,22,322,1997,340.45
47,2,22,322,1998,335.39
47,2,22,322,1999,338.67
47,2,22,322,2000,340.91
47,2,22,322,2001,344.64
47,2,22,322,2002,350.81
47,2,22,322,2003,354.1
47,2,22,322,2004,355.09
47,2,22,322,2005,355.53
47,2,22,322,2006,355.54
47,2,22,322,2007,353.34
47,2,22,322,2008,349.92
47,2,22,322,2009,352.97
47,2,22,322,2010,350.07
47,2,22,322,2011,346.39
47,2,22,322,2012,342.23
47,2,22,322,2013,337.03
47,2,22,322,2014,328.49
47,2,22,322,2015,321.32
47,2,22,322,2016,315.73
47,2,27,322,1990,338.33
47,2,27,322,1991,332.55
47,2,27,322,1992,321.48
47,2,27,322,1993,311.39
47,2,27,322,1994,311.38
47,2,27,322,1995,302.85
47,2,27,322,1996,286.86
47,2,27,322,1997,279.87
47,2,27,322,1998,269.69
47,2,27,322,1999,267.67
47,2,27,322,2000,265.34
47,2,27,322,2001,264.02
47,2,27,322,2002,265.47
47,2,27,322,2003,263.84
47,2,27,322,2004,259.08
47,2,27,322,2005,254.92
47,2,27,322,2006,250.86
47,2,27,322,2007,245.06
47,2,27,322,2008,238.48
47,2,27,322,2009,237.59
47,2,27,322,2010,233.44
47,2,27,322,2011,227.6
47,2,27,322,2012,220.66
47,2,27,322,2013,213.04
47,2,27,322,2014,204.42
47,2,27,322,2015,197.85
47,2,27,322,2016,192.09
47,3,22,322,1990,452.37
47,3,22,322,1991,446.16
47,3,22,322,1992,432.8
47,3,22,322,1993,420.82
47,3,22,322,1994,417.39
47,3,22,322,1995,414.66
47,3,22,322,1996,405.43
47,3,22,322,1997,403.07
47,3,22,322,1998,400.09
47,3,22,322,1999,404.26
47,3,22,322,2000,409.1
47,3,22,322,2001,415.62
47,3,22,322,2002,425.74
47,3,22,322,2003,434.25
47,3,22,322,2004,438.01
47,3,22,322,2005,441.03
47,3,22,322,2006,444.48
47,3,22,322,2007,444.57
47,3,22,322,2008,444.67
47,3,22,322,2009,450.23
47,3,22,322,2010,448.34
47,3,22,322,2011,444.1
47,3,22,322,2012,439.73
47,3,22,322,2013,433.99
47,3,22,322,2014,424.11
47,3,22,322,2015,413.34
47,3,22,322,2016,406.73
47,3,27,322,1990,440.34
47,3,27,322,1991,434.92
47,3,27,322,1992,419.83
47,3,27,322,1993,404.74
47,3,27,322,1994,400.63
47,3,27,322,1995,395.63
47,3,27,322,1996,377.71
47,3,27,322,1997,371.94
47,3,27,322,1998,362.07
47,3,27,322,1999,359.98
47,3,27,322,2000,357.81
47,3,27,322,2001,358.05
47,3,27,322,2002,362.33
47,3,27,322,2003,364.25
47,3,27,322,2004,360.38
47,3,27,322,2005,356.48
47,3,27,322,2006,354.4
47,3,27,322,2007,348.38
47,3,27,322,2008,342.27
47,3,27,322,2009,341.72
47,3,27,322,2010,335.95
47,3,27,322,2011,327.38
47,3,27,322,2012,318.83
47,3,27,322,2013,309.65
47,3,27,322,2014,298.13
47,3,27,322,2015,287.71
47,3,27,322,2016,279.62
48,1,22,322,1990,471.95
48,1,22,322,1991,476.56
48,1,22,322,1992,454.16
48,1,22,322,1993,431.85
48,1,22,322,1994,411.28
48,1,22,322,1995,384.77
48,1,22,322,1996,369.89
48,1,22,322,1997,348.44
48,1,22,322,1998,334.39
48,1,22,322,1999,320.22
48,1,22,322,2000,310.26
48,1,22,322,2001,289.47
48,1,22,322,2002,278.11
48,1,22,322,2003,273.83
48,1,22,322,2004,270.49
48,1,22,322,2005,266.91
48,1,22,322,2006,263.5
48,1,22,322,2007,261.86
48,1,22,322,2008,255.15
48,1,22,322,2009,248.11
48,1,22,322,2010,241.77
48,1,22,322,2011,238.73
48,1,22,322,2012,238.15
48,1,22,322,2013,237.25
48,1,22,322,2014,238.1
48,1,22,322,2015,240.27
48,1,22,322,2016,241.46
48,1,27,322,1990,526.64
48,1,27,322,1991,530.99
48,1,27,322,1992,502.24
48,1,27,322,1993,473.4
48,1,27,322,1994,448.55
48,1,27,322,1995,416.94
48,1,27,322,1996,403.51
48,1,27,322,1997,377.43
48,1,27,322,1998,362.3
48,1,27,322,1999,343.95
48,1,27,322,2000,332.33
48,1,27,322,2001,301.09
48,1,27,322,2002,284.61
48,1,27,322,2003,278.65
48,1,27,322,2004,271.6
48,1,27,322,2005,264.35
48,1,27,322,2006,257.14
48,1,27,322,2007,253.2
48,1,27,322,2008,242.66
48,1,27,322,2009,233.62
48,1,27,322,2010,226.87
48,1,27,322,2011,222.1
48,1,27,322,2012,220.5
48,1,27,322,2013,218.93
48,1,27,322,2014,217.71
48,1,27,322,2015,219.38
48,1,27,322,2016,218.57
48,2,22,322,1990,274.97
48,2,22,322,1991,278.98
48,2,22,322,1992,265.27
48,2,22,322,1993,251.93
48,2,22,322,1994,239.54
48,2,22,322,1995,228.12
48,2,22,322,1996,222.84
48,2,22,322,1997,210.1
48,2,22,322,1998,201.27
48,2,22,322,1999,191.54
48,2,22,322,2000,188.19
48,2,22,322,2001,176.76
48,2,22,322,2002,167.86
48,2,22,322,2003,163.91
48,2,22,322,2004,158.58
48,2,22,322,2005,156.04
48,2,22,322,2006,153.02
48,2,22,322,2007,151.34
48,2,22,322,2008,148.87
48,2,22,322,2009,145.91
48,2,22,322,2010,143.47
48,2,22,322,2011,141.31
48,2,22,322,2012,140.41
48,2,22,322,2013,139.35
48,2,22,322,2014,139.82
48,2,22,322,2015,140.89
48,2,22,322,2016,140.93
48,2,27,322,1990,306.81
48,2,27,322,1991,313.02
48,2,27,322,1992,293.88
48,2,27,322,1993,275.17
48,2,27,322,1994,257.51
48,2,27,322,1995,242.62
48,2,27,322,1996,237.4
48,2,27,322,1997,220.89
48,2,27,322,1998,209.74
48,2,27,322,1999,194.47
48,2,27,322,2000,194.02
48,2,27,322,2001,177.24
48,2,27,322,2002,164.43
48,2,27,322,2003,160.05
48,2,27,322,2004,151.29
48,2,27,322,2005,146.45
48,2,27,322,2006,140.56
48,2,27,322,2007,137.94
48,2,27,322,2008,132.75
48,2,27,322,2009,128.21
48,2,27,322,2010,124.22
48,2,27,322,2011,120.68
48,2,27,322,2012,117.76
48,2,27,322,2013,115.33
48,2,27,322,2014,113.77
48,2,27,322,2015,114.41
48,2,27,322,2016,113.94
48,3,22,322,1990,369.59
48,3,22,322,1991,373.81
48,3,22,322,1992,355.83
48,3,22,322,1993,338.1
48,3,22,322,1994,321.7
48,3,22,322,1995,302.98
48,3,22,322,1996,293.05
48,3,22,322,1997,276.1
48,3,22,322,1998,264.72
48,3,22,322,1999,252.82
48,3,22,322,2000,246.28
48,3,22,322,2001,230.36
48,3,22,322,2002,220.26
48,3,22,322,2003,216.13
48,3,22,322,2004,211.72
48,3,22,322,2005,208.68
48,3,22,322,2006,205.48
48,3,22,322,2007,203.82
48,3,22,322,2008,199.34
48,3,22,322,2009,194.45
48,3,22,322,2010,190.17
48,3,22,322,2011,187.63
48,3,22,322,2012,186.92
48,3,22,322,2013,185.96
48,3,22,322,2014,186.63
48,3,22,322,2015,188.27
48,3,22,322,2016,188.9
48,3,27,322,1990,410.41
48,3,27,322,1991,415.54
48,3,27,322,1992,391.33
48,3,27,322,1993,367.29
48,3,27,322,1994,346.18
48,3,27,322,1995,322.92
48,3,27,322,1996,313.65
48,3,27,322,1997,292.4
48,3,27,322,1998,279.49
48,3,27,322,1999,262.94
48,3,27,322,2000,257.03
48,3,27,322,2001,233.05
48,3,27,322,2002,218.43
48,3,27,322,2003,213.27
48,3,27,322,2004,205.48
48,3,27,322,2005,199.53
48,3,27,322,2006,193.07
48,3,27,322,2007,189.75
48,3,27,322,2008,181.92
48,3,27,322,2009,175.2
48,3,27,322,2010,169.88
48,3,27,322,2011,165.91
48,3,27,322,2012,163.91
48,3,27,322,2013,162.01
48,3,27,322,2014,160.77
48,3,27,322,2015,162.16
48,3,27,322,2016,161.64
49,1,22,322,1990,1064.42
49,1,22,322,1991,948.24
49,1,22,322,1992,866.62
49,1,22,322,1993,696.24
49,1,22,322,1994,632.6
49,1,22,322,1995,556.58
49,1,22,322,1996,446.05
49,1,22,322,1997,400.01
49,1,22,322,1998,381.25
49,1,22,322,1999,345.28
49,1,22,322,2000,309.62
49,1,22,322,2001,286.32
49,1,22,322,2002,274.76
49,1,22,322,2003,277.36
49,1,22,322,2004,278.4
49,1,22,322,2005,270.27
49,1,22,322,2006,258.33
49,1,22,322,2007,248.34
49,1,22,322,2008,245.48
49,1,22,322,2009,245.71
49,1,22,322,2010,228.22
49,1,22,322,2011,222.66
49,1,22,322,2012,234.99
49,1,22,322,2013,242.94
49,1,22,322,2014,241.43
49,1,22,322,2015,234.58
49,1,22,322,2016,226.96
49,1,27,322,1990,1148.7
49,1,27,322,1991,1010.59
49,1,27,322,1992,929.16
49,1,27,322,1993,758.04
49,1,27,322,1994,693.19
49,1,27,322,1995,619.92
49,1,27,322,1996,509.57
49,1,27,322,1997,467.15
49,1,27,322,1998,453.01
49,1,27,322,1999,412.31
49,1,27,322,2000,369.35
49,1,27,322,2001,345.86
49,1,27,322,2002,338.91
49,1,27,322,2003,348.24
49,1,27,322,2004,353.28
49,1,27,322,2005,343.43
49,1,27,322,2006,325.42
49,1,27,322,2007,308.57
49,1,27,322,2008,301.42
49,1,27,322,2009,298.01
49,1,27,322,2010,268.92
49,1,27,322,2011,259.85
49,1,27,322,2012,278.32
49,1,27,322,2013,290.14
49,1,27,322,2014,286.97
49,1,27,322,2015,276.02
49,1,27,322,2016,262.77
49,2,22,322,1990,890.76
49,2,22,322,1991,776.93
49,2,22,322,1992,708.03
49,2,22,322,1993,558.99
49,2,22,322,1994,504.34
49,2,22,322,1995,437.09
49,2,22,322,1996,338.27
49,2,22,322,1997,298.16
49,2,22,322,1998,282.34
49,2,22,322,1999,253.36
49,2,22,322,2000,225.28
49,2,22,322,2001,207
49,2,22,322,2002,198.13
49,2,22,322,2003,200.76
49,2,22,322,2004,202.36
49,2,22,322,2005,195.32
49,2,22,322,2006,183.66
49,2,22,322,2007,175.37
49,2,22,322,2008,174.57
49,2,22,322,2009,173.35
49,2,22,322,2010,157.8
49,2,22,322,2011,152.81
49,2,22,322,2012,161.56
49,2,22,322,2013,167.48
49,2,22,322,2014,165.92
49,2,22,322,2015,160.2
49,2,22,322,2016,153.49
49,2,27,322,1990,980.31
49,2,27,322,1991,843.79
49,2,27,322,1992,773.73
49,2,27,322,1993,618.04
49,2,27,322,1994,560.64
49,2,27,322,1995,493.17
49,2,27,322,1996,389.65
49,2,27,322,1997,350.89
49,2,27,322,1998,338.57
49,2,27,322,1999,304.57
49,2,27,322,2000,269.53
49,2,27,322,2001,250.68
49,2,27,322,2002,245.55
49,2,27,322,2003,254.04
49,2,27,322,2004,259.36
49,2,27,322,2005,250.15
49,2,27,322,2006,231.89
49,2,27,322,2007,217.37
49,2,27,322,2008,214.2
49,2,27,322,2009,209.95
49,2,27,322,2010,183.42
49,2,27,322,2011,175.38
49,2,27,322,2012,189.74
49,2,27,322,2013,199.84
49,2,27,322,2014,197.9
49,2,27,322,2015,189.36
49,2,27,322,2016,178.4
49,3,22,322,1990,978.1
49,3,22,322,1991,863.02
49,3,22,322,1992,787.66
49,3,22,322,1993,627.84
49,3,22,322,1994,568.63
49,3,22,322,1995,496.94
49,3,22,322,1996,392.23
49,3,22,322,1997,349.14
49,3,22,322,1998,331.83
49,3,22,322,1999,299.34
49,3,22,322,2000,267.46
49,3,22,322,2001,246.65
49,3,22,322,2002,236.41
49,3,22,322,2003,239
49,3,22,322,2004,240.3
49,3,22,322,2005,232.7
49,3,22,322,2006,220.88
49,3,22,322,2007,211.74
49,3,22,322,2008,209.91
49,3,22,322,2009,209.41
49,3,22,322,2010,192.89
49,3,22,322,2011,187.61
49,3,22,322,2012,198.14
49,3,22,322,2013,205.06
49,3,22,322,2014,203.52
49,3,22,322,2015,197.23
49,3,22,322,2016,190.05
49,3,27,322,1990,1064.42
49,3,27,322,1991,927.03
49,3,27,322,1992,851.06
49,3,27,322,1993,687.35
49,3,27,322,1994,626.05
49,3,27,322,1995,555.5
49,3,27,322,1996,448.43
49,3,27,322,1997,407.77
49,3,27,322,1998,394.47
49,3,27,322,1999,357.02
49,3,27,322,2000,317.85
49,3,27,322,2001,296.56
49,3,27,322,2002,290.39
49,3,27,322,2003,299.19
49,3,27,322,2004,304.28
49,3,27,322,2005,294.69
49,3,27,322,2006,276.52
49,3,27,322,2007,260.84
49,3,27,322,2008,255.66
49,3,27,322,2009,251.82
49,3,27,322,2010,223.96
49,3,27,322,2011,215.39
49,3,27,322,2012,231.84
49,3,27,322,2013,242.82
49,3,27,322,2014,240.31
49,3,27,322,2015,230.62
49,3,27,322,2016,218.59
50,1,22,322,1990,412.67
50,1,22,322,1991,403.01
50,1,22,322,1992,402.11
50,1,22,322,1993,408.46
50,1,22,322,1994,416.97
50,1,22,322,1995,426.61
50,1,22,322,1996,434.91
50,1,22,322,1997,444.2
50,1,22,322,1998,449.51
50,1,22,322,1999,452.1
50,1,22,322,2000,442.1
50,1,22,322,2001,419.09
50,1,22,322,2002,394.84
50,1,22,322,2003,373.55
50,1,22,322,2004,354.77
50,1,22,322,2005,341.27
50,1,22,322,2006,326.3
50,1,22,322,2007,312.28
50,1,22,322,2008,298.58
50,1,22,322,2009,287.72
50,1,22,322,2010,277.81
50,1,22,322,2011,268.61
50,1,22,322,2012,262.26
50,1,22,322,2013,257.98
50,1,22,322,2014,255.84
50,1,22,322,2015,254.27
50,1,22,322,2016,253.34
50,1,27,322,1990,461.6
50,1,27,322,1991,453.63
50,1,27,322,1992,454.29
50,1,27,322,1993,463.21
50,1,27,322,1994,474.11
50,1,27,322,1995,485.81
50,1,27,322,1996,496.43
50,1,27,322,1997,508.72
50,1,27,322,1998,516.39
50,1,27,322,1999,520.7
50,1,27,322,2000,509.09
50,1,27,322,2001,480.3
50,1,27,322,2002,449.39
50,1,27,322,2003,421.63
50,1,27,322,2004,397.09
50,1,27,322,2005,377.69
50,1,27,322,2006,354.96
50,1,27,322,2007,333.41
50,1,27,322,2008,313.49
50,1,27,322,2009,298.36
50,1,27,322,2010,284.88
50,1,27,322,2011,271.8
50,1,27,322,2012,262.11
50,1,27,322,2013,254.77
50,1,27,322,2014,250.26
50,1,27,322,2015,246.91
50,1,27,322,2016,243.82
50,2,22,322,1990,283.51
50,2,22,322,1991,273.59
50,2,22,322,1992,266.83
50,2,22,322,1993,266.14
50,2,22,322,1994,267.8
50,2,22,322,1995,270.67
50,2,22,322,1996,273.44
50,2,22,322,1997,277.6
50,2,22,322,1998,281.7
50,2,22,322,1999,282.1
50,2,22,322,2000,273.02
50,2,22,322,2001,256.84
50,2,22,322,2002,238.54
50,2,22,322,2003,222.97
50,2,22,322,2004,208.36
50,2,22,322,2005,196.22
50,2,22,322,2006,184.74
50,2,22,322,2007,174.74
50,2,22,322,2008,165.95
50,2,22,322,2009,159.21
50,2,22,322,2010,153.08
50,2,22,322,2011,148.49
50,2,22,322,2012,145.74
50,2,22,322,2013,142.84
50,2,22,322,2014,140.79
50,2,22,322,2015,139.01
50,2,22,322,2016,137.95
50,2,27,322,1990,312.44
50,2,27,322,1991,303.03
50,2,27,322,1992,296.85
50,2,27,322,1993,298.57
50,2,27,322,1994,302.99
50,2,27,322,1995,308.76
50,2,27,322,1996,314.8
50,2,27,322,1997,322.72
50,2,27,322,1998,330.47
50,2,27,322,1999,333.61
50,2,27,322,2000,324.5
50,2,27,322,2001,304.21
50,2,27,322,2002,280.5
50,2,27,322,2003,258.9
50,2,27,322,2004,238.45
50,2,27,322,2005,220.75
50,2,27,322,2006,203.36
50,2,27,322,2007,188.04
50,2,27,322,2008,174.66
50,2,27,322,2009,164.46
50,2,27,322,2010,155
50,2,27,322,2011,146.81
50,2,27,322,2012,141.17
50,2,27,322,2013,136.08
50,2,27,322,2014,132.87
50,2,27,322,2015,130.23
50,2,27,322,2016,127.99
50,3,22,322,1990,347.8
50,3,22,322,1991,338.04
50,3,22,322,1992,334.19
50,3,22,322,1993,336.98
50,3,22,322,1994,342
50,3,22,322,1995,348.18
50,3,22,322,1996,353.59
50,3,22,322,1997,360.18
50,3,22,322,1998,364.79
50,3,22,322,1999,366.16
50,3,22,322,2000,356.51
50,3,22,322,2001,336.86
50,3,22,322,2002,315.54
50,3,22,322,2003,297.05
50,3,22,322,2004,280.31
50,3,22,322,2005,267.47
50,3,22,322,2006,254.29
50,3,22,322,2007,242.37
50,3,22,322,2008,231.24
50,3,22,322,2009,222.55
50,3,22,322,2010,214.61
50,3,22,322,2011,207.77
50,3,22,322,2012,203.26
50,3,22,322,2013,199.7
50,3,22,322,2014,197.62
50,3,22,322,2015,195.96
50,3,22,322,2016,194.98
50,3,27,322,1990,382.89
50,3,27,322,1991,374.18
50,3,27,322,1992,371.24
50,3,27,322,1993,376.42
50,3,27,322,1994,384.03
50,3,27,322,1995,392.8
50,3,27,322,1996,401.27
50,3,27,322,1997,411.34
50,3,27,322,1998,419.06
50,3,27,322,1999,422.75
50,3,27,322,2000,412.39
50,3,27,322,2001,387.96
50,3,27,322,2002,360.72
50,3,27,322,2003,336.07
50,3,27,322,2004,313.65
50,3,27,322,2005,295.14
50,3,27,322,2006,275.25
50,3,27,322,2007,256.92
50,3,27,322,2008,240.48
50,3,27,322,2009,228.02
50,3,27,322,2010,216.61
50,3,27,322,2011,206.08
50,3,27,322,2012,198.56
50,3,27,322,2013,192.43
50,3,27,322,2014,188.6
50,3,27,322,2015,185.63
50,3,27,322,2016,183.01
51,1,22,322,1990,697.75
51,1,22,322,1991,695.62
51,1,22,322,1992,658.97
51,1,22,322,1993,610.45
51,1,22,322,1994,620.14
51,1,22,322,1995,599.79
51,1,22,322,1996,570.82
51,1,22,322,1997,550.07
51,1,22,322,1998,531.6
51,1,22,322,1999,529.53
51,1,22,322,2000,503.23
51,1,22,322,2001,489.58
51,1,22,322,2002,487.64
51,1,22,322,2003,493.03
51,1,22,322,2004,513.79
51,1,22,322,2005,532.04
51,1,22,322,2006,552.7
51,1,22,322,2007,575.55
51,1,22,322,2008,589.84
51,1,22,322,2009,594.97
51,1,22,322,2010,593.89
51,1,22,322,2011,594.93
51,1,22,322,2012,599.66
51,1,22,322,2013,592.88
51,1,22,322,2014,568.35
51,1,22,322,2015,563.37
51,1,22,322,2016,557.84
51,1,27,322,1990,780
51,1,27,322,1991,777.36
51,1,27,322,1992,738.72
51,1,27,322,1993,685.27
51,1,27,322,1994,704.89
51,1,27,322,1995,676.38
51,1,27,322,1996,642.77
51,1,27,322,1997,610.53
51,1,27,322,1998,586.67
51,1,27,322,1999,579.97
51,1,27,322,2000,546.01
51,1,27,322,2001,526.97
51,1,27,322,2002,517
51,1,27,322,2003,514.45
51,1,27,322,2004,525.19
51,1,27,322,2005,531.62
51,1,27,322,2006,538.88
51,1,27,322,2007,549.41
51,1,27,322,2008,553.07
51,1,27,322,2009,549.53
51,1,27,322,2010,539.08
51,1,27,322,2011,530.27
51,1,27,322,2012,526.97
51,1,27,322,2013,513.88
51,1,27,322,2014,484.49
51,1,27,322,2015,472.37
51,1,27,322,2016,461.18
51,2,22,322,1990,394.46
51,2,22,322,1991,382.62
51,2,22,322,1992,360.05
51,2,22,322,1993,336.46
51,2,22,322,1994,345.56
51,2,22,322,1995,328.27
51,2,22,322,1996,321
51,2,22,322,1997,311.11
51,2,22,322,1998,306.85
51,2,22,322,1999,312.05
51,2,22,322,2000,304.76
51,2,22,322,2001,298.73
51,2,22,322,2002,294.22
51,2,22,322,2003,294.89
51,2,22,322,2004,297.35
51,2,22,322,2005,304.78
51,2,22,322,2006,310.41
51,2,22,322,2007,317.71
51,2,22,322,2008,320.93
51,2,22,322,2009,325.95
51,2,22,322,2010,314.81
51,2,22,322,2011,314.38
51,2,22,322,2012,317.59
51,2,22,322,2013,316.08
51,2,22,322,2014,306.74
51,2,22,322,2015,303.05
51,2,22,322,2016,299.55
51,2,27,322,1990,410.99
51,2,27,322,1991,397.9
51,2,27,322,1992,376.11
51,2,27,322,1993,350.03
51,2,27,322,1994,368.85
51,2,27,322,1995,343.1
51,2,27,322,1996,331.38
51,2,27,322,1997,310.09
51,2,27,322,1998,298.2
51,2,27,322,1999,294.67
51,2,27,322,2000,279.19
51,2,27,322,2001,269.53
51,2,27,322,2002,261.55
51,2,27,322,2003,256.32
51,2,27,322,2004,252.98
51,2,27,322,2005,253.66
51,2,27,322,2006,251.79
51,2,27,322,2007,252.29
51,2,27,322,2008,249.97
51,2,27,322,2009,248.95
51,2,27,322,2010,234.89
51,2,27,322,2011,229.15
51,2,27,322,2012,226.76
51,2,27,322,2013,223.46
51,2,27,322,2014,213.55
51,2,27,322,2015,206.29
51,2,27,322,2016,199.9
51,3,22,322,1990,542.23
51,3,22,322,1991,535.03
51,3,22,322,1992,505.51
51,3,22,322,1993,469.71
51,3,22,322,1994,479.03
51,3,22,322,1995,460.2
51,3,22,322,1996,442.33
51,3,22,322,1997,427.12
51,3,22,322,1998,415.91
51,3,22,322,1999,417.51
51,3,22,322,2000,400.95
51,3,22,322,2001,391.43
51,3,22,322,2002,388.13
51,3,22,322,2003,391.07
51,3,22,322,2004,402.37
51,3,22,322,2005,415.01
51,3,22,322,2006,427.87
51,3,22,322,2007,442.64
51,3,22,322,2008,451.17
51,3,22,322,2009,456.22
51,3,22,322,2010,449.93
51,3,22,322,2011,450.19
51,3,22,322,2012,454.11
51,3,22,322,2013,450.03
51,3,22,322,2014,433.33
51,3,22,322,2015,428.99
51,3,22,322,2016,424.48
51,3,27,322,1990,581.63
51,3,27,322,1991,573.39
51,3,27,322,1992,543.57
51,3,27,322,1993,504.2
51,3,27,322,1994,523.66
51,3,27,322,1995,496.08
51,3,27,322,1996,473.5
51,3,27,322,1997,446.26
51,3,27,322,1998,427.96
51,3,27,322,1999,421.86
51,3,27,322,2000,397.56
51,3,27,322,2001,383.32
51,3,27,322,2002,373.94
51,3,27,322,2003,369.74
51,3,27,322,2004,372.9
51,3,27,322,2005,376.28
51,3,27,322,2006,378.78
51,3,27,322,2007,383.93
51,3,27,322,2008,384.36
51,3,27,322,2009,382.1
51,3,27,322,2010,369.52
51,3,27,322,2011,362.59
51,3,27,322,2012,359.95
51,3,27,322,2013,352.23
51,3,27,322,2014,333.66
51,3,27,322,2015,324.48
51,3,27,322,2016,316.28
52,1,22,322,1990,2561.71
52,1,22,322,1991,2071.5
52,1,22,322,1992,2041.96
52,1,22,322,1993,2027.06
52,1,22,322,1994,2021.77
52,1,22,322,1995,1890.47
52,1,22,322,1996,1940.34
52,1,22,322,1997,1901.9
52,1,22,322,1998,1758.09
52,1,22,322,1999,1621.41
52,1,22,322,2000,1582.3
52,1,22,322,2001,1528.69
52,1,22,322,2002,1460.55
52,1,22,322,2003,1412.31
52,1,22,322,2004,1397.15
52,1,22,322,2005,1325.49
52,1,22,322,2006,1275.5
52,1,22,322,2007,1205.71
52,1,22,322,2008,1216.82
52,1,22,322,2009,1195.21
52,1,22,322,2010,1179.36
52,1,22,322,2011,1098.96
52,1,22,322,2012,1087.79
52,1,22,322,2013,1059.52
52,1,22,322,2014,1066.28
52,1,22,322,2015,1032.76
52,1,22,322,2016,1010.17
52,1,27,322,1990,3070.78
52,1,27,322,1991,2617.38
52,1,27,322,1992,2643.33
52,1,27,322,1993,2651.92
52,1,27,322,1994,2671.96
52,1,27,322,1995,2486.04
52,1,27,322,1996,2592.72
52,1,27,322,1997,2528.14
52,1,27,322,1998,2313.08
52,1,27,322,1999,2124.68
52,1,27,322,2000,2101.11
52,1,27,322,2001,2022.86
52,1,27,322,2002,1902.15
52,1,27,322,2003,1808.81
52,1,27,322,2004,1783.72
52,1,27,322,2005,1654.37
52,1,27,322,2006,1573.71
52,1,27,322,2007,1443.66
52,1,27,322,2008,1418.45
52,1,27,322,2009,1374.29
52,1,27,322,2010,1370.32
52,1,27,322,2011,1289.22
52,1,27,322,2012,1249.72
52,1,27,322,2013,1180.59
52,1,27,322,2014,1148.83
52,1,27,322,2015,1086.33
52,1,27,322,2016,1050.66
52,2,22,322,1990,1839.09
52,2,22,322,1991,1435.41
52,2,22,322,1992,1371.18
52,2,22,322,1993,1346.25
52,2,22,322,1994,1319.57
52,2,22,322,1995,1192.26
52,2,22,322,1996,1226.01
52,2,22,322,1997,1181.48
52,2,22,322,1998,1096.92
52,2,22,322,1999,1014.33
52,2,22,322,2000,981.37
52,2,22,322,2001,927.13
52,2,22,322,2002,872.57
52,2,22,322,2003,836.42
52,2,22,322,2004,823.14
52,2,22,322,2005,778.19
52,2,22,322,2006,735.69
52,2,22,322,2007,679.27
52,2,22,322,2008,669.03
52,2,22,322,2009,657.11
52,2,22,322,2010,636.4
52,2,22,322,2011,595.85
52,2,22,322,2012,589.49
52,2,22,322,2013,577.12
52,2,22,322,2014,572.19
52,2,22,322,2015,544.9
52,2,22,322,2016,527.8
52,2,27,322,1990,2371.06
52,2,27,322,1991,1971.01
52,2,27,322,1992,1953.03
52,2,27,322,1993,1954.57
52,2,27,322,1994,1951.94
52,2,27,322,1995,1768.24
52,2,27,322,1996,1854.49
52,2,27,322,1997,1782.37
52,2,27,322,1998,1629.33
52,2,27,322,1999,1498.89
52,2,27,322,2000,1475.44
52,2,27,322,2001,1399.31
52,2,27,322,2002,1297.84
52,2,27,322,2003,1224.15
52,2,27,322,2004,1203.35
52,2,27,322,2005,1104.11
52,2,27,322,2006,1035.16
52,2,27,322,2007,929.9
52,2,27,322,2008,893.73
52,2,27,322,2009,867.03
52,2,27,322,2010,856.71
52,2,27,322,2011,810.63
52,2,27,322,2012,781.55
52,2,27,322,2013,730.2
52,2,27,322,2014,696.56
52,2,27,322,2015,644.2
52,2,27,322,2016,618.48
52,3,22,322,1990,2195.21
52,3,22,322,1991,1748.73
52,3,22,322,1992,1701.45
52,3,22,322,1993,1681.31
52,3,22,322,1994,1664.97
52,3,22,322,1995,1535.44
52,3,22,322,1996,1576.85
52,3,22,322,1997,1534.92
52,3,22,322,1998,1420.89
52,3,22,322,1999,1311.45
52,3,22,322,2000,1275.2
52,3,22,322,2001,1221.07
52,3,22,322,2002,1159.76
52,3,22,322,2003,1117.56
52,3,22,322,2004,1103.21
52,3,22,322,2005,1045.05
52,3,22,322,2006,998.73
52,3,22,322,2007,935.59
52,3,22,322,2008,935.52
52,3,22,322,2009,918.66
52,3,22,322,2010,900.1
52,3,22,322,2011,840.01
52,3,22,322,2012,831.15
52,3,22,322,2013,810.91
52,3,22,322,2014,811.54
52,3,22,322,2015,781.17
52,3,22,322,2016,761.34
52,3,27,322,1990,2716.17
52,3,27,322,1991,2288.74
52,3,27,322,1992,2291.74
52,3,27,322,1993,2296.16
52,3,27,322,1994,2304.32
52,3,27,322,1995,2118.79
52,3,27,322,1996,2215.41
52,3,27,322,1997,2147.03
52,3,27,322,1998,1963.41
52,3,27,322,1999,1804.26
52,3,27,322,2000,1780.94
52,3,27,322,2001,1702.92
52,3,27,322,2002,1591.39
52,3,27,322,2003,1507.73
52,3,27,322,2004,1485.02
52,3,27,322,2005,1370.85
52,3,27,322,2006,1296.09
52,3,27,322,2007,1178.03
52,3,27,322,2008,1146.77
52,3,27,322,2009,1111.27
52,3,27,322,2010,1104.19
52,3,27,322,2011,1041.26
52,3,27,322,2012,1006.8
52,3,27,322,2013,946.77
52,3,27,322,2014,913.76
52,3,27,322,2015,856.52
52,3,27,322,2016,825.95
53,1,22,322,1990,442.32
53,1,22,322,1991,419.52
53,1,22,322,1992,420.58
53,1,22,322,1993,420.4
53,1,22,322,1994,419.45
53,1,22,322,1995,414.44
53,1,22,322,1996,393.41
53,1,22,322,1997,374.5
53,1,22,322,1998,360.41
53,1,22,322,1999,350.81
53,1,22,322,2000,345.17
53,1,22,322,2001,338.71
53,1,22,322,2002,334.97
53,1,22,322,2003,331.76
53,1,22,322,2004,326.59
53,1,22,322,2005,321.11
53,1,22,322,2006,313.34
53,1,22,322,2007,309.44
53,1,22,322,2008,309.48
53,1,22,322,2009,315.75
53,1,22,322,2010,323.32
53,1,22,322,2011,330.49
53,1,22,322,2012,334.7
53,1,22,322,2013,335.93
53,1,22,322,2014,335.04
53,1,22,322,2015,336.29
53,1,22,322,2016,335.62
53,1,27,322,1990,500.82
53,1,27,322,1991,478.45
53,1,27,322,1992,483.59
53,1,27,322,1993,485.98
53,1,27,322,1994,485.41
53,1,27,322,1995,478.68
53,1,27,322,1996,449.17
53,1,27,322,1997,424.18
53,1,27,322,1998,406.03
53,1,27,322,1999,392.61
53,1,27,322,2000,382.49
53,1,27,322,2001,371.42
53,1,27,322,2002,363.01
53,1,27,322,2003,355.61
53,1,27,322,2004,346.88
53,1,27,322,2005,337.91
53,1,27,322,2006,325.05
53,1,27,322,2007,316.49
53,1,27,322,2008,311.71
53,1,27,322,2009,313.84
53,1,27,322,2010,317.1
53,1,27,322,2011,320.54
53,1,27,322,2012,318.14
53,1,27,322,2013,313.64
53,1,27,322,2014,304.32
53,1,27,322,2015,302.98
53,1,27,322,2016,300.72
53,2,22,322,1990,327.21
53,2,22,322,1991,306.67
53,2,22,322,1992,306.87
53,2,22,322,1993,305.65
53,2,22,322,1994,304.7
53,2,22,322,1995,299.94
53,2,22,322,1996,279.47
53,2,22,322,1997,261.62
53,2,22,322,1998,249.89
53,2,22,322,1999,241.66
53,2,22,322,2000,235.16
53,2,22,322,2001,228.22
53,2,22,322,2002,224.77
53,2,22,322,2003,221.3
53,2,22,322,2004,216.51
53,2,22,322,2005,210.91
53,2,22,322,2006,204.76
53,2,22,322,2007,200.64
53,2,22,322,2008,197.81
53,2,22,322,2009,200.6
53,2,22,322,2010,204.93
53,2,22,322,2011,208.05
53,2,22,322,2012,208.03
53,2,22,322,2013,207.84
53,2,22,322,2014,205.93
53,2,22,322,2015,205.43
53,2,22,322,2016,203.68
53,2,27,322,1990,373.75
53,2,27,322,1991,351.84
53,2,27,322,1992,356.39
53,2,27,322,1993,357.91
53,2,27,322,1994,357.34
53,2,27,322,1995,350.13
53,2,27,322,1996,321.31
53,2,27,322,1997,297.97
53,2,27,322,1998,282.22
53,2,27,322,1999,271.04
53,2,27,322,2000,260.63
53,2,27,322,2001,250.18
53,2,27,322,2002,243.4
53,2,27,322,2003,236.38
53,2,27,322,2004,227.82
53,2,27,322,2005,218.31
53,2,27,322,2006,207.77
53,2,27,322,2007,198.91
53,2,27,322,2008,192.15
53,2,27,322,2009,192.21
53,2,27,322,2010,194.01
53,2,27,322,2011,194.32
53,2,27,322,2012,189
53,2,27,322,2013,184.48
53,2,27,322,2014,176.4
53,2,27,322,2015,173.88
53,2,27,322,2016,171.4
53,3,22,322,1990,384.01
53,3,22,322,1991,362.33
53,3,22,322,1992,362.95
53,3,22,322,1993,362.24
53,3,22,322,1994,361.28
53,3,22,322,1995,356.38
53,3,22,322,1996,335.59
53,3,22,322,1997,317.17
53,3,22,322,1998,304.21
53,3,22,322,1999,295.24
53,3,22,322,2000,289.1
53,3,22,322,2001,282.35
53,3,22,322,2002,278.72
53,3,22,322,2003,275.34
53,3,22,322,2004,270.34
53,3,22,322,2005,264.78
53,3,22,322,2006,257.83
53,3,22,322,2007,253.81
53,3,22,322,2008,252.39
53,3,22,322,2009,256.87
53,3,22,322,2010,262.78
53,3,22,322,2011,267.87
53,3,22,322,2012,269.9
53,3,22,322,2013,270.38
53,3,22,322,2014,268.95
53,3,22,322,2015,269.29
53,3,22,322,2016,268.05
53,3,27,322,1990,432.98
53,3,27,322,1991,410.81
53,3,27,322,1992,415.61
53,3,27,322,1993,417.43
53,3,27,322,1994,416.62
53,3,27,322,1995,409.4
53,3,27,322,1996,380.22
53,3,27,322,1997,356.11
53,3,27,322,1998,339.21
53,3,27,322,1999,326.89
53,3,27,322,2000,316.81
53,3,27,322,2001,306.2
53,3,27,322,2002,298.62
53,3,27,322,2003,291.53
53,3,27,322,2004,282.96
53,3,27,322,2005,273.69
53,3,27,322,2006,262.1
53,3,27,322,2007,253.49
53,3,27,322,2008,247.76
53,3,27,322,2009,248.81
53,3,27,322,2010,251.27
53,3,27,322,2011,253.06
53,3,27,322,2012,249.07
53,3,27,322,2013,244.51
53,3,27,322,2014,235.7
53,3,27,322,2015,233.86
53,3,27,322,2016,231.68
54,1,22,322,1990,1240.93
54,1,22,322,1991,1250.51
54,1,22,322,1992,1206.4
54,1,22,322,1993,1127.83
54,1,22,322,1994,1075.79
54,1,22,322,1995,1036.87
54,1,22,322,1996,980.1
54,1,22,322,1997,936.01
54,1,22,322,1998,903.26
54,1,22,322,1999,862.66
54,1,22,322,2000,837.27
54,1,22,322,2001,803.84
54,1,22,322,2002,807.12
54,1,22,322,2003,816.3
54,1,22,322,2004,810.9
54,1,22,322,2005,826.27
54,1,22,322,2006,829.22
54,1,22,322,2007,832.61
54,1,22,322,2008,829.15
54,1,22,322,2009,775.8
54,1,22,322,2010,760.61
54,1,22,322,2011,741.03
54,1,22,322,2012,730.27
54,1,22,322,2013,717.7
54,1,22,322,2014,712.85
54,1,22,322,2015,714.02
54,1,22,322,2016,716.37
54,1,27,322,1990,1411.45
54,1,27,322,1991,1431.01
54,1,27,322,1992,1390.14
54,1,27,322,1993,1309.46
54,1,27,322,1994,1260.54
54,1,27,322,1995,1224.13
54,1,27,322,1996,1158.51
54,1,27,322,1997,1097.41
54,1,27,322,1998,1054.72
54,1,27,322,1999,1000.01
54,1,27,322,2000,962.8
54,1,27,322,2001,906.89
54,1,27,322,2002,903.83
54,1,27,322,2003,905.98
54,1,27,322,2004,884.17
54,1,27,322,2005,885.8
54,1,27,322,2006,873.26
54,1,27,322,2007,859.59
54,1,27,322,2008,840.03
54,1,27,322,2009,775.76
54,1,27,322,2010,747.3
54,1,27,322,2011,717.36
54,1,27,322,2012,701.72
54,1,27,322,2013,681.78
54,1,27,322,2014,668.84
54,1,27,322,2015,660.89
54,1,27,322,2016,653.45
54,2,22,322,1990,814.28
54,2,22,322,1991,821.75
54,2,22,322,1992,783.51
54,2,22,322,1993,737.68
54,2,22,322,1994,706.34
54,2,22,322,1995,681.77
54,2,22,322,1996,641.94
54,2,22,322,1997,607.11
54,2,22,322,1998,569.95
54,2,22,322,1999,538.19
54,2,22,322,2000,513.9
54,2,22,322,2001,486.16
54,2,22,322,2002,479.47
54,2,22,322,2003,482.57
54,2,22,322,2004,478.89
54,2,22,322,2005,477.26
54,2,22,322,2006,471.64
54,2,22,322,2007,471.24
54,2,22,322,2008,461.49
54,2,22,322,2009,446.99
54,2,22,322,2010,436.93
54,2,22,322,2011,428.71
54,2,22,322,2012,424.73
54,2,22,322,2013,421.76
54,2,22,322,2014,416.97
54,2,22,322,2015,416.29
54,2,22,322,2016,415.69
54,2,27,322,1990,820.03
54,2,27,322,1991,836.92
54,2,27,322,1992,800.7
54,2,27,322,1993,752.86
54,2,27,322,1994,727.59
54,2,27,322,1995,706.78
54,2,27,322,1996,666.61
54,2,27,322,1997,623.24
54,2,27,322,1998,587.66
54,2,27,322,1999,549.2
54,2,27,322,2000,521.47
54,2,27,322,2001,478.68
54,2,27,322,2002,473.44
54,2,27,322,2003,476.05
54,2,27,322,2004,461.41
54,2,27,322,2005,450.63
54,2,27,322,2006,434.73
54,2,27,322,2007,423.61
54,2,27,322,2008,404.94
54,2,27,322,2009,385.6
54,2,27,322,2010,367.41
54,2,27,322,2011,352.37
54,2,27,322,2012,346.29
54,2,27,322,2013,340.71
54,2,27,322,2014,333.13
54,2,27,322,2015,328.23
54,2,27,322,2016,322.44
54,3,22,322,1990,1022.68
54,3,22,322,1991,1031.02
54,3,22,322,1992,989.77
54,3,22,322,1993,927.84
54,3,22,322,1994,886.32
54,3,22,322,1995,854.68
54,3,22,322,1996,806.54
54,3,22,322,1997,767.13
54,3,22,322,1998,732.04
54,3,22,322,1999,695.89
54,3,22,322,2000,670.98
54,3,22,322,2001,640.45
54,3,22,322,2002,638.61
54,3,22,322,2003,644.67
54,3,22,322,2004,640.17
54,3,22,322,2005,646.83
54,3,22,322,2006,645.41
54,3,22,322,2007,646.9
54,3,22,322,2008,640.25
54,3,22,322,2009,606.91
54,3,22,322,2010,594.43
54,3,22,322,2011,580.77
54,3,22,322,2012,573.55
54,3,22,322,2013,565.95
54,3,22,322,2014,561.18
54,3,22,322,2015,561.45
54,3,22,322,2016,562.32
54,3,27,322,1990,1085.62
54,3,27,322,1991,1103.16
54,3,27,322,1992,1063.89
54,3,27,322,1993,1000.32
54,3,27,322,1994,964.71
54,3,27,322,1995,936.63
54,3,27,322,1996,884.97
54,3,27,322,1997,833.36
54,3,27,322,1998,794.43
54,3,27,322,1999,748.18
54,3,27,322,2000,715.39
54,3,27,322,2001,666.12
54,3,27,322,2002,662.13
54,3,27,322,2003,664.3
54,3,27,322,2004,646.03
54,3,27,322,2005,640.77
54,3,27,322,2006,626.36
54,3,27,322,2007,614.17
54,3,27,322,2008,595.41
54,3,27,322,2009,556.41
54,3,27,322,2010,533.34
54,3,27,322,2011,512.11
54,3,27,322,2012,501.91
54,3,27,322,2013,489.81
54,3,27,322,2014,480.42
54,3,27,322,2015,474.68
54,3,27,322,2016,468.63
55,1,22,322,1990,512.39
55,1,22,322,1991,499.85
55,1,22,322,1992,495.16
55,1,22,322,1993,500.31
55,1,22,322,1994,497.78
55,1,22,322,1995,501.81
55,1,22,322,1996,508.95
55,1,22,322,1997,528.77
55,1,22,322,1998,540.8
55,1,22,322,1999,538.82
55,1,22,322,2000,525.73
55,1,22,322,2001,517.22
55,1,22,322,2002,504.42
55,1,22,322,2003,503.42
55,1,22,322,2004,480.21
55,1,22,322,2005,454.63
55,1,22,322,2006,432.41
55,1,22,322,2007,404.12
55,1,22,322,2008,379.63
55,1,22,322,2009,362.29
55,1,22,322,2010,347.63
55,1,22,322,2011,335.6
55,1,22,322,2012,333.25
55,1,22,322,2013,330.51
55,1,22,322,2014,321.24
55,1,22,322,2015,330.58
55,1,22,322,2016,334.47
55,1,27,322,1990,613.53
55,1,27,322,1991,595.49
55,1,27,322,1992,585.88
55,1,27,322,1993,589.52
55,1,27,322,1994,580.77
55,1,27,322,1995,577.2
55,1,27,322,1996,573.79
55,1,27,322,1997,582.7
55,1,27,322,1998,581.79
55,1,27,322,1999,570.52
55,1,27,322,2000,547.17
55,1,27,322,2001,532.49
55,1,27,322,2002,516.75
55,1,27,322,2003,503.62
55,1,27,322,2004,469.3
55,1,27,322,2005,434.54
55,1,27,322,2006,403.68
55,1,27,322,2007,369.72
55,1,27,322,2008,338.62
55,1,27,322,2009,316.15
55,1,27,322,2010,296.13
55,1,27,322,2011,278.78
55,1,27,322,2012,269.08
55,1,27,322,2013,258.9
55,1,27,322,2014,244.01
55,1,27,322,2015,242.91
55,1,27,322,2016,237.71
55,2,22,322,1990,364.29
55,2,22,322,1991,367.94
55,2,22,322,1992,364.27
55,2,22,322,1993,366.63
55,2,22,322,1994,373.4
55,2,22,322,1995,374.01
55,2,22,322,1996,384.14
55,2,22,322,1997,396.33
55,2,22,322,1998,410.31
55,2,22,322,1999,407.08
55,2,22,322,2000,385.16
55,2,22,322,2001,365.98
55,2,22,322,2002,351.97
55,2,22,322,2003,349.3
55,2,22,322,2004,341.55
55,2,22,322,2005,333.14
55,2,22,322,2006,316.11
55,2,22,322,2007,308.37
55,2,22,322,2008,296.83
55,2,22,322,2009,291.63
55,2,22,322,2010,281.62
55,2,22,322,2011,276.86
55,2,22,322,2012,276.47
55,2,22,322,2013,272.24
55,2,22,322,2014,260.43
55,2,22,322,2015,265.29
55,2,22,322,2016,267.7
55,2,27,322,1990,319.76
55,2,27,322,1991,317.6
55,2,27,322,1992,309.54
55,2,27,322,1993,307.83
55,2,27,322,1994,309.54
55,2,27,322,1995,299.84
55,2,27,322,1996,297.13
55,2,27,322,1997,295.02
55,2,27,322,1998,294.3
55,2,27,322,1999,285.87
55,2,27,322,2000,267.62
55,2,27,322,2001,252.9
55,2,27,322,2002,242.71
55,2,27,322,2003,234.64
55,2,27,322,2004,222.27
55,2,27,322,2005,209.58
55,2,27,322,2006,191.84
55,2,27,322,2007,180.76
55,2,27,322,2008,168.59
55,2,27,322,2009,159.63
55,2,27,322,2010,149.24
55,2,27,322,2011,142.3
55,2,27,322,2012,137.59
55,2,27,322,2013,131.64
55,2,27,322,2014,121.99
55,2,27,322,2015,120.5
55,2,27,322,2016,118.79
55,3,22,322,1990,436.15
55,3,22,322,1991,431.9
55,3,22,322,1992,427.71
55,3,22,322,1993,431.42
55,3,22,322,1994,433.69
55,3,22,322,1995,435.99
55,3,22,322,1996,444.73
55,3,22,322,1997,460.7
55,3,22,322,1998,473.81
55,3,22,322,1999,471.25
55,3,22,322,2000,453.7
55,3,22,322,2001,439.76
55,3,22,322,2002,426.35
55,3,22,322,2003,424.48
55,3,22,322,2004,409.2
55,3,22,322,2005,392.47
55,3,22,322,2006,373.03
55,3,22,322,2007,355.37
55,3,22,322,2008,337.63
55,3,22,322,2009,326.56
55,3,22,322,2010,314.33
55,3,22,322,2011,305.99
55,3,22,322,2012,304.64
55,3,22,322,2013,301.14
55,3,22,322,2014,290.57
55,3,22,322,2015,297.64
55,3,22,322,2016,300.79
55,3,27,322,1990,442.08
55,3,27,322,1991,432.96
55,3,27,322,1992,423.29
55,3,27,322,1993,423.81
55,3,27,322,1994,420.88
55,3,27,322,1995,412.86
55,3,27,322,1996,409.53
55,3,27,322,1997,411.89
55,3,27,322,1998,410.32
55,3,27,322,1999,400.31
55,3,27,322,2000,379.61
55,3,27,322,2001,364.63
55,3,27,322,2002,351.41
55,3,27,322,2003,340.99
55,3,27,322,2004,320.32
55,3,27,322,2005,299.01
55,3,27,322,2006,276.52
55,3,27,322,2007,256.25
55,3,27,322,2008,236.53
55,3,27,322,2009,222.43
55,3,27,322,2010,208.34
55,3,27,322,2011,197.17
55,3,27,322,2012,190.52
55,3,27,322,2013,183.19
55,3,27,322,2014,171.39
55,3,27,322,2015,170.53
55,3,27,322,2016,167.98
57,1,22,322,1990,706.75
57,1,22,322,1991,679.27
57,1,22,322,1992,669.68
57,1,22,322,1993,681.71
57,1,22,322,1994,690.54
57,1,22,322,1995,710.67
57,1,22,322,1996,721.35
57,1,22,322,1997,745.28
57,1,22,322,1998,769.8
57,1,22,322,1999,791.58
57,1,22,322,2000,774.93
57,1,22,322,2001,781.71
57,1,22,322,2002,797.08
57,1,22,322,2003,779.6
57,1,22,322,2004,772.92
57,1,22,322,2005,772.04
57,1,22,322,2006,743.5
57,1,22,322,2007,704.03
57,1,22,322,2008,695.3
57,1,22,322,2009,690.99
57,1,22,322,2010,693.95
57,1,22,322,2011,674.11
57,1,22,322,2012,593.57
57,1,22,322,2013,549.76
57,1,22,322,2014,511.71
57,1,22,322,2015,499.46
57,1,22,322,2016,493.73
57,1,27,322,1990,778.04
57,1,27,322,1991,763.73
57,1,27,322,1992,766.53
57,1,27,322,1993,790.81
57,1,27,322,1994,809.09
57,1,27,322,1995,834.92
57,1,27,322,1996,846.64
57,1,27,322,1997,865.99
57,1,27,322,1998,873.42
57,1,27,322,1999,880.77
57,1,27,322,2000,843.52
57,1,27,322,2001,823.69
57,1,27,322,2002,815.22
57,1,27,322,2003,782.33
57,1,27,322,2004,758.63
57,1,27,322,2005,739.44
57,1,27,322,2006,697.34
57,1,27,322,2007,648.39
57,1,27,322,2008,629.98
57,1,27,322,2009,616.08
57,1,27,322,2010,610.2
57,1,27,322,2011,585.37
57,1,27,322,2012,514.11
57,1,27,322,2013,473.82
57,1,27,322,2014,439.21
57,1,27,322,2015,426.34
57,1,27,322,2016,419.01
57,2,22,322,1990,376.98
57,2,22,322,1991,348.89
57,2,22,322,1992,326.73
57,2,22,322,1993,309.61
57,2,22,322,1994,289.66
57,2,22,322,1995,279.64
57,2,22,322,1996,268.71
57,2,22,322,1997,262.1
57,2,22,322,1998,257.17
57,2,22,322,1999,247.77
57,2,22,322,2000,234.66
57,2,22,322,2001,222.43
57,2,22,322,2002,214.8
57,2,22,322,2003,201.73
57,2,22,322,2004,197.93
57,2,22,322,2005,191.54
57,2,22,322,2006,181.16
57,2,22,322,2007,169.69
57,2,22,322,2008,165.92
57,2,22,322,2009,165.38
57,2,22,322,2010,160.19
57,2,22,322,2011,155.98
57,2,22,322,2012,141.79
57,2,22,322,2013,134.09
57,2,22,322,2014,125.16
57,2,22,322,2015,121.52
57,2,22,322,2016,118.53
57,2,27,322,1990,463.14
57,2,27,322,1991,439.92
57,2,27,322,1992,423.2
57,2,27,322,1993,410.72
57,2,27,322,1994,394.14
57,2,27,322,1995,388.08
57,2,27,322,1996,378.78
57,2,27,322,1997,370.18
57,2,27,322,1998,360.27
57,2,27,322,1999,339.88
57,2,27,322,2000,318.69
57,2,27,322,2001,292.45
57,2,27,322,2002,270.84
57,2,27,322,2003,246.24
57,2,27,322,2004,235.07
57,2,27,322,2005,218.59
57,2,27,322,2006,198.9
57,2,27,322,2007,178.97
57,2,27,322,2008,171.93
57,2,27,322,2009,166.82
57,2,27,322,2010,158.21
57,2,27,322,2011,151.83
57,2,27,322,2012,137.18
57,2,27,322,2013,127.98
57,2,27,322,2014,118.24
57,2,27,322,2015,113.85
57,2,27,322,2016,109.89
57,3,22,322,1990,531.64
57,3,22,322,1991,503.93
57,3,22,322,1992,487.86
57,3,22,322,1993,484.65
57,3,22,322,1994,477.88
57,3,22,322,1995,481.63
57,3,22,322,1996,480.97
57,3,22,322,1997,488.85
57,3,22,322,1998,497.91
57,3,22,322,1999,503.12
57,3,22,322,2000,488.14
57,3,22,322,2001,484.59
57,3,22,322,2002,487.42
57,3,22,322,2003,471.94
57,3,22,322,2004,466.46
57,3,22,322,2005,462.32
57,3,22,322,2006,443.2
57,3,22,322,2007,418.47
57,3,22,322,2008,412.24
57,3,22,322,2009,409.88
57,3,22,322,2010,408.39
57,3,22,322,2011,396.8
57,3,22,322,2012,351.71
57,3,22,322,2013,327.26
57,3,22,322,2014,304.87
57,3,22,322,2015,297.18
57,3,22,322,2016,292.86
57,3,27,322,1990,612.11
57,3,27,322,1991,592.98
57,3,27,322,1992,585.63
57,3,27,322,1993,590.56
57,3,27,322,1994,590.36
57,3,27,322,1995,598.83
57,3,27,322,1996,599.38
57,3,27,322,1997,603.92
57,3,27,322,1998,601.4
57,3,27,322,1999,594.14
57,3,27,322,2000,564.53
57,3,27,322,2001,540.59
57,3,27,322,2002,524.7
57,3,27,322,2003,496.02
57,3,27,322,2004,478.43
57,3,27,322,2005,460.34
57,3,27,322,2006,429.73
57,3,27,322,2007,395.97
57,3,27,322,2008,383.23
57,3,27,322,2009,373.78
57,3,27,322,2010,366.48
57,3,27,322,2011,351.24
57,3,27,322,2012,310.06
57,3,27,322,2013,286.46
57,3,27,322,2014,265.37
57,3,27,322,2015,257.22
57,3,27,322,2016,251.92
58,1,22,322,1990,702.1
58,1,22,322,1991,742.98
58,1,22,322,1992,849.4
58,1,22,322,1993,955.05
58,1,22,322,1994,1092.05
58,1,22,322,1995,1164.88
58,1,22,322,1996,993.7
58,1,22,322,1997,1038.8
58,1,22,322,1998,1117.73
58,1,22,322,1999,1072.08
58,1,22,322,2000,1049.02
58,1,22,322,2001,1076.79
58,1,22,322,2002,994.29
58,1,22,322,2003,918.12
58,1,22,322,2004,871.39
58,1,22,322,2005,794.86
58,1,22,322,2006,746.25
58,1,22,322,2007,746.55
58,1,22,322,2008,651.63
58,1,22,322,2009,591.07
58,1,22,322,2010,537.84
58,1,22,322,2011,507.99
58,1,22,322,2012,535.69
58,1,22,322,2013,469.22
58,1,22,322,2014,494.83
58,1,22,322,2015,488.09
58,1,22,322,2016,485.01
58,1,27,322,1990,730.59
58,1,27,322,1991,784.48
58,1,27,322,1992,924.26
58,1,27,322,1993,1023.49
58,1,27,322,1994,1136.43
58,1,27,322,1995,1231.89
58,1,27,322,1996,1011.19
58,1,27,322,1997,1059.51
58,1,27,322,1998,1125.4
58,1,27,322,1999,1077.21
58,1,27,322,2000,1035.11
58,1,27,322,2001,1043.86
58,1,27,322,2002,935.34
58,1,27,322,2003,866.9
58,1,27,322,2004,809.08
58,1,27,322,2005,730.02
58,1,27,322,2006,668.03
58,1,27,322,2007,667.49
58,1,27,322,2008,584.23
58,1,27,322,2009,518.78
58,1,27,322,2010,477.96
58,1,27,322,2011,437
58,1,27,322,2012,471.22
58,1,27,322,2013,404.1
58,1,27,322,2014,424.6
58,1,27,322,2015,413.07
58,1,27,322,2016,406.32
58,2,22,322,1990,278.75
58,2,22,322,1991,279.91
58,2,22,322,1992,307.95
58,2,22,322,1993,322.55
58,2,22,322,1994,342.4
58,2,22,322,1995,360.7
58,2,22,322,1996,301.42
58,2,22,322,1997,308.76
58,2,22,322,1998,331.02
58,2,22,322,1999,318.26
58,2,22,322,2000,319.66
58,2,22,322,2001,317.08
58,2,22,322,2002,275.07
58,2,22,322,2003,274.12
58,2,22,322,2004,244.22
58,2,22,322,2005,236.9
58,2,22,322,2006,221.62
58,2,22,322,2007,218.21
58,2,22,322,2008,207.04
58,2,22,322,2009,187.06
58,2,22,322,2010,176.85
58,2,22,322,2011,165.16
58,2,22,322,2012,173.24
58,2,22,322,2013,164.8
58,2,22,322,2014,164.13
58,2,22,322,2015,160.76
58,2,22,322,2016,158.21
58,2,27,322,1990,310.06
58,2,27,322,1991,319.12
58,2,27,322,1992,378.81
58,2,27,322,1993,396.1
58,2,27,322,1994,410.4
58,2,27,322,1995,458.12
58,2,27,322,1996,355.74
58,2,27,322,1997,371.17
58,2,27,322,1998,388.91
58,2,27,322,1999,369.8
58,2,27,322,2000,358.97
58,2,27,322,2001,347.53
58,2,27,322,2002,281.97
58,2,27,322,2003,288.82
58,2,27,322,2004,247.44
58,2,27,322,2005,235.15
58,2,27,322,2006,210.46
58,2,27,322,2007,208.71
58,2,27,322,2008,199.56
58,2,27,322,2009,172.73
58,2,27,322,2010,170.26
58,2,27,322,2011,147.45
58,2,27,322,2012,165.36
58,2,27,322,2013,147.28
58,2,27,322,2014,150.29
58,2,27,322,2015,143.61
58,2,27,322,2016,139.15
58,3,22,322,1990,476.91
58,3,22,322,1991,496.73
58,3,22,322,1992,561.02
58,3,22,322,1993,617.46
58,3,22,322,1994,691.61
58,3,22,322,1995,735.02
58,3,22,322,1996,623.47
58,3,22,322,1997,648.36
58,3,22,322,1998,697.16
58,3,22,322,1999,669.45
58,3,22,322,2000,659.65
58,3,22,322,2001,671
58,3,22,322,2002,609.89
58,3,22,322,2003,573.76
58,3,22,322,2004,535.86
58,3,22,322,2005,496.29
58,3,22,322,2006,465.5
58,3,22,322,2007,463.76
58,3,22,322,2008,413.73
58,3,22,322,2009,375.07
58,3,22,322,2010,345.01
58,3,22,322,2011,325.01
58,3,22,322,2012,342.35
58,3,22,322,2013,306.98
58,3,22,322,2014,318.65
58,3,22,322,2015,313.79
58,3,22,322,2016,311.08
58,3,27,322,1990,501.84
58,3,27,322,1991,532.11
58,3,27,322,1992,630.28
58,3,27,322,1993,684.45
58,3,27,322,1994,743.29
58,3,27,322,1995,813.22
58,3,27,322,1996,653.17
58,3,27,322,1997,684.26
58,3,27,322,1998,723.63
58,3,27,322,1999,691.93
58,3,27,322,2000,666.6
58,3,27,322,2001,664.46
58,3,27,322,2002,578.81
58,3,27,322,2003,550.5
58,3,27,322,2004,502.2
58,3,27,322,2005,458.94
58,3,27,322,2006,416.28
58,3,27,322,2007,415.7
58,3,27,322,2008,372.55
58,3,27,322,2009,327.73
58,3,27,322,2010,308.11
58,3,27,322,2011,276.92
58,3,27,322,2012,303.26
58,3,27,322,2013,262.84
58,3,27,322,2014,273.84
58,3,27,322,2015,265.47
58,3,27,322,2016,260.5
59,1,22,322,1990,680.31
59,1,22,322,1991,766.09
59,1,22,322,1992,853.31
59,1,22,322,1993,997.88
59,1,22,322,1994,1129.9
59,1,22,322,1995,1097.98
59,1,22,322,1996,943.83
59,1,22,322,1997,890.84
59,1,22,322,1998,925.49
59,1,22,322,1999,870.8
59,1,22,322,2000,872.2
59,1,22,322,2001,950.62
59,1,22,322,2002,967.84
59,1,22,322,2003,937.21
59,1,22,322,2004,934.74
59,1,22,322,2005,996.74
59,1,22,322,2006,1022.53
59,1,22,322,2007,987.67
59,1,22,322,2008,880.98
59,1,22,322,2009,812.33
59,1,22,322,2010,788.49
59,1,22,322,2011,742.93
59,1,22,322,2012,732.4
59,1,22,322,2013,711.61
59,1,22,322,2014,694.37
59,1,22,322,2015,687.5
59,1,22,322,2016,683.28
59,1,27,322,1990,694.27
59,1,27,322,1991,798.25
59,1,27,322,1992,905.77
59,1,27,322,1993,1055.82
59,1,27,322,1994,1195.8
59,1,27,322,1995,1193.62
59,1,27,322,1996,1038.77
59,1,27,322,1997,967.82
59,1,27,322,1998,969.14
59,1,27,322,1999,881.68
59,1,27,322,2000,858.89
59,1,27,322,2001,919.59
59,1,27,322,2002,928.47
59,1,27,322,2003,890.92
59,1,27,322,2004,870.64
59,1,27,322,2005,913.16
59,1,27,322,2006,925.38
59,1,27,322,2007,892.3
59,1,27,322,2008,794.05
59,1,27,322,2009,729.39
59,1,27,322,2010,695.31
59,1,27,322,2011,647.8
59,1,27,322,2012,628.39
59,1,27,322,2013,598.8
59,1,27,322,2014,576.18
59,1,27,322,2015,564.98
59,1,27,322,2016,558.17
59,2,22,322,1990,293.45
59,2,22,322,1991,310.82
59,2,22,322,1992,325.8
59,2,22,322,1993,346.36
59,2,22,322,1994,365.54
59,2,22,322,1995,364.95
59,2,22,322,1996,312.91
59,2,22,322,1997,294.23
59,2,22,322,1998,299.49
59,2,22,322,1999,282.41
59,2,22,322,2000,272.93
59,2,22,322,2001,296.58
59,2,22,322,2002,293.87
59,2,22,322,2003,303.14
59,2,22,322,2004,296.82
59,2,22,322,2005,300
59,2,22,322,2006,325.01
59,2,22,322,2007,316.56
59,2,22,322,2008,292.44
59,2,22,322,2009,282.51
59,2,22,322,2010,267.68
59,2,22,322,2011,262.24
59,2,22,322,2012,246.48
59,2,22,322,2013,256.54
59,2,22,322,2014,238.64
59,2,22,322,2015,233.79
59,2,22,322,2016,230.54
59,2,27,322,1990,315.3
59,2,27,322,1991,352.05
59,2,27,322,1992,387.12
59,2,27,322,1993,416.86
59,2,27,322,1994,447.28
59,2,27,322,1995,471.37
59,2,27,322,1996,411.56
59,2,27,322,1997,379.12
59,2,27,322,1998,369.34
59,2,27,322,1999,331.42
59,2,27,322,2000,310.34
59,2,27,322,2001,328.07
59,2,27,322,2002,322.91
59,2,27,322,2003,320.91
59,2,27,322,2004,302.86
59,2,27,322,2005,296.24
59,2,27,322,2006,311
59,2,27,322,2007,304.33
59,2,27,322,2008,280.12
59,2,27,322,2009,269.22
59,2,27,322,2010,251.61
59,2,27,322,2011,243.69
59,2,27,322,2012,224.84
59,2,27,322,2013,225.46
59,2,27,322,2014,203.84
59,2,27,322,2015,195.89
59,2,27,322,2016,191.19
59,3,22,322,1990,473.37
59,3,22,322,1991,522.51
59,3,22,322,1992,570.65
59,3,22,322,1993,648.08
59,3,22,322,1994,718.81
59,3,22,322,1995,703.18
59,3,22,322,1996,603.79
59,3,22,322,1997,569.2
59,3,22,322,1998,587.99
59,3,22,322,1999,553.5
59,3,22,322,2000,548.88
59,3,22,322,2001,597.41
59,3,22,322,2002,603.43
59,3,22,322,2003,594.16
59,3,22,322,2004,589.57
59,3,22,322,2005,619.7
59,3,22,322,2006,645.12
59,3,22,322,2007,624.75
59,3,22,322,2008,562.68
59,3,22,322,2009,525.37
59,3,22,322,2010,505.87
59,3,22,322,2011,481.89
59,3,22,322,2012,468.72
59,3,22,322,2013,464.92
59,3,22,322,2014,447.34
59,3,22,322,2015,441.58
59,3,22,322,2016,437.88
59,3,27,322,1990,485.92
59,3,27,322,1991,555.07
59,3,27,322,1992,624.5
59,3,27,322,1993,709.13
59,3,27,322,1994,789.42
59,3,27,322,1995,801.48
59,3,27,322,1996,697.43
59,3,27,322,1997,646.56
59,3,27,322,1998,640.78
59,3,27,322,1999,578.93
59,3,27,322,2000,555.91
59,3,27,322,2001,592.56
59,3,27,322,2002,593.31
59,3,27,322,2003,574.89
59,3,27,322,2004,555.43
59,3,27,322,2005,571.58
59,3,27,322,2006,585.88
59,3,27,322,2007,567.71
59,3,27,322,2008,509.78
59,3,27,322,2009,474.49
59,3,27,322,2010,449.58
59,3,27,322,2011,423.32
59,3,27,322,2012,404.42
59,3,27,322,2013,391.64
59,3,27,322,2014,370.04
59,3,27,322,2015,361.01
59,3,27,322,2016,355.74
60,1,22,322,1990,374.84
60,1,22,322,1991,449.44
60,1,22,322,1992,499.64
60,1,22,322,1993,531.74
60,1,22,322,1994,560.28
60,1,22,322,1995,552.13
60,1,22,322,1996,515.76
60,1,22,322,1997,518.8
60,1,22,322,1998,538.32
60,1,22,322,1999,558.12
60,1,22,322,2000,588.97
60,1,22,322,2001,642
60,1,22,322,2002,667.58
60,1,22,322,2003,692.37
60,1,22,322,2004,753.14
60,1,22,322,2005,843.25
60,1,22,322,2006,900.97
60,1,22,322,2007,950.98
60,1,22,322,2008,891.71
60,1,22,322,2009,809.24
60,1,22,322,2010,806.35
60,1,22,322,2011,786.62
60,1,22,322,2012,770.3
60,1,22,322,2013,773.12
60,1,22,322,2014,734.75
60,1,22,322,2015,728.47
60,1,22,322,2016,711.92
60,1,27,322,1990,391.15
60,1,27,322,1991,473.12
60,1,27,322,1992,539.01
60,1,27,322,1993,580.47
60,1,27,322,1994,616.16
60,1,27,322,1995,602.77
60,1,27,322,1996,555.44
60,1,27,322,1997,561.7
60,1,27,322,1998,576.65
60,1,27,322,1999,591.62
60,1,27,322,2000,622.2
60,1,27,322,2001,662.21
60,1,27,322,2002,678.75
60,1,27,322,2003,682.01
60,1,27,322,2004,740.53
60,1,27,322,2005,803.98
60,1,27,322,2006,843.78
60,1,27,322,2007,865.45
60,1,27,322,2008,802.45
60,1,27,322,2009,724.3
60,1,27,322,2010,705.69
60,1,27,322,2011,677.99
60,1,27,322,2012,651.53
60,1,27,322,2013,645.62
60,1,27,322,2014,612.81
60,1,27,322,2015,607.1
60,1,27,322,2016,582.46
60,2,22,322,1990,185.81
60,2,22,322,1991,219.84
60,2,22,322,1992,241.41
60,2,22,322,1993,237
60,2,22,322,1994,231.76
60,2,22,322,1995,227.3
60,2,22,322,1996,205.52
60,2,22,322,1997,202.88
60,2,22,322,1998,210.06
60,2,22,322,1999,215.64
60,2,22,322,2000,222.76
60,2,22,322,2001,231.42
60,2,22,322,2002,234.25
60,2,22,322,2003,242.11
60,2,22,322,2004,255.59
60,2,22,322,2005,278.6
60,2,22,322,2006,299.16
60,2,22,322,2007,308.57
60,2,22,322,2008,312.76
60,2,22,322,2009,281.41
60,2,22,322,2010,274.45
60,2,22,322,2011,280.52
60,2,22,322,2012,271.56
60,2,22,322,2013,271.61
60,2,22,322,2014,255.34
60,2,22,322,2015,263.31
60,2,22,322,2016,252.58
60,2,27,322,1990,198.75
60,2,27,322,1991,242.81
60,2,27,322,1992,281.25
60,2,27,322,1993,280.46
60,2,27,322,1994,276.64
60,2,27,322,1995,271.9
60,2,27,322,1996,240.78
60,2,27,322,1997,242.13
60,2,27,322,1998,248.29
60,2,27,322,1999,256.8
60,2,27,322,2000,268.52
60,2,27,322,2001,270.63
60,2,27,322,2002,275.15
60,2,27,322,2003,269.55
60,2,27,322,2004,287.85
60,2,27,322,2005,298.02
60,2,27,322,2006,312.4
60,2,27,322,2007,303.99
60,2,27,322,2008,296.2
60,2,27,322,2009,268.5
60,2,27,322,2010,248.48
60,2,27,322,2011,251.98
60,2,27,322,2012,234.76
60,2,27,322,2013,231.85
60,2,27,322,2014,221.76
60,2,27,322,2015,232.57
60,2,27,322,2016,214.84
60,3,22,322,1990,275.28
60,3,22,322,1991,328.5
60,3,22,322,1992,363.57
60,3,22,322,1993,376.3
60,3,22,322,1994,386.8
60,3,22,322,1995,380.35
60,3,22,322,1996,351.46
60,3,22,322,1997,351.27
60,3,22,322,1998,364.05
60,3,22,322,1999,376.11
60,3,22,322,2000,394.11
60,3,22,322,2001,423.23
60,3,22,322,2002,436.46
60,3,22,322,2003,452.05
60,3,22,322,2004,487.39
60,3,22,322,2005,541.29
60,3,22,322,2006,578.57
60,3,22,322,2007,606.31
60,3,22,322,2008,580.84
60,3,22,322,2009,525.44
60,3,22,322,2010,519.89
60,3,22,322,2011,513.8
60,3,22,322,2012,501.33
60,3,22,322,2013,502.66
60,3,22,322,2014,476.07
60,3,22,322,2015,477.35
60,3,22,322,2016,463.81
60,3,27,322,1990,285.97
60,3,27,322,1991,348.43
60,3,27,322,1992,399.98
60,3,27,322,1993,418.23
60,3,27,322,1994,432.7
60,3,27,322,1995,422.8
60,3,27,322,1996,383.36
60,3,27,322,1997,386.76
60,3,27,322,1998,396.17
60,3,27,322,1999,406.6
60,3,27,322,2000,426.38
60,3,27,322,2001,445.2
60,3,27,322,2002,454.8
60,3,27,322,2003,452.74
60,3,27,322,2004,489.85
60,3,27,322,2005,524.01
60,3,27,322,2006,549.67
60,3,27,322,2007,554.22
60,3,27,322,2008,521.18
60,3,27,322,2009,469.98
60,3,27,322,2010,450.45
60,3,27,322,2011,439.38
60,3,27,322,2012,418.04
60,3,27,322,2013,413.72
60,3,27,322,2014,393.82
60,3,27,322,2015,397.4
60,3,27,322,2016,376.83
61,1,22,322,1990,1865.61
61,1,22,322,1991,1723.82
61,1,22,322,1992,1636.82
61,1,22,322,1993,1645.92
61,1,22,322,1994,1853.87
61,1,22,322,1995,1929.37
61,1,22,322,1996,1921.77
61,1,22,322,1997,1798.98
61,1,22,322,1998,1781.42
61,1,22,322,1999,1794.45
61,1,22,322,2000,1727.17
61,1,22,322,2001,1618.79
61,1,22,322,2002,1511.07
61,1,22,322,2003,1461.66
61,1,22,322,2004,1446.56
61,1,22,322,2005,1552.53
61,1,22,322,2006,1524.68
61,1,22,322,2007,1543.36
61,1,22,322,2008,1530.35
61,1,22,322,2009,1532.9
61,1,22,322,2010,1549.31
61,1,22,322,2011,1344.62
61,1,22,322,2012,1323.09
61,1,22,322,2013,1233.21
61,1,22,322,2014,1256.91
61,1,22,322,2015,1272.36
61,1,22,322,2016,1243.05
61,1,27,322,1990,1836.28
61,1,27,322,1991,1755.41
61,1,27,322,1992,1717
61,1,27,322,1993,1782.15
61,1,27,322,1994,2061.84
61,1,27,322,1995,2207.93
61,1,27,322,1996,2285.78
61,1,27,322,1997,2237.68
61,1,27,322,1998,2282.84
61,1,27,322,1999,2334.14
61,1,27,322,2000,2236.5
61,1,27,322,2001,2047.58
61,1,27,322,2002,1834.61
61,1,27,322,2003,1705.85
61,1,27,322,2004,1630.83
61,1,27,322,2005,1696.23
61,1,27,322,2006,1649.22
61,1,27,322,2007,1664
61,1,27,322,2008,1640.51
61,1,27,322,2009,1639.01
61,1,27,322,2010,1624.84
61,1,27,322,2011,1420.77
61,1,27,322,2012,1376.35
61,1,27,322,2013,1272.79
61,1,27,322,2014,1274.76
61,1,27,322,2015,1275.15
61,1,27,322,2016,1227.5
61,2,22,322,1990,1075.87
61,2,22,322,1991,987.93
61,2,22,322,1992,913.72
61,2,22,322,1993,923.61
61,2,22,322,1994,980.76
61,2,22,322,1995,1004.03
61,2,22,322,1996,1014.88
61,2,22,322,1997,967.65
61,2,22,322,1998,936.61
61,2,22,322,1999,920.91
61,2,22,322,2000,856.79
61,2,22,322,2001,753.29
61,2,22,322,2002,655.78
61,2,22,322,2003,599.81
61,2,22,322,2004,552.77
61,2,22,322,2005,566.67
61,2,22,322,2006,566.11
61,2,22,322,2007,569
61,2,22,322,2008,559.5
61,2,22,322,2009,546.91
61,2,22,322,2010,533.03
61,2,22,322,2011,464.3
61,2,22,322,2012,445.47
61,2,22,322,2013,413.29
61,2,22,322,2014,418.57
61,2,22,322,2015,409.17
61,2,22,322,2016,393.56
61,2,27,322,1990,1135.78
61,2,27,322,1991,1075.26
61,2,27,322,1992,1035.32
61,2,27,322,1993,1088.38
61,2,27,322,1994,1199.26
61,2,27,322,1995,1276.71
61,2,27,322,1996,1364.07
61,2,27,322,1997,1381.54
61,2,27,322,1998,1404.38
61,2,27,322,1999,1420.79
61,2,27,322,2000,1333.57
61,2,27,322,2001,1155.46
61,2,27,322,2002,959.43
61,2,27,322,2003,836.45
61,2,27,322,2004,747.53
61,2,27,322,2005,737.62
61,2,27,322,2006,729.35
61,2,27,322,2007,732.72
61,2,27,322,2008,722.05
61,2,27,322,2009,707.25
61,2,27,322,2010,679.55
61,2,27,322,2011,600.64
61,2,27,322,2012,564.76
61,2,27,322,2013,521.4
61,2,27,322,2014,518.01
61,2,27,322,2015,498.29
61,2,27,322,2016,473.88
61,3,22,322,1990,1452.51
61,3,22,322,1991,1339.02
61,3,22,322,1992,1258.85
61,3,22,322,1993,1268.56
61,3,22,322,1994,1397.91
61,3,22,322,1995,1446.25
61,3,22,322,1996,1448.53
61,3,22,322,1997,1365.32
61,3,22,322,1998,1340.8
61,3,22,322,1999,1338.87
61,3,22,322,2000,1273.26
61,3,22,322,2001,1167.59
61,3,22,322,2002,1065.27
61,3,22,322,2003,1012.37
61,3,22,322,2004,980.62
61,3,22,322,2005,1038.71
61,3,22,322,2006,1025.3
61,3,22,322,2007,1036.2
61,3,22,322,2008,1025.6
61,3,22,322,2009,1020.78
61,3,22,322,2010,1021.78
61,3,22,322,2011,887.89
61,3,22,322,2012,867.75
61,3,22,322,2013,807.69
61,3,22,322,2014,821.65
61,3,22,322,2015,824.03
61,3,22,322,2016,801.59
61,3,27,322,1990,1467.77
61,3,27,322,1991,1396.16
61,3,27,322,1992,1357.33
61,3,27,322,1993,1416.29
61,3,27,322,1994,1607.15
61,3,27,322,1995,1717.4
61,3,27,322,1996,1801.08
61,3,27,322,1997,1788.99
61,3,27,322,1998,1822.94
61,3,27,322,1999,1854.94
61,3,27,322,2000,1761.41
61,3,27,322,2001,1577.3
61,3,27,322,2002,1371.39
61,3,27,322,2003,1243.99
61,3,27,322,2004,1159.98
61,3,27,322,2005,1184.46
61,3,27,322,2006,1158.57
61,3,27,322,2007,1169.05
61,3,27,322,2008,1153.46
61,3,27,322,2009,1146.65
61,3,27,322,2010,1125.46
61,3,27,322,2011,987.6
61,3,27,322,2012,947.33
61,3,27,322,2013,875.29
61,3,27,322,2014,873.65
61,3,27,322,2015,863.52
61,3,27,322,2016,827.55
62,1,22,322,1990,880.82
62,1,22,322,1991,878.35
62,1,22,322,1992,965.5
62,1,22,322,1993,1211.95
62,1,22,322,1994,1391.5
62,1,22,322,1995,1398.57
62,1,22,322,1996,1315.96
62,1,22,322,1997,1247.87
62,1,22,322,1998,1283.08
62,1,22,322,1999,1495.99
62,1,22,322,2000,1673.46
62,1,22,322,2001,1772.79
62,1,22,322,2002,1875.05
62,1,22,322,2003,1933.83
62,1,22,322,2004,1949.89
62,1,22,322,2005,1982.4
62,1,22,322,2006,1823.25
62,1,22,322,2007,1740.64
62,1,22,322,2008,1707.34
62,1,22,322,2009,1581.82
62,1,22,322,2010,1541.56
62,1,22,322,2011,1475.55
62,1,22,322,2012,1417.48
62,1,22,322,2013,1388.13
62,1,22,322,2014,1369.3
62,1,22,322,2015,1359.96
62,1,22,322,2016,1336.4
62,1,27,322,1990,958.38
62,1,27,322,1991,976.88
62,1,27,322,1992,1079.9
62,1,27,322,1993,1331.14
62,1,27,322,1994,1488.11
62,1,27,322,1995,1487.75
62,1,27,322,1996,1402.02
62,1,27,322,1997,1336.49
62,1,27,322,1998,1366.04
62,1,27,322,1999,1578.93
62,1,27,322,2000,1709.71
62,1,27,322,2001,1768.94
62,1,27,322,2002,1819.06
62,1,27,322,2003,1842.01
62,1,27,322,2004,1830.59
62,1,27,322,2005,1840.37
62,1,27,322,2006,1687.54
62,1,27,322,2007,1596.17
62,1,27,322,2008,1543.56
62,1,27,322,2009,1422.23
62,1,27,322,2010,1375.07
62,1,27,322,2011,1316.11
62,1,27,322,2012,1267.85
62,1,27,322,2013,1231.55
62,1,27,322,2014,1204.48
62,1,27,322,2015,1187.02
62,1,27,322,2016,1158.42
62,2,22,322,1990,420.3
62,2,22,322,1991,398.12
62,2,22,322,1992,390.03
62,2,22,322,1993,433.55
62,2,22,322,1994,449.57
62,2,22,322,1995,434.58
62,2,22,322,1996,401.44
62,2,22,322,1997,386.86
62,2,22,322,1998,392.95
62,2,22,322,1999,445.45
62,2,22,322,2000,473.36
62,2,22,322,2001,499.17
62,2,22,322,2002,522.17
62,2,22,322,2003,543.16
62,2,22,322,2004,545.99
62,2,22,322,2005,553.67
62,2,22,322,2006,521.03
62,2,22,322,2007,509.6
62,2,22,322,2008,507.94
62,2,22,322,2009,483.24
62,2,22,322,2010,472.75
62,2,22,322,2011,463.84
62,2,22,322,2012,459.45
62,2,22,322,2013,446.64
62,2,22,322,2014,433.43
62,2,22,322,2015,427.69
62,2,22,322,2016,426.57
62,2,27,322,1990,514.17
62,2,27,322,1991,512.98
62,2,27,322,1992,525.25
62,2,27,322,1993,588.95
62,2,27,322,1994,597.56
62,2,27,322,1995,583.16
62,2,27,322,1996,543.83
62,2,27,322,1997,532.59
62,2,27,322,1998,540.64
62,2,27,322,1999,605.75
62,2,27,322,2000,616.69
62,2,27,322,2001,622.71
62,2,27,322,2002,615.75
62,2,27,322,2003,616.7
62,2,27,322,2004,604.95
62,2,27,322,2005,600.53
62,2,27,322,2006,560.12
62,2,27,322,2007,536.95
62,2,27,322,2008,518.03
62,2,27,322,2009,486.25
62,2,27,322,2010,466.47
62,2,27,322,2011,459.3
62,2,27,322,2012,458.89
62,2,27,322,2013,438.65
62,2,27,322,2014,417.95
62,2,27,322,2015,406.96
62,2,27,322,2016,400.97
62,3,22,322,1990,635.96
62,3,22,322,1991,623.12
62,3,22,322,1992,659.76
62,3,22,322,1993,798.46
62,3,22,322,1994,891.21
62,3,22,322,1995,886.42
62,3,22,322,1996,829.77
62,3,22,322,1997,789.95
62,3,22,322,1998,809.51
62,3,22,322,1999,936.76
62,3,22,322,2000,1034.08
62,3,22,322,2001,1093.41
62,3,22,322,2002,1152.38
62,3,22,322,2003,1190.06
62,3,22,322,2004,1197.92
62,3,22,322,2005,1215.92
62,3,22,322,2006,1123.69
62,3,22,322,2007,1078.85
62,3,22,322,2008,1062.36
62,3,22,322,2009,991.02
62,3,22,322,2010,966.91
62,3,22,322,2011,931.83
62,3,22,322,2012,902.86
62,3,22,322,2013,882.66
62,3,22,322,2014,867.06
62,3,22,322,2015,859.62
62,3,22,322,2016,847.95
62,3,27,322,1990,713.5
62,3,27,322,1991,722.03
62,3,27,322,1992,776.9
62,3,27,322,1993,928.01
62,3,27,322,1994,1005.54
62,3,27,322,1995,997.39
62,3,27,322,1996,936.25
62,3,27,322,1997,899.64
62,3,27,322,1998,917.9
62,3,27,322,1999,1052.49
62,3,27,322,2000,1118.5
62,3,27,322,2001,1148.44
62,3,27,322,2002,1166.49
62,3,27,322,2003,1175.96
62,3,27,322,2004,1163.22
62,3,27,322,2005,1164.56
62,3,27,322,2006,1071.76
62,3,27,322,2007,1016.43
62,3,27,322,2008,980.61
62,3,27,322,2009,906.59
62,3,27,322,2010,873.88
62,3,27,322,2011,843.44
62,3,27,322,2012,822.1
62,3,27,322,2013,794.98
62,3,27,322,2014,771.91
62,3,27,322,2015,758.39
62,3,27,322,2016,742.47
63,1,22,322,1990,651.26
63,1,22,322,1991,655.28
63,1,22,322,1992,679.08
63,1,22,322,1993,714.14
63,1,22,322,1994,783.27
63,1,22,322,1995,890.1
63,1,22,322,1996,917.45
63,1,22,322,1997,904.77
63,1,22,322,1998,886.45
63,1,22,322,1999,949.92
63,1,22,322,2000,1017.4
63,1,22,322,2001,1028.75
63,1,22,322,2002,1037.43
63,1,22,322,2003,1051.22
63,1,22,322,2004,1082.16
63,1,22,322,2005,1096.14
63,1,22,322,2006,1026.66
63,1,22,322,2007,1053.24
63,1,22,322,2008,1016.75
63,1,22,322,2009,837.1
63,1,22,322,2010,753.28
63,1,22,322,2011,701.58
63,1,22,322,2012,706.44
63,1,22,322,2013,700.93
63,1,22,322,2014,677.87
63,1,22,322,2015,678.62
63,1,22,322,2016,685.7
63,1,27,322,1990,715.26
63,1,27,322,1991,721.34
63,1,27,322,1992,746.13
63,1,27,322,1993,786.71
63,1,27,322,1994,858.92
63,1,27,322,1995,961.04
63,1,27,322,1996,987.64
63,1,27,322,1997,973.14
63,1,27,322,1998,952.4
63,1,27,322,1999,1001.12
63,1,27,322,2000,1048.06
63,1,27,322,2001,1038.61
63,1,27,322,2002,1023.73
63,1,27,322,2003,1014.58
63,1,27,322,2004,1020.95
63,1,27,322,2005,1015.1
63,1,27,322,2006,939.42
63,1,27,322,2007,949.71
63,1,27,322,2008,907.63
63,1,27,322,2009,748.97
63,1,27,322,2010,671.76
63,1,27,322,2011,620.53
63,1,27,322,2012,620.07
63,1,27,322,2013,610.82
63,1,27,322,2014,589
63,1,27,322,2015,587.24
63,1,27,322,2016,591.18
63,2,22,322,1990,297.06
63,2,22,322,1991,282.54
63,2,22,322,1992,274.5
63,2,22,322,1993,278.61
63,2,22,322,1994,288.48
63,2,22,322,1995,304.36
63,2,22,322,1996,303.24
63,2,22,322,1997,295.38
63,2,22,322,1998,282.8
63,2,22,322,1999,294.01
63,2,22,322,2000,298.99
63,2,22,322,2001,297.84
63,2,22,322,2002,295.76
63,2,22,322,2003,297.48
63,2,22,322,2004,301.25
63,2,22,322,2005,301.71
63,2,22,322,2006,285.52
63,2,22,322,2007,291.34
63,2,22,322,2008,287.2
63,2,22,322,2009,255.58
63,2,22,322,2010,236.65
63,2,22,322,2011,219.4
63,2,22,322,2012,219.51
63,2,22,322,2013,220.18
63,2,22,322,2014,206.35
63,2,22,322,2015,205.97
63,2,22,322,2016,208.48
63,2,27,322,1990,372.22
63,2,27,322,1991,356.87
63,2,27,322,1992,350.77
63,2,27,322,1993,360.68
63,2,27,322,1994,378.77
63,2,27,322,1995,402.59
63,2,27,322,1996,408.49
63,2,27,322,1997,407.59
63,2,27,322,1998,399.41
63,2,27,322,1999,414.93
63,2,27,322,2000,414.58
63,2,27,322,2001,405
63,2,27,322,2002,384.22
63,2,27,322,2003,370.6
63,2,27,322,2004,360.66
63,2,27,322,2005,346.11
63,2,27,322,2006,318.73
63,2,27,322,2007,313.33
63,2,27,322,2008,300.89
63,2,27,322,2009,267.01
63,2,27,322,2010,246.34
63,2,27,322,2011,226.21
63,2,27,322,2012,223.06
63,2,27,322,2013,222.35
63,2,27,322,2014,210.5
63,2,27,322,2015,210.17
63,2,27,322,2016,212.5
63,3,22,322,1990,460.82
63,3,22,322,1991,455
63,3,22,322,1992,461.88
63,3,22,322,1993,480.46
63,3,22,322,1994,517.88
63,3,22,322,1995,575.95
63,3,22,322,1996,587.98
63,3,22,322,1997,577.82
63,3,22,322,1998,562.54
63,3,22,322,1999,597.9
63,3,22,322,2000,631.67
63,3,22,322,2001,636.09
63,3,22,322,2002,638.78
63,3,22,322,2003,645.89
63,3,22,322,2004,662
63,3,22,322,2005,668.42
63,3,22,322,2006,627.43
63,3,22,322,2007,642.67
63,3,22,322,2008,623.47
63,3,22,322,2009,523.6
63,3,22,322,2010,474.86
63,3,22,322,2011,441.85
63,3,22,322,2012,444.33
63,3,22,322,2013,442.34
63,3,22,322,2014,424.3
63,3,22,322,2015,424.46
63,3,22,322,2016,429.05
63,3,27,322,1990,532.53
63,3,27,322,1991,527.08
63,3,27,322,1992,535.37
63,3,27,322,1993,559.9
63,3,27,322,1994,603.52
63,3,27,322,1995,663.89
63,3,27,322,1996,679.14
63,3,27,322,1997,671.21
63,3,27,322,1998,656.91
63,3,27,322,1999,687.35
63,3,27,322,2000,708.79
63,3,27,322,2001,698.66
63,3,27,322,2002,680.56
63,3,27,322,2003,668.74
63,3,27,322,2004,666.13
63,3,27,322,2005,655.19
63,3,27,322,2006,605.03
63,3,27,322,2007,607.14
63,3,27,322,2008,580.55
63,3,27,322,2009,488.21
63,3,27,322,2010,441.12
63,3,27,322,2011,406.68
63,3,27,322,2012,405.17
63,3,27,322,2013,400.63
63,3,27,322,2014,384.67
63,3,27,322,2015,384
63,3,27,322,2016,387.49
66,1,22,322,1990,468.96
66,1,22,322,1991,469.39
66,1,22,322,1992,456.66
66,1,22,322,1993,441.6
66,1,22,322,1994,425.21
66,1,22,322,1995,410.46
66,1,22,322,1996,396.79
66,1,22,322,1997,382.75
66,1,22,322,1998,368.42
66,1,22,322,1999,358.02
66,1,22,322,2000,356.93
66,1,22,322,2001,352.21
66,1,22,322,2002,346.34
66,1,22,322,2003,346.3
66,1,22,322,2004,345.39
66,1,22,322,2005,350.55
66,1,22,322,2006,355.01
66,1,22,322,2007,360.27
66,1,22,322,2008,363.04
66,1,22,322,2009,366.75
66,1,22,322,2010,367.63
66,1,22,322,2011,385.11
66,1,22,322,2012,400.97
66,1,22,322,2013,409.84
66,1,22,322,2014,428.84
66,1,22,322,2015,437.52
66,1,22,322,2016,444.46
66,1,27,322,1990,800.67
66,1,27,322,1991,800.97
66,1,27,322,1992,784.17
66,1,27,322,1993,764.56
66,1,27,322,1994,741.14
66,1,27,322,1995,718.35
66,1,27,322,1996,701.71
66,1,27,322,1997,685.69
66,1,27,322,1998,667.02
66,1,27,322,1999,656.16
66,1,27,322,2000,660.02
66,1,27,322,2001,654.31
66,1,27,322,2002,653.16
66,1,27,322,2003,656.43
66,1,27,322,2004,655.31
66,1,27,322,2005,661.71
66,1,27,322,2006,668.09
66,1,27,322,2007,675.68
66,1,27,322,2008,680.85
66,1,27,322,2009,685.61
66,1,27,322,2010,683.17
66,1,27,322,2011,703.88
66,1,27,322,2012,719.84
66,1,27,322,2013,719.64
66,1,27,322,2014,734.08
66,1,27,322,2015,730.32
66,1,27,322,2016,722.94
66,2,22,322,1990,355.48
66,2,22,322,1991,353.01
66,2,22,322,1992,340.11
66,2,22,322,1993,324.63
66,2,22,322,1994,306.9
66,2,22,322,1995,290.32
66,2,22,322,1996,273.98
66,2,22,322,1997,258.84
66,2,22,322,1998,245.37
66,2,22,322,1999,236.8
66,2,22,322,2000,232.81
66,2,22,322,2001,225.93
66,2,22,322,2002,222.73
66,2,22,322,2003,222.81
66,2,22,322,2004,222.63
66,2,22,322,2005,221.72
66,2,22,322,2006,220.99
66,2,22,322,2007,220.5
66,2,22,322,2008,220.43
66,2,22,322,2009,221.83
66,2,22,322,2010,221.11
66,2,22,322,2011,229.08
66,2,22,322,2012,236.04
66,2,22,322,2013,237.28
66,2,22,322,2014,242.71
66,2,22,322,2015,244.41
66,2,22,322,2016,246.28
66,2,27,322,1990,479.35
66,2,27,322,1991,478.15
66,2,27,322,1992,467.95
66,2,27,322,1993,453.61
66,2,27,322,1994,436.19
66,2,27,322,1995,418.97
66,2,27,322,1996,402.59
66,2,27,322,1997,384.86
66,2,27,322,1998,369.58
66,2,27,322,1999,362.24
66,2,27,322,2000,357.83
66,2,27,322,2001,348.37
66,2,27,322,2002,344.24
66,2,27,322,2003,343.76
66,2,27,322,2004,344.07
66,2,27,322,2005,343.1
66,2,27,322,2006,343.69
66,2,27,322,2007,344.33
66,2,27,322,2008,344.18
66,2,27,322,2009,345.6
66,2,27,322,2010,343.67
66,2,27,322,2011,352.7
66,2,27,322,2012,359.49
66,2,27,322,2013,357.22
66,2,27,322,2014,360.62
66,2,27,322,2015,357.93
66,2,27,322,2016,354.62
66,3,22,322,1990,415.39
66,3,22,322,1991,414.38
66,3,22,322,1992,401.54
66,3,22,322,1993,386.26
66,3,22,322,1994,369.13
66,3,22,322,1995,353.3
66,3,22,322,1996,338
66,3,22,322,1997,322.95
66,3,22,322,1998,308.53
66,3,22,322,1999,298.61
66,3,22,322,2000,295.84
66,3,22,322,2001,290
66,3,22,322,2002,285.52
66,3,22,322,2003,285.71
66,3,22,322,2004,285.36
66,3,22,322,2005,287.73
66,3,22,322,2006,289.79
66,3,22,322,2007,292.37
66,3,22,322,2008,293.88
66,3,22,322,2009,296.56
66,3,22,322,2010,296.72
66,3,22,322,2011,309.58
66,3,22,322,2012,321.12
66,3,22,322,2013,326.26
66,3,22,322,2014,338.65
66,3,22,322,2015,343.9
66,3,22,322,2016,348.35
66,3,27,322,1990,644.83
66,3,27,322,1991,644.25
66,3,27,322,1992,630.74
66,3,27,322,1993,613.54
66,3,27,322,1994,592.86
66,3,27,322,1995,572.45
66,3,27,322,1996,555.55
66,3,27,322,1997,537.64
66,3,27,322,1998,520.16
66,3,27,322,1999,510.58
66,3,27,322,2000,509.78
66,3,27,322,2001,500.99
66,3,27,322,2002,497.54
66,3,27,322,2003,498.12
66,3,27,322,2004,496.97
66,3,27,322,2005,499.27
66,3,27,322,2006,502.64
66,3,27,322,2007,506.59
66,3,27,322,2008,508.24
66,3,27,322,2009,510.43
66,3,27,322,2010,507.43
66,3,27,322,2011,521.77
66,3,27,322,2012,532.84
66,3,27,322,2013,531
66,3,27,322,2014,539.36
66,3,27,322,2015,535.77
66,3,27,322,2016,530.43
67,1,22,322,1990,782.89
67,1,22,322,1991,805.36
67,1,22,322,1992,828.19
67,1,22,322,1993,846.05
67,1,22,322,1994,856.73
67,1,22,322,1995,869.09
67,1,22,322,1996,861.89
67,1,22,322,1997,864.89
67,1,22,322,1998,871.39
67,1,22,322,1999,878.15
67,1,22,322,2000,870.4
67,1,22,322,2001,869.94
67,1,22,322,2002,874.55
67,1,22,322,2003,884.69
67,1,22,322,2004,896.27
67,1,22,322,2005,917.65
67,1,22,322,2006,923.67
67,1,22,322,2007,934.7
67,1,22,322,2008,945.95
67,1,22,322,2009,948.21
67,1,22,322,2010,960.02
67,1,22,322,2011,969.53
67,1,22,322,2012,976.14
67,1,22,322,2013,977.82
67,1,22,322,2014,972.8
67,1,22,322,2015,982.1
67,1,22,322,2016,993.34
67,1,27,322,1990,839.6
67,1,27,322,1991,839.16
67,1,27,322,1992,839.85
67,1,27,322,1993,834.83
67,1,27,322,1994,822.85
67,1,27,322,1995,812.82
67,1,27,322,1996,779.89
67,1,27,322,1997,759.23
67,1,27,322,1998,743.17
67,1,27,322,1999,725.37
67,1,27,322,2000,693.91
67,1,27,322,2001,669.17
67,1,27,322,2002,651.28
67,1,27,322,2003,637.9
67,1,27,322,2004,624.82
67,1,27,322,2005,618.89
67,1,27,322,2006,602.63
67,1,27,322,2007,589.45
67,1,27,322,2008,578
67,1,27,322,2009,561.22
67,1,27,322,2010,551.4
67,1,27,322,2011,541.2
67,1,27,322,2012,526.64
67,1,27,322,2013,510.69
67,1,27,322,2014,493.03
67,1,27,322,2015,483.48
67,1,27,322,2016,475.19
67,2,22,322,1990,464.61
67,2,22,322,1991,471.03
67,2,22,322,1992,478.73
67,2,22,322,1993,485.19
67,2,22,322,1994,485.15
67,2,22,322,1995,486.77
67,2,22,322,1996,479.55
67,2,22,322,1997,477.77
67,2,22,322,1998,476.74
67,2,22,322,1999,472.64
67,2,22,322,2000,454.88
67,2,22,322,2001,444.13
67,2,22,322,2002,437.59
67,2,22,322,2003,436.91
67,2,22,322,2004,434.9
67,2,22,322,2005,441.22
67,2,22,322,2006,437.99
67,2,22,322,2007,434.5
67,2,22,322,2008,431.18
67,2,22,322,2009,423.86
67,2,22,322,2010,422.84
67,2,22,322,2011,419.57
67,2,22,322,2012,433.18
67,2,22,322,2013,437.55
67,2,22,322,2014,434.72
67,2,22,322,2015,439.45
67,2,22,322,2016,445.11
67,2,27,322,1990,383.94
67,2,27,322,1991,376.97
67,2,27,322,1992,371.82
67,2,27,322,1993,364.79
67,2,27,322,1994,353.99
67,2,27,322,1995,345.76
67,2,27,322,1996,329.42
67,2,27,322,1997,318.71
67,2,27,322,1998,310.74
67,2,27,322,1999,298.37
67,2,27,322,2000,278.23
67,2,27,322,2001,262.17
67,2,27,322,2002,250.95
67,2,27,322,2003,243.4
67,2,27,322,2004,233.87
67,2,27,322,2005,229.87
67,2,27,322,2006,221.57
67,2,27,322,2007,213.85
67,2,27,322,2008,206.65
67,2,27,322,2009,197.54
67,2,27,322,2010,191.96
67,2,27,322,2011,186.92
67,2,27,322,2012,184.32
67,2,27,322,2013,178.42
67,2,27,322,2014,172.24
67,2,27,322,2015,169.09
67,2,27,322,2016,166.28
67,3,22,322,1990,620.93
67,3,22,322,1991,635.2
67,3,22,322,1992,650.3
67,3,22,322,1993,662.33
67,3,22,322,1994,667.51
67,3,22,322,1995,674.35
67,3,22,322,1996,667.05
67,3,22,322,1997,667.49
67,3,22,322,1998,670.04
67,3,22,322,1999,671.14
67,3,22,322,2000,658.25
67,3,22,322,2001,652.47
67,3,22,322,2002,651.21
67,3,22,322,2003,655.63
67,3,22,322,2004,660.15
67,3,22,322,2005,673.74
67,3,22,322,2006,674.95
67,3,22,322,2007,678.48
67,3,22,322,2008,682.19
67,3,22,322,2009,679.46
67,3,22,322,2010,684.62
67,3,22,322,2011,687.5
67,3,22,322,2012,697.61
67,3,22,322,2013,700.59
67,3,22,322,2014,696.62
67,3,22,322,2015,703.5
67,3,22,322,2016,711.81
67,3,27,322,1990,568.21
67,3,27,322,1991,563.32
67,3,27,322,1992,560.06
67,3,27,322,1993,553.55
67,3,27,322,1994,542.19
67,3,27,322,1995,532.77
67,3,27,322,1996,509.76
67,3,27,322,1997,495.02
67,3,27,322,1998,484.09
67,3,27,322,1999,469.58
67,3,27,322,2000,445.57
67,3,27,322,2001,426.51
67,3,27,322,2002,412.87
67,3,27,322,2003,403.11
67,3,27,322,2004,392.74
67,3,27,322,2005,388.26
67,3,27,322,2006,377.35
67,3,27,322,2007,367.97
67,3,27,322,2008,359.51
67,3,27,322,2009,347.8
67,3,27,322,2010,340.94
67,3,27,322,2011,334.22
67,3,27,322,2012,327.15
67,3,27,322,2013,317.74
67,3,27,322,2014,307.23
67,3,27,322,2015,301.8
67,3,27,322,2016,297.04
68,1,22,322,1990,366.11
68,1,22,322,1991,340.06
68,1,22,322,1992,316.66
68,1,22,322,1993,295.9
68,1,22,322,1994,281.38
68,1,22,322,1995,269.65
68,1,22,322,1996,261.9
68,1,22,322,1997,258.07
68,1,22,322,1998,259.48
68,1,22,322,1999,260.19
68,1,22,322,2000,259.29
68,1,22,322,2001,257.61
68,1,22,322,2002,251.29
68,1,22,322,2003,245.61
68,1,22,322,2004,241.79
68,1,22,322,2005,240.64
68,1,22,322,2006,240.89
68,1,22,322,2007,244.75
68,1,22,322,2008,251.63
68,1,22,322,2009,259.66
68,1,22,322,2010,270.8
68,1,22,322,2011,279.72
68,1,22,322,2012,289.17
68,1,22,322,2013,294.42
68,1,22,322,2014,288.83
68,1,22,322,2015,300.28
68,1,22,322,2016,314.23
68,1,27,322,1990,613.06
68,1,27,322,1991,568.22
68,1,27,322,1992,530.72
68,1,27,322,1993,500.25
68,1,27,322,1994,477.53
68,1,27,322,1995,458.15
68,1,27,322,1996,445.15
68,1,27,322,1997,438.5
68,1,27,322,1998,436.89
68,1,27,322,1999,432.97
68,1,27,322,2000,425.28
68,1,27,322,2001,415.92
68,1,27,322,2002,398.1
68,1,27,322,2003,376.18
68,1,27,322,2004,357.41
68,1,27,322,2005,343.13
68,1,27,322,2006,334.1
68,1,27,322,2007,330.05
68,1,27,322,2008,327.51
68,1,27,322,2009,325.34
68,1,27,322,2010,327.06
68,1,27,322,2011,325.68
68,1,27,322,2012,324.87
68,1,27,322,2013,315.44
68,1,27,322,2014,297.89
68,1,27,322,2015,298.03
68,1,27,322,2016,298.55
68,2,22,322,1990,271.95
68,2,22,322,1991,249.54
68,2,22,322,1992,229.21
68,2,22,322,1993,211.36
68,2,22,322,1994,198.16
68,2,22,322,1995,188.51
68,2,22,322,1996,181.29
68,2,22,322,1997,177.06
68,2,22,322,1998,176.59
68,2,22,322,1999,176.85
68,2,22,322,2000,175.85
68,2,22,322,2001,174.61
68,2,22,322,2002,170.8
68,2,22,322,2003,167.06
68,2,22,322,2004,164
68,2,22,322,2005,161.04
68,2,22,322,2006,160.53
68,2,22,322,2007,161.16
68,2,22,322,2008,163.83
68,2,22,322,2009,167.02
68,2,22,322,2010,171.63
68,2,22,322,2011,175.71
68,2,22,322,2012,181.61
68,2,22,322,2013,187.21
68,2,22,322,2014,184.55
68,2,22,322,2015,190.54
68,2,22,322,2016,197.07
68,2,27,322,1990,358.34
68,2,27,322,1991,327.43
68,2,27,322,1992,300.68
68,2,27,322,1993,278.51
68,2,27,322,1994,261.22
68,2,27,322,1995,247.35
68,2,27,322,1996,236.79
68,2,27,322,1997,229.89
68,2,27,322,1998,226.42
68,2,27,322,1999,222.98
68,2,27,322,2000,218.26
68,2,27,322,2001,215.51
68,2,27,322,2002,208.54
68,2,27,322,2003,197.48
68,2,27,322,2004,186.47
68,2,27,322,2005,174.91
68,2,27,322,2006,167.63
68,2,27,322,2007,162.36
68,2,27,322,2008,157.97
68,2,27,322,2009,153.89
68,2,27,322,2010,151.57
68,2,27,322,2011,148.91
68,2,27,322,2012,147.64
68,2,27,322,2013,145.13
68,2,27,322,2014,137.4
68,2,27,322,2015,135.77
68,2,27,322,2016,134.58
68,3,22,322,1990,319.12
68,3,22,322,1991,294.89
68,3,22,322,1992,273.02
68,3,22,322,1993,253.72
68,3,22,322,1994,239.86
68,3,22,322,1995,229.17
68,3,22,322,1996,221.69
68,3,22,322,1997,217.67
68,3,22,322,1998,218.15
68,3,22,322,1999,218.64
68,3,22,322,2000,217.69
68,3,22,322,2001,216.23
68,3,22,322,2002,211.15
68,3,22,322,2003,206.39
68,3,22,322,2004,202.9
68,3,22,322,2005,200.81
68,3,22,322,2006,200.65
68,3,22,322,2007,202.85
68,3,22,322,2008,207.58
68,3,22,322,2009,213.14
68,3,22,322,2010,220.97
68,3,22,322,2011,227.44
68,3,22,322,2012,235.09
68,3,22,322,2013,240.51
68,3,22,322,2014,236.38
68,3,22,322,2015,245.07
68,3,22,322,2016,255.28
68,3,27,322,1990,453.75
68,3,27,322,1991,417.87
68,3,27,322,1992,387.36
68,3,27,322,1993,362.36
68,3,27,322,1994,343.37
68,3,27,322,1995,327.71
68,3,27,322,1996,316.59
68,3,27,322,1997,309.81
68,3,27,322,1998,307.49
68,3,27,322,1999,303.83
68,3,27,322,2000,297.93
68,3,27,322,2001,292.68
68,3,27,322,2002,281.6
68,3,27,322,2003,266.69
68,3,27,322,2004,253.02
68,3,27,322,2005,240.52
68,3,27,322,2006,232.51
68,3,27,322,2007,227.56
68,3,27,322,2008,223.95
68,3,27,322,2009,220.86
68,3,27,322,2010,220.26
68,3,27,322,2011,218.46
68,3,27,322,2012,217.76
68,3,27,322,2013,213.54
68,3,27,322,2014,202.21
68,3,27,322,2015,201.58
68,3,27,322,2016,201.65
69,1,22,322,1990,999.11
69,1,22,322,1991,936.91
69,1,22,322,1992,914.63
69,1,22,322,1993,884.03
69,1,22,322,1994,879.82
69,1,22,322,1995,876.15
69,1,22,322,1996,855.7
69,1,22,322,1997,826.5
69,1,22,322,1998,819.57
69,1,22,322,1999,822.87
69,1,22,322,2000,824.13
69,1,22,322,2001,833.3
69,1,22,322,2002,855.74
69,1,22,322,2003,888.98
69,1,22,322,2004,908.07
69,1,22,322,2005,909.65
69,1,22,322,2006,956.29
69,1,22,322,2007,938.82
69,1,22,322,2008,926.35
69,1,22,322,2009,925.34
69,1,22,322,2010,930.79
69,1,22,322,2011,962.28
69,1,22,322,2012,971.18
69,1,22,322,2013,974.92
69,1,22,322,2014,973.08
69,1,22,322,2015,967
69,1,22,322,2016,977.65
69,1,27,322,1990,1529.51
69,1,27,322,1991,1424.98
69,1,27,322,1992,1368.25
69,1,27,322,1993,1310.48
69,1,27,322,1994,1292.13
69,1,27,322,1995,1273.91
69,1,27,322,1996,1226.98
69,1,27,322,1997,1169.51
69,1,27,322,1998,1145.72
69,1,27,322,1999,1124.29
69,1,27,322,2000,1098.08
69,1,27,322,2001,1086.35
69,1,27,322,2002,1093.96
69,1,27,322,2003,1116.4
69,1,27,322,2004,1117.28
69,1,27,322,2005,1094.4
69,1,27,322,2006,1126.29
69,1,27,322,2007,1073.59
69,1,27,322,2008,1029.1
69,1,27,322,2009,1007.25
69,1,27,322,2010,986.45
69,1,27,322,2011,989.19
69,1,27,322,2012,976.21
69,1,27,322,2013,963.47
69,1,27,322,2014,944.11
69,1,27,322,2015,919.61
69,1,27,322,2016,905.69
69,2,22,322,1990,772.11
69,2,22,322,1991,731.84
69,2,22,322,1992,707.05
69,2,22,322,1993,694.12
69,2,22,322,1994,679.65
69,2,22,322,1995,679.32
69,2,22,322,1996,666.36
69,2,22,322,1997,641.25
69,2,22,322,1998,626.61
69,2,22,322,1999,616.61
69,2,22,322,2000,609.29
69,2,22,322,2001,600.4
69,2,22,322,2002,604.45
69,2,22,322,2003,605.05
69,2,22,322,2004,612.86
69,2,22,322,2005,612.37
69,2,22,322,2006,601.24
69,2,22,322,2007,602.99
69,2,22,322,2008,594.2
69,2,22,322,2009,584.38
69,2,22,322,2010,581.81
69,2,22,322,2011,588.65
69,2,22,322,2012,588.93
69,2,22,322,2013,608.17
69,2,22,322,2014,607.98
69,2,22,322,2015,606.87
69,2,22,322,2016,610.45
69,2,27,322,1990,1035.92
69,2,27,322,1991,968.59
69,2,27,322,1992,924.01
69,2,27,322,1993,899.07
69,2,27,322,1994,871.62
69,2,27,322,1995,861.06
69,2,27,322,1996,834.41
69,2,27,322,1997,792
69,2,27,322,1998,762.55
69,2,27,322,1999,733.28
69,2,27,322,2000,710.02
69,2,27,322,2001,686.81
69,2,27,322,2002,679.01
69,2,27,322,2003,662.81
69,2,27,322,2004,648.43
69,2,27,322,2005,629.97
69,2,27,322,2006,603.92
69,2,27,322,2007,590.51
69,2,27,322,2008,569.29
69,2,27,322,2009,547.76
69,2,27,322,2010,526.6
69,2,27,322,2011,514.6
69,2,27,322,2012,503.73
69,2,27,322,2013,507.62
69,2,27,322,2014,495.15
69,2,27,322,2015,480.58
69,2,27,322,2016,469.13
69,3,22,322,1990,887.12
69,3,22,322,1991,835.57
69,3,22,322,1992,811.85
69,3,22,322,1993,789.82
69,3,22,322,1994,780.35
69,3,22,322,1995,778.17
69,3,22,322,1996,761.37
69,3,22,322,1997,734.09
69,3,22,322,1998,723.16
69,3,22,322,1999,719.68
69,3,22,322,2000,716.51
69,3,22,322,2001,716.48
69,3,22,322,2002,729.49
69,3,22,322,2003,746.15
69,3,22,322,2004,759.22
69,3,22,322,2005,759.68
69,3,22,322,2006,776.93
69,3,22,322,2007,769.26
69,3,22,322,2008,758.46
69,3,22,322,2009,752.68
69,3,22,322,2010,753.84
69,3,22,322,2011,772.6
69,3,22,322,2012,776.98
69,3,22,322,2013,788.46
69,3,22,322,2014,787.32
69,3,22,322,2015,783.63
69,3,22,322,2016,790.56
69,3,27,322,1990,1264.4
69,3,27,322,1991,1179.38
69,3,27,322,1992,1130.86
69,3,27,322,1993,1091.11
69,3,27,322,1994,1066.77
69,3,27,322,1995,1052.79
69,3,27,322,1996,1017.81
69,3,27,322,1997,968.34
69,3,27,322,1998,940.55
69,3,27,322,1999,914.05
69,3,27,322,2000,888.98
69,3,27,322,2001,870.7
69,3,27,322,2002,869.71
69,3,27,322,2003,870.18
69,3,27,322,2004,860.67
69,3,27,322,2005,838.55
69,3,27,322,2006,836.22
69,3,27,322,2007,808.48
69,3,27,322,2008,778.39
69,3,27,322,2009,756.7
69,3,27,322,2010,734.08
69,3,27,322,2011,726.51
69,3,27,322,2012,717.1
69,3,27,322,2013,714.75
69,3,27,322,2014,699.1
69,3,27,322,2015,679.88
69,3,27,322,2016,667.29
71,1,22,322,1990,198.73
71,1,22,322,1991,193.42
71,1,22,322,1992,193.03
71,1,22,322,1993,190.45
71,1,22,322,1994,191.16
71,1,22,322,1995,192.16
71,1,22,322,1996,195.58
71,1,22,322,1997,198.83
71,1,22,322,1998,199.77
71,1,22,322,1999,201.56
71,1,22,322,2000,205.08
71,1,22,322,2001,207.66
71,1,22,322,2002,210.12
71,1,22,322,2003,208.46
71,1,22,322,2004,207.12
71,1,22,322,2005,202.53
71,1,22,322,2006,202.27
71,1,22,322,2007,200.52
71,1,22,322,2008,197.89
71,1,22,322,2009,195.58
71,1,22,322,2010,196
71,1,22,322,2011,195.79
71,1,22,322,2012,194.71
71,1,22,322,2013,194.63
71,1,22,322,2014,196.98
71,1,22,322,2015,199.4
71,1,22,322,2016,203.27
71,1,27,322,1990,226.97
71,1,27,322,1991,218
71,1,27,322,1992,215.11
71,1,27,322,1993,209.88
71,1,27,322,1994,208.71
71,1,27,322,1995,207.75
71,1,27,322,1996,209.44
71,1,27,322,1997,210.68
71,1,27,322,1998,208.8
71,1,27,322,1999,207.78
71,1,27,322,2000,208.42
71,1,27,322,2001,207.68
71,1,27,322,2002,207.37
71,1,27,322,2003,202.96
71,1,27,322,2004,198.87
71,1,27,322,2005,191.38
71,1,27,322,2006,187.62
71,1,27,322,2007,182.58
71,1,27,322,2008,177.71
71,1,27,322,2009,173.77
71,1,27,322,2010,171.35
71,1,27,322,2011,167.7
71,1,27,322,2012,164.12
71,1,27,322,2013,162.26
71,1,27,322,2014,162.06
71,1,27,322,2015,161.72
71,1,27,322,2016,162.49
71,2,22,322,1990,151.33
71,2,22,322,1991,147.29
71,2,22,322,1992,147.36
71,2,22,322,1993,146.41
71,2,22,322,1994,150.02
71,2,22,322,1995,152.8
71,2,22,322,1996,157.32
71,2,22,322,1997,162.56
71,2,22,322,1998,165.26
71,2,22,322,1999,168.18
71,2,22,322,2000,170.49
71,2,22,322,2001,172.76
71,2,22,322,2002,175.17
71,2,22,322,2003,174.69
71,2,22,322,2004,172.93
71,2,22,322,2005,169.21
71,2,22,322,2006,170.29
71,2,22,322,2007,170.76
71,2,22,322,2008,169.08
71,2,22,322,2009,167.25
71,2,22,322,2010,168.07
71,2,22,322,2011,169.28
71,2,22,322,2012,170.77
71,2,22,322,2013,169.53
71,2,22,322,2014,171.88
71,2,22,322,2015,173.01
71,2,22,322,2016,174.71
71,2,27,322,1990,141.16
71,2,27,322,1991,134.94
71,2,27,322,1992,132.76
71,2,27,322,1993,129.57
71,2,27,322,1994,130.9
71,2,27,322,1995,131.67
71,2,27,322,1996,133.39
71,2,27,322,1997,136.16
71,2,27,322,1998,135.99
71,2,27,322,1999,136.26
71,2,27,322,2000,135.9
71,2,27,322,2001,135.63
71,2,27,322,2002,135.51
71,2,27,322,2003,133.79
71,2,27,322,2004,131.01
71,2,27,322,2005,126.31
71,2,27,322,2006,124.75
71,2,27,322,2007,122.76
71,2,27,322,2008,120.13
71,2,27,322,2009,117.9
71,2,27,322,2010,116.76
71,2,27,322,2011,115.26
71,2,27,322,2012,114.46
71,2,27,322,2013,112.35
71,2,27,322,2014,112.33
71,2,27,322,2015,111.8
71,2,27,322,2016,111.51
71,3,22,322,1990,174.97
71,3,22,322,1991,170.28
71,3,22,322,1992,170.11
71,3,22,322,1993,168.34
71,3,22,322,1994,170.5
71,3,22,322,1995,172.38
71,3,22,322,1996,176.34
71,3,22,322,1997,180.58
71,3,22,322,1998,182.4
71,3,22,322,1999,184.75
71,3,22,322,2000,187.65
71,3,22,322,2001,190.08
71,3,22,322,2002,192.51
71,3,22,322,2003,191.45
71,3,22,322,2004,189.9
71,3,22,322,2005,185.75
71,3,22,322,2006,186.17
71,3,22,322,2007,185.56
71,3,22,322,2008,183.41
71,3,22,322,2009,181.35
71,3,22,322,2010,181.97
71,3,22,322,2011,182.47
71,3,22,322,2012,182.69
71,3,22,322,2013,182.02
71,3,22,322,2014,184.37
71,3,22,322,2015,186.15
71,3,22,322,2016,188.93
71,3,27,322,1990,178.3
71,3,27,322,1991,170.93
71,3,27,322,1992,168.36
71,3,27,322,1993,164.22
71,3,27,322,1994,164.27
71,3,27,322,1995,164.33
71,3,27,322,1996,165.97
71,3,27,322,1997,168.12
71,3,27,322,1998,167.08
71,3,27,322,1999,166.77
71,3,27,322,2000,167.07
71,3,27,322,2001,166.73
71,3,27,322,2002,166.54
71,3,27,322,2003,163.8
71,3,27,322,2004,160.63
71,3,27,322,2005,154.95
71,3,27,322,2006,152.58
71,3,27,322,2007,149.4
71,3,27,322,2008,145.83
71,3,27,322,2009,142.95
71,3,27,322,2010,141.3
71,3,27,322,2011,138.91
71,3,27,322,2012,136.9
71,3,27,322,2013,135.09
71,3,27,322,2014,135.11
71,3,27,322,2015,134.7
71,3,27,322,2016,134.93
72,1,22,322,1990,400.65
72,1,22,322,1991,368.12
72,1,22,322,1992,341.52
72,1,22,322,1993,314
72,1,22,322,1994,292
72,1,22,322,1995,266.06
72,1,22,322,1996,238.03
72,1,22,322,1997,210.79
72,1,22,322,1998,181.91
72,1,22,322,1999,166.98
72,1,22,322,2000,154.66
72,1,22,322,2001,146.12
72,1,22,322,2002,138.15
72,1,22,322,2003,132.53
72,1,22,322,2004,131.46
72,1,22,322,2005,128.22
72,1,22,322,2006,131.54
72,1,22,322,2007,133.73
72,1,22,322,2008,137.13
72,1,22,322,2009,138.78
72,1,22,322,2010,140.24
72,1,22,322,2011,143.45
72,1,22,322,2012,146.44
72,1,22,322,2013,146.21
72,1,22,322,2014,149.77
72,1,22,322,2015,152.27
72,1,22,322,2016,155.61
72,1,27,322,1990,465.14
72,1,27,322,1991,426.94
72,1,27,322,1992,396.5
72,1,27,322,1993,363.89
72,1,27,322,1994,338.09
72,1,27,322,1995,308
72,1,27,322,1996,274.87
72,1,27,322,1997,241.51
72,1,27,322,1998,205.9
72,1,27,322,1999,186.52
72,1,27,322,2000,169.92
72,1,27,322,2001,159.24
72,1,27,322,2002,149.82
72,1,27,322,2003,142.41
72,1,27,322,2004,139.66
72,1,27,322,2005,133.89
72,1,27,322,2006,134.15
72,1,27,322,2007,133.07
72,1,27,322,2008,134.02
72,1,27,322,2009,134.08
72,1,27,322,2010,133.37
72,1,27,322,2011,133.73
72,1,27,322,2012,134.11
72,1,27,322,2013,131.4
72,1,27,322,2014,132.44
72,1,27,322,2015,131.34
72,1,27,322,2016,131.18
72,2,22,322,1990,347.29
72,2,22,322,1991,326.32
72,2,22,322,1992,305.58
72,2,22,322,1993,285.92
72,2,22,322,1994,269.1
72,2,22,322,1995,251.55
72,2,22,322,1996,230.41
72,2,22,322,1997,201.16
72,2,22,322,1998,172.18
72,2,22,322,1999,159.08
72,2,22,322,2000,144.03
72,2,22,322,2001,140.03
72,2,22,322,2002,133.63
72,2,22,322,2003,129.15
72,2,22,322,2004,127.68
72,2,22,322,2005,124.74
72,2,22,322,2006,127.46
72,2,22,322,2007,130.04
72,2,22,322,2008,131.76
72,2,22,322,2009,132.45
72,2,22,322,2010,133.65
72,2,22,322,2011,137.58
72,2,22,322,2012,139.6
72,2,22,322,2013,137.93
72,2,22,322,2014,138.75
72,2,22,322,2015,139.03
72,2,22,322,2016,140.24
72,2,27,322,1990,309.17
72,2,27,322,1991,288.25
72,2,27,322,1992,266.75
72,2,27,322,1993,247.32
72,2,27,322,1994,231.24
72,2,27,322,1995,215.16
72,2,27,322,1996,196.41
72,2,27,322,1997,171.14
72,2,27,322,1998,144.15
72,2,27,322,1999,131.42
72,2,27,322,2000,117.01
72,2,27,322,2001,112.32
72,2,27,322,2002,106.7
72,2,27,322,2003,102.86
72,2,27,322,2004,101.15
72,2,27,322,2005,97.91
72,2,27,322,2006,98.57
72,2,27,322,2007,99.22
72,2,27,322,2008,99.47
72,2,27,322,2009,99.06
72,2,27,322,2010,98.32
72,2,27,322,2011,99.27
72,2,27,322,2012,99.35
72,2,27,322,2013,97.2
72,2,27,322,2014,97.02
72,2,27,322,2015,95.44
72,2,27,322,2016,94.76
72,3,22,322,1990,373.57
72,3,22,322,1991,346.9
72,3,22,322,1992,323.27
72,3,22,322,1993,299.75
72,3,22,322,1994,280.38
72,3,22,322,1995,258.7
72,3,22,322,1996,234.17
72,3,22,322,1997,205.9
72,3,22,322,1998,176.97
72,3,22,322,1999,162.96
72,3,22,322,2000,149.25
72,3,22,322,2001,143.02
72,3,22,322,2002,135.85
72,3,22,322,2003,130.81
72,3,22,322,2004,129.53
72,3,22,322,2005,126.45
72,3,22,322,2006,129.46
72,3,22,322,2007,131.85
72,3,22,322,2008,134.38
72,3,22,322,2009,135.55
72,3,22,322,2010,136.87
72,3,22,322,2011,140.45
72,3,22,322,2012,142.94
72,3,22,322,2013,141.98
72,3,22,322,2014,144.14
72,3,22,322,2015,145.51
72,3,22,322,2016,147.76
72,3,27,322,1990,375.93
72,3,27,322,1991,346.98
72,3,27,322,1992,320.93
72,3,27,322,1993,295.72
72,3,27,322,1994,275.42
72,3,27,322,1995,253.39
72,3,27,322,1996,228.74
72,3,27,322,1997,200.6
72,3,27,322,1998,170.11
72,3,27,322,1999,154.64
72,3,27,322,2000,139.47
72,3,27,322,2001,132.05
72,3,27,322,2002,125.04
72,3,27,322,2003,119.78
72,3,27,322,2004,117.87
72,3,27,322,2005,113.69
72,3,27,322,2006,114.34
72,3,27,322,2007,114.34
72,3,27,322,2008,114.95
72,3,27,322,2009,114.78
72,3,27,322,2010,114.12
72,3,27,322,2011,114.78
72,3,27,322,2012,115.11
72,3,27,322,2013,112.74
72,3,27,322,2014,113.12
72,3,27,322,2015,111.75
72,3,27,322,2016,111.32
74,1,22,322,1990,470.28
74,1,22,322,1991,475.57
74,1,22,322,1992,482.12
74,1,22,322,1993,469.41
74,1,22,322,1994,459.53
74,1,22,322,1995,457.36
74,1,22,322,1996,450.02
74,1,22,322,1997,440.3
74,1,22,322,1998,433.92
74,1,22,322,1999,423.67
74,1,22,322,2000,418.58
74,1,22,322,2001,415.45
74,1,22,322,2002,412.11
74,1,22,322,2003,421.98
74,1,22,322,2004,433.87
74,1,22,322,2005,440.69
74,1,22,322,2006,445.53
74,1,22,322,2007,423.86
74,1,22,322,2008,427.62
74,1,22,322,2009,433.93
74,1,22,322,2010,442.07
74,1,22,322,2011,452.24
74,1,22,322,2012,463.07
74,1,22,322,2013,471.17
74,1,22,322,2014,481.37
74,1,22,322,2015,490.53
74,1,22,322,2016,489.62
74,1,27,322,1990,461.86
74,1,27,322,1991,461.92
74,1,27,322,1992,462.42
74,1,27,322,1993,442.38
74,1,27,322,1994,424.11
74,1,27,322,1995,414.81
74,1,27,322,1996,402.07
74,1,27,322,1997,389.06
74,1,27,322,1998,380.63
74,1,27,322,1999,368.34
74,1,27,322,2000,358.52
74,1,27,322,2001,348.95
74,1,27,322,2002,339.23
74,1,27,322,2003,341.74
74,1,27,322,2004,345.11
74,1,27,322,2005,344.48
74,1,27,322,2006,341.54
74,1,27,322,2007,319.75
74,1,27,322,2008,316.85
74,1,27,322,2009,314.98
74,1,27,322,2010,314.41
74,1,27,322,2011,315.75
74,1,27,322,2012,317.44
74,1,27,322,2013,316.68
74,1,27,322,2014,317.71
74,1,27,322,2015,317.86
74,1,27,322,2016,317.29
74,2,22,322,1990,481.82
74,2,22,322,1991,485.2
74,2,22,322,1992,486.12
74,2,22,322,1993,492.23
74,2,22,322,1994,499.74
74,2,22,322,1995,486
74,2,22,322,1996,472.44
74,2,22,322,1997,457.59
74,2,22,322,1998,443.58
74,2,22,322,1999,422.81
74,2,22,322,2000,408.8
74,2,22,322,2001,397.85
74,2,22,322,2002,387.99
74,2,22,322,2003,380.65
74,2,22,322,2004,385.96
74,2,22,322,2005,381.06
74,2,22,322,2006,378.54
74,2,22,322,2007,354.58
74,2,22,322,2008,356.26
74,2,22,322,2009,362.83
74,2,22,322,2010,366.15
74,2,22,322,2011,370.13
74,2,22,322,2012,374.82
74,2,22,322,2013,378.63
74,2,22,322,2014,383.72
74,2,22,322,2015,389.01
74,2,22,322,2016,385.68
74,2,27,322,1990,315.23
74,2,27,322,1991,312.82
74,2,27,322,1992,309.44
74,2,27,322,1993,304.88
74,2,27,322,1994,300.59
74,2,27,322,1995,286.29
74,2,27,322,1996,273.7
74,2,27,322,1997,262.04
74,2,27,322,1998,253.09
74,2,27,322,1999,240.98
74,2,27,322,2000,230.89
74,2,27,322,2001,220.74
74,2,27,322,2002,211.23
74,2,27,322,2003,205.42
74,2,27,322,2004,205.76
74,2,27,322,2005,200.66
74,2,27,322,2006,196.19
74,2,27,322,2007,181.81
74,2,27,322,2008,180.3
74,2,27,322,2009,180.95
74,2,27,322,2010,179.93
74,2,27,322,2011,179.62
74,2,27,322,2012,179.66
74,2,27,322,2013,178.43
74,2,27,322,2014,178.23
74,2,27,322,2015,177.84
74,2,27,322,2016,177.14
74,3,22,322,1990,476.21
74,3,22,322,1991,480.51
74,3,22,322,1992,484.17
74,3,22,322,1993,481.13
74,3,22,322,1994,480.17
74,3,22,322,1995,472.05
74,3,22,322,1996,461.51
74,3,22,322,1997,449.16
74,3,22,322,1998,438.86
74,3,22,322,1999,423.23
74,3,22,322,2000,413.57
74,3,22,322,2001,406.44
74,3,22,322,2002,399.76
74,3,22,322,2003,400.82
74,3,22,322,2004,409.35
74,3,22,322,2005,410.18
74,3,22,322,2006,411.27
74,3,22,322,2007,388.45
74,3,22,322,2008,391.17
74,3,22,322,2009,397.62
74,3,22,322,2010,403.32
74,3,22,322,2011,410.34
74,3,22,322,2012,418.05
74,3,22,322,2013,423.97
74,3,22,322,2014,431.58
74,3,22,322,2015,438.77
74,3,22,322,2016,436.66
74,3,27,322,1990,373.82
74,3,27,322,1991,372.35
74,3,27,322,1992,370.58
74,3,27,322,1993,359.73
74,3,27,322,1994,349.96
74,3,27,322,1995,337.81
74,3,27,322,1996,325.23
74,3,27,322,1997,313.06
74,3,27,322,1998,304.26
74,3,27,322,1999,291.98
74,3,27,322,2000,282.14
74,3,27,322,2001,272.45
74,3,27,322,2002,263.11
74,3,27,322,2003,260.94
74,3,27,322,2004,262.84
74,3,27,322,2005,259.83
74,3,27,322,2006,256.3
74,3,27,322,2007,239.16
74,3,27,322,2008,237.34
74,3,27,322,2009,237.24
74,3,27,322,2010,236.7
74,3,27,322,2011,237.4
74,3,27,322,2012,238.44
74,3,27,322,2013,237.72
74,3,27,322,2014,238.37
74,3,27,322,2015,238.51
74,3,27,322,2016,238.03
75,1,22,322,1990,283.78
75,1,22,322,1991,267.48
75,1,22,322,1992,251.37
75,1,22,322,1993,234.19
75,1,22,322,1994,220.69
75,1,22,322,1995,208.94
75,1,22,322,1996,199.58
75,1,22,322,1997,192.27
75,1,22,322,1998,187.13
75,1,22,322,1999,182.28
75,1,22,322,2000,177.46
75,1,22,322,2001,171.62
75,1,22,322,2002,168.22
75,1,22,322,2003,165.46
75,1,22,322,2004,159.49
75,1,22,322,2005,154.86
75,1,22,322,2006,149.5
75,1,22,322,2007,145.31
75,1,22,322,2008,140.95
75,1,22,322,2009,139.44
75,1,22,322,2010,136.25
75,1,22,322,2011,132.37
75,1,22,322,2012,128.5
75,1,22,322,2013,125.57
75,1,22,322,2014,121.93
75,1,22,322,2015,121.94
75,1,22,322,2016,122.3
75,1,27,322,1990,289.3
75,1,27,322,1991,271.32
75,1,27,322,1992,254.57
75,1,27,322,1993,235.64
75,1,27,322,1994,220.2
75,1,27,322,1995,205.43
75,1,27,322,1996,194.03
75,1,27,322,1997,185.59
75,1,27,322,1998,179.78
75,1,27,322,1999,173.6
75,1,27,322,2000,168.06
75,1,27,322,2001,160.5
75,1,27,322,2002,155.17
75,1,27,322,2003,151.64
75,1,27,322,2004,144.52
75,1,27,322,2005,137.51
75,1,27,322,2006,130.13
75,1,27,322,2007,124.22
75,1,27,322,2008,118.51
75,1,27,322,2009,115.44
75,1,27,322,2010,110.75
75,1,27,322,2011,105.25
75,1,27,322,2012,99.48
75,1,27,322,2013,95.21
75,1,27,322,2014,90.91
75,1,27,322,2015,89.3
75,1,27,322,2016,88.02
75,2,22,322,1990,216.01
75,2,22,322,1991,206.03
75,2,22,322,1992,195.05
75,2,22,322,1993,182.83
75,2,22,322,1994,173.2
75,2,22,322,1995,163.76
75,2,22,322,1996,158.33
75,2,22,322,1997,152.51
75,2,22,322,1998,148.59
75,2,22,322,1999,144.77
75,2,22,322,2000,140.72
75,2,22,322,2001,136.83
75,2,22,322,2002,133.94
75,2,22,322,2003,131
75,2,22,322,2004,123.99
75,2,22,322,2005,119.24
75,2,22,322,2006,113.78
75,2,22,322,2007,108.31
75,2,22,322,2008,104.28
75,2,22,322,2009,101.48
75,2,22,322,2010,97.54
75,2,22,322,2011,93.55
75,2,22,322,2012,90.76
75,2,22,322,2013,87.52
75,2,22,322,2014,84.65
75,2,22,322,2015,84.1
75,2,22,322,2016,84.03
75,2,27,322,1990,160.78
75,2,27,322,1991,152.74
75,2,27,322,1992,144.16
75,2,27,322,1993,133.48
75,2,27,322,1994,125.16
75,2,27,322,1995,114.44
75,2,27,322,1996,108.94
75,2,27,322,1997,103.64
75,2,27,322,1998,100.53
75,2,27,322,1999,97.2
75,2,27,322,2000,94.61
75,2,27,322,2001,92.22
75,2,27,322,2002,88.7
75,2,27,322,2003,87.1
75,2,27,322,2004,82.29
75,2,27,322,2005,77.79
75,2,27,322,2006,72.8
75,2,27,322,2007,68.4
75,2,27,322,2008,65.59
75,2,27,322,2009,63.59
75,2,27,322,2010,60.86
75,2,27,322,2011,57.68
75,2,27,322,2012,54.42
75,2,27,322,2013,52.07
75,2,27,322,2014,50.2
75,2,27,322,2015,49.21
75,2,27,322,2016,48.39
75,3,22,322,1990,248.45
75,3,22,322,1991,235.51
75,3,22,322,1992,222.12
75,3,22,322,1993,207.56
75,3,22,322,1994,196.09
75,3,22,322,1995,185.55
75,3,22,322,1996,178.23
75,3,22,322,1997,171.71
75,3,22,322,1998,167.21
75,3,22,322,1999,162.9
75,3,22,322,2000,158.49
75,3,22,322,2001,153.67
75,3,22,322,2002,150.56
75,3,22,322,2003,147.72
75,3,22,322,2004,141.23
75,3,22,322,2005,136.55
75,3,22,322,2006,131.16
75,3,22,322,2007,126.31
75,3,22,322,2008,122.13
75,3,22,322,2009,119.96
75,3,22,322,2010,116.39
75,3,22,322,2011,112.46
75,3,22,322,2012,109.16
75,3,22,322,2013,106.09
75,3,22,322,2014,102.87
75,3,22,322,2015,102.61
75,3,22,322,2016,102.76
75,3,27,322,1990,213.7
75,3,27,322,1991,201.35
75,3,27,322,1992,189.12
75,3,27,322,1993,174.92
75,3,27,322,1994,163.72
75,3,27,322,1995,151.52
75,3,27,322,1996,143.62
75,3,27,322,1997,137.06
75,3,27,322,1998,133.02
75,3,27,322,1999,128.63
75,3,27,322,2000,124.92
75,3,27,322,2001,120.14
75,3,27,322,2002,115.78
75,3,27,322,2003,113.52
75,3,27,322,2004,107.94
75,3,27,322,2005,102.43
75,3,27,322,2006,96.55
75,3,27,322,2007,91.72
75,3,27,322,2008,87.75
75,3,27,322,2009,85.56
75,3,27,322,2010,82.14
75,3,27,322,2011,78.03
75,3,27,322,2012,73.77
75,3,27,322,2013,70.63
75,3,27,322,2014,67.78
75,3,27,322,2015,66.6
75,3,27,322,2016,65.66
76,1,22,322,1990,461.12
76,1,22,322,1991,463.01
76,1,22,322,1992,464.42
76,1,22,322,1993,471.74
76,1,22,322,1994,473.97
76,1,22,322,1995,487.72
76,1,22,322,1996,506.07
76,1,22,322,1997,529.71
76,1,22,322,1998,553.48
76,1,22,322,1999,579
76,1,22,322,2000,596.99
76,1,22,322,2001,604.73
76,1,22,322,2002,613.57
76,1,22,322,2003,612.53
76,1,22,322,2004,597.91
76,1,22,322,2005,593.18
76,1,22,322,2006,579.15
76,1,22,322,2007,576.91
76,1,22,322,2008,578.8
76,1,22,322,2009,575.27
76,1,22,322,2010,568.55
76,1,22,322,2011,556.74
76,1,22,322,2012,559.3
76,1,22,322,2013,550.42
76,1,22,322,2014,535.13
76,1,22,322,2015,541.72
76,1,22,322,2016,548.34
76,1,27,322,1990,428.68
76,1,27,322,1991,427.01
76,1,27,322,1992,426.07
76,1,27,322,1993,430.77
76,1,27,322,1994,428.28
76,1,27,322,1995,433.3
76,1,27,322,1996,444.13
76,1,27,322,1997,459.56
76,1,27,322,1998,473.95
76,1,27,322,1999,488.47
76,1,27,322,2000,495.27
76,1,27,322,2001,494.58
76,1,27,322,2002,495.47
76,1,27,322,2003,488.51
76,1,27,322,2004,468.95
76,1,27,322,2005,457.74
76,1,27,322,2006,439.55
76,1,27,322,2007,430.99
76,1,27,322,2008,425.53
76,1,27,322,2009,416.59
76,1,27,322,2010,406.01
76,1,27,322,2011,394.19
76,1,27,322,2012,391.45
76,1,27,322,2013,380.5
76,1,27,322,2014,364.04
76,1,27,322,2015,362.74
76,1,27,322,2016,361.74
76,2,22,322,1990,317.36
76,2,22,322,1991,319.45
76,2,22,322,1992,322.58
76,2,22,322,1993,329.92
76,2,22,322,1994,334.62
76,2,22,322,1995,347.81
76,2,22,322,1996,363.95
76,2,22,322,1997,385.66
76,2,22,322,1998,407.51
76,2,22,322,1999,427.23
76,2,22,322,2000,441.83
76,2,22,322,2001,452.13
76,2,22,322,2002,461.77
76,2,22,322,2003,465.14
76,2,22,322,2004,451.61
76,2,22,322,2005,449.42
76,2,22,322,2006,440.64
76,2,22,322,2007,439.96
76,2,22,322,2008,439.95
76,2,22,322,2009,435.07
76,2,22,322,2010,425.89
76,2,22,322,2011,419
76,2,22,322,2012,417.52
76,2,22,322,2013,409.95
76,2,22,322,2014,395.36
76,2,22,322,2015,398.63
76,2,22,322,2016,398.84
76,2,27,322,1990,209.81
76,2,27,322,1991,208.07
76,2,27,322,1992,207.06
76,2,27,322,1993,208.19
76,2,27,322,1994,209.21
76,2,27,322,1995,213.69
76,2,27,322,1996,219.67
76,2,27,322,1997,229.96
76,2,27,322,1998,240.79
76,2,27,322,1999,248.84
76,2,27,322,2000,253.74
76,2,27,322,2001,255.71
76,2,27,322,2002,258.15
76,2,27,322,2003,256.66
76,2,27,322,2004,247.02
76,2,27,322,2005,243.7
76,2,27,322,2006,235.78
76,2,27,322,2007,234.05
76,2,27,322,2008,231.35
76,2,27,322,2009,227.03
76,2,27,322,2010,220.49
76,2,27,322,2011,215.36
76,2,27,322,2012,211.94
76,2,27,322,2013,206.38
76,2,27,322,2014,196.8
76,2,27,322,2015,195.93
76,2,27,322,2016,193.75
76,3,22,322,1990,387.61
76,3,22,322,1991,389.63
76,3,22,322,1992,391.95
76,3,22,322,1993,399.29
76,3,22,322,1994,402.78
76,3,22,322,1995,416.23
76,3,22,322,1996,433.43
76,3,22,322,1997,456.08
76,3,22,322,1998,478.87
76,3,22,322,1999,501.42
76,3,22,322,2000,517.69
76,3,22,322,2001,526.75
76,3,22,322,2002,536.02
76,3,22,322,2003,537.26
76,3,22,322,2004,523.2
76,3,22,322,2005,519.78
76,3,22,322,2006,508.44
76,3,22,322,2007,507.02
76,3,22,322,2008,507.97
76,3,22,322,2009,503.77
76,3,22,322,2010,495.83
76,3,22,322,2011,486.66
76,3,22,322,2012,487.21
76,3,22,322,2013,479.01
76,3,22,322,2014,464.08
76,3,22,322,2015,469.05
76,3,22,322,2016,472.47
76,3,27,322,1990,297.59
76,3,27,322,1991,295.88
76,3,27,322,1992,294.66
76,3,27,322,1993,296.88
76,3,27,322,1994,296.22
76,3,27,322,1995,300.79
76,3,27,322,1996,308.71
76,3,27,322,1997,321.12
76,3,27,322,1998,333.86
76,3,27,322,1999,345.12
76,3,27,322,2000,351.36
76,3,27,322,2001,352.75
76,3,27,322,2002,355.06
76,3,27,322,2003,351.71
76,3,27,322,2004,338.46
76,3,27,322,2005,332.45
76,3,27,322,2006,320.84
76,3,27,322,2007,316.53
76,3,27,322,2008,312.97
76,3,27,322,2009,306.92
76,3,27,322,2010,299.13
76,3,27,322,2011,291.54
76,3,27,322,2012,288.79
76,3,27,322,2013,281.17
76,3,27,322,2014,269.1
76,3,27,322,2015,268.35
76,3,27,322,2016,266.92
77,1,22,322,1990,353.22
77,1,22,322,1991,357.09
77,1,22,322,1992,345.92
77,1,22,322,1993,341.56
77,1,22,322,1994,338.74
77,1,22,322,1995,327.52
77,1,22,322,1996,319.35
77,1,22,322,1997,313.89
77,1,22,322,1998,310.43
77,1,22,322,1999,301.25
77,1,22,322,2000,294.15
77,1,22,322,2001,285.85
77,1,22,322,2002,276.79
77,1,22,322,2003,265.85
77,1,22,322,2004,261.57
77,1,22,322,2005,253.75
77,1,22,322,2006,241.21
77,1,22,322,2007,233.56
77,1,22,322,2008,222.94
77,1,22,322,2009,218.9
77,1,22,322,2010,211.42
77,1,22,322,2011,201.84
77,1,22,322,2012,199.28
77,1,22,322,2013,200.33
77,1,22,322,2014,200.07
77,1,22,322,2015,202.83
77,1,22,322,2016,206.67
77,1,27,322,1990,373.56
77,1,27,322,1991,372.84
77,1,27,322,1992,357.05
77,1,27,322,1993,350.38
77,1,27,322,1994,344.76
77,1,27,322,1995,330.14
77,1,27,322,1996,319.39
77,1,27,322,1997,312.07
77,1,27,322,1998,306.41
77,1,27,322,1999,295.23
77,1,27,322,2000,286.25
77,1,27,322,2001,274.35
77,1,27,322,2002,264.75
77,1,27,322,2003,252.53
77,1,27,322,2004,246.55
77,1,27,322,2005,237.84
77,1,27,322,2006,222.87
77,1,27,322,2007,212.92
77,1,27,322,2008,200.79
77,1,27,322,2009,194.67
77,1,27,322,2010,185.78
77,1,27,322,2011,175.6
77,1,27,322,2012,172.11
77,1,27,322,2013,170.43
77,1,27,322,2014,169.15
77,1,27,322,2015,170.07
77,1,27,322,2016,170.32
77,2,22,322,1990,306.28
77,2,22,322,1991,304.12
77,2,22,322,1992,300.24
77,2,22,322,1993,287.69
77,2,22,322,1994,288.93
77,2,22,322,1995,283.65
77,2,22,322,1996,269.62
77,2,22,322,1997,265.68
77,2,22,322,1998,259.49
77,2,22,322,1999,252.98
77,2,22,322,2000,245.32
77,2,22,322,2001,231.16
77,2,22,322,2002,224.72
77,2,22,322,2003,217.76
77,2,22,322,2004,208.85
77,2,22,322,2005,203.52
77,2,22,322,2006,193.51
77,2,22,322,2007,178.92
77,2,22,322,2008,174.92
77,2,22,322,2009,165.78
77,2,22,322,2010,159.77
77,2,22,322,2011,154.7
77,2,22,322,2012,148.67
77,2,22,322,2013,146.31
77,2,22,322,2014,154.34
77,2,22,322,2015,156.93
77,2,22,322,2016,159.25
77,2,27,322,1990,294.77
77,2,27,322,1991,287.07
77,2,27,322,1992,278.39
77,2,27,322,1993,263.51
77,2,27,322,1994,260.5
77,2,27,322,1995,251.66
77,2,27,322,1996,236.6
77,2,27,322,1997,230.46
77,2,27,322,1998,222.39
77,2,27,322,1999,213.79
77,2,27,322,2000,205.7
77,2,27,322,2001,191.21
77,2,27,322,2002,184.73
77,2,27,322,2003,176.62
77,2,27,322,2004,167.58
77,2,27,322,2005,161.9
77,2,27,322,2006,151.49
77,2,27,322,2007,138.45
77,2,27,322,2008,133.44
77,2,27,322,2009,125.61
77,2,27,322,2010,119.53
77,2,27,322,2011,114.32
77,2,27,322,2012,108.57
77,2,27,322,2013,103.91
77,2,27,322,2014,108.01
77,2,27,322,2015,108.47
77,2,27,322,2016,108.26
77,3,22,322,1990,329.46
77,3,22,322,1991,330.26
77,3,22,322,1992,322.78
77,3,22,322,1993,314.25
77,3,22,322,1994,313.48
77,3,22,322,1995,305.26
77,3,22,322,1996,294.11
77,3,22,322,1997,289.41
77,3,22,322,1998,284.56
77,3,22,322,1999,276.71
77,3,22,322,2000,269.31
77,3,22,322,2001,257.99
77,3,22,322,2002,250.23
77,3,22,322,2003,241.33
77,3,22,322,2004,234.67
77,3,22,322,2005,228.11
77,3,22,322,2006,216.87
77,3,22,322,2007,205.67
77,3,22,322,2008,198.39
77,3,22,322,2009,191.66
77,3,22,322,2010,184.88
77,3,22,322,2011,177.59
77,3,22,322,2012,173.22
77,3,22,322,2013,172.49
77,3,22,322,2014,176.48
77,3,22,322,2015,179.13
77,3,22,322,2016,182.18
77,3,27,322,1990,332.13
77,3,27,322,1991,327.49
77,3,27,322,1992,315.37
77,3,27,322,1993,304.09
77,3,27,322,1994,299.77
77,3,27,322,1995,288.15
77,3,27,322,1996,274.89
77,3,27,322,1997,268.07
77,3,27,322,1998,260.92
77,3,27,322,1999,250.99
77,3,27,322,2000,242.41
77,3,27,322,2001,228.85
77,3,27,322,2002,220.88
77,3,27,322,2003,210.9
77,3,27,322,2004,203.19
77,3,27,322,2005,196.2
77,3,27,322,2006,183.88
77,3,27,322,2007,172.28
77,3,27,322,2008,164.11
77,3,27,322,2009,157
77,3,27,322,2010,149.6
77,3,27,322,2011,142.12
77,3,27,322,2012,137.32
77,3,27,322,2013,133.91
77,3,27,322,2014,135.57
77,3,27,322,2015,136.19
77,3,27,322,2016,136.2
78,1,22,322,1990,367.34
78,1,22,322,1991,367.24
78,1,22,322,1992,372.77
78,1,22,322,1993,379.66
78,1,22,322,1994,382.45
78,1,22,322,1995,386.22
78,1,22,322,1996,377.93
78,1,22,322,1997,368.24
78,1,22,322,1998,359.8
78,1,22,322,1999,362.63
78,1,22,322,2000,359.47
78,1,22,322,2001,370.83
78,1,22,322,2002,387.86
78,1,22,322,2003,401.98
78,1,22,322,2004,411.31
78,1,22,322,2005,419.24
78,1,22,322,2006,426.05
78,1,22,322,2007,429.37
78,1,22,322,2008,435.67
78,1,22,322,2009,439.6
78,1,22,322,2010,438.78
78,1,22,322,2011,435.87
78,1,22,322,2012,434.47
78,1,22,322,2013,434.35
78,1,22,322,2014,430.11
78,1,22,322,2015,431.98
78,1,22,322,2016,435.44
78,1,27,322,1990,326.99
78,1,27,322,1991,323.44
78,1,27,322,1992,325.65
78,1,27,322,1993,329.67
78,1,27,322,1994,330.38
78,1,27,322,1995,333.54
78,1,27,322,1996,326.66
78,1,27,322,1997,317.15
78,1,27,322,1998,307.73
78,1,27,322,1999,308.26
78,1,27,322,2000,303.98
78,1,27,322,2001,311.5
78,1,27,322,2002,324.18
78,1,27,322,2003,333.66
78,1,27,322,2004,337.96
78,1,27,322,2005,340.39
78,1,27,322,2006,341.17
78,1,27,322,2007,340.32
78,1,27,322,2008,342.11
78,1,27,322,2009,340.44
78,1,27,322,2010,334.15
78,1,27,322,2011,326.94
78,1,27,322,2012,319.7
78,1,27,322,2013,314.34
78,1,27,322,2014,305.46
78,1,27,322,2015,301.82
78,1,27,322,2016,299.45
78,2,22,322,1990,333.99
78,2,22,322,1991,339.16
78,2,22,322,1992,345.71
78,2,22,322,1993,352.59
78,2,22,322,1994,350.84
78,2,22,322,1995,353
78,2,22,322,1996,345.77
78,2,22,322,1997,338.11
78,2,22,322,1998,331.37
78,2,22,322,1999,335.98
78,2,22,322,2000,332.37
78,2,22,322,2001,342.61
78,2,22,322,2002,357.08
78,2,22,322,2003,363.21
78,2,22,322,2004,373.21
78,2,22,322,2005,380.57
78,2,22,322,2006,389.57
78,2,22,322,2007,390.36
78,2,22,322,2008,389.81
78,2,22,322,2009,391.61
78,2,22,322,2010,387.58
78,2,22,322,2011,378.27
78,2,22,322,2012,369.73
78,2,22,322,2013,363.88
78,2,22,322,2014,354.26
78,2,22,322,2015,347.04
78,2,22,322,2016,342.99
78,2,27,322,1990,216.81
78,2,27,322,1991,216.71
78,2,27,322,1992,216.36
78,2,27,322,1993,217.3
78,2,27,322,1994,215.06
78,2,27,322,1995,215.87
78,2,27,322,1996,211.33
78,2,27,322,1997,204.61
78,2,27,322,1998,198.55
78,2,27,322,1999,198.72
78,2,27,322,2000,195.52
78,2,27,322,2001,199.32
78,2,27,322,2002,206.03
78,2,27,322,2003,208.49
78,2,27,322,2004,211.92
78,2,27,322,2005,213.3
78,2,27,322,2006,215.16
78,2,27,322,2007,213.7
78,2,27,322,2008,211.88
78,2,27,322,2009,210.84
78,2,27,322,2010,206.65
78,2,27,322,2011,200.34
78,2,27,322,2012,193.91
78,2,27,322,2013,188.96
78,2,27,322,2014,182.55
78,2,27,322,2015,177.6
78,2,27,322,2016,174.29
78,3,22,322,1990,350.43
78,3,22,322,1991,353
78,3,22,322,1992,359.05
78,3,22,322,1993,365.94
78,3,22,322,1994,366.44
78,3,22,322,1995,369.4
78,3,22,322,1996,361.65
78,3,22,322,1997,352.99
78,3,22,322,1998,345.42
78,3,22,322,1999,349.15
78,3,22,322,2000,345.76
78,3,22,322,2001,356.56
78,3,22,322,2002,372.3
78,3,22,322,2003,382.39
78,3,22,322,2004,392.06
78,3,22,322,2005,399.71
78,3,22,322,2006,407.63
78,3,22,322,2007,409.68
78,3,22,322,2008,412.54
78,3,22,322,2009,415.4
78,3,22,322,2010,412.96
78,3,22,322,2011,406.82
78,3,22,322,2012,401.84
78,3,22,322,2013,398.84
78,3,22,322,2014,391.91
78,3,22,322,2015,389.23
78,3,22,322,2016,388.95
78,3,27,322,1990,261.81
78,3,27,322,1991,259.95
78,3,27,322,1992,260.45
78,3,27,322,1993,262.66
78,3,27,322,1994,261.64
78,3,27,322,1995,263.28
78,3,27,322,1996,258.08
78,3,27,322,1997,250.31
78,3,27,322,1998,242.92
78,3,27,322,1999,243.37
78,3,27,322,2000,239.89
78,3,27,322,2001,245.59
78,3,27,322,2002,255.12
78,3,27,322,2003,260.63
78,3,27,322,2004,264.51
78,3,27,322,2005,266.47
78,3,27,322,2006,268.29
78,3,27,322,2007,267.26
78,3,27,322,2008,266.85
78,3,27,322,2009,265.64
78,3,27,322,2010,260.75
78,3,27,322,2011,254.21
78,3,27,322,2012,247.63
78,3,27,322,2013,242.69
78,3,27,322,2014,235.21
78,3,27,322,2015,231.09
78,3,27,322,2016,228.46
79,1,22,322,1990,647.89
79,1,22,322,1991,646.35
79,1,22,322,1992,640.89
79,1,22,322,1993,634.97
79,1,22,322,1994,625.43
79,1,22,322,1995,631.69
79,1,22,322,1996,642.33
79,1,22,322,1997,640.5
79,1,22,322,1998,635.4
79,1,22,322,1999,599.68
79,1,22,322,2000,549.71
79,1,22,322,2001,498.35
79,1,22,322,2002,451.25
79,1,22,322,2003,405.57
79,1,22,322,2004,361.99
79,1,22,322,2005,323.46
79,1,22,322,2006,290.98
79,1,22,322,2007,263.59
79,1,22,322,2008,240.97
79,1,22,322,2009,225.4
79,1,22,322,2010,210.98
79,1,22,322,2011,199.51
79,1,22,322,2012,193.18
79,1,22,322,2013,188.27
79,1,22,322,2014,188.09
79,1,22,322,2015,188.84
79,1,22,322,2016,191.87
79,1,27,322,1990,699.5
79,1,27,322,1991,688.51
79,1,27,322,1992,674.52
79,1,27,322,1993,662.23
79,1,27,322,1994,643.22
79,1,27,322,1995,640.04
79,1,27,322,1996,641.9
79,1,27,322,1997,630.62
79,1,27,322,1998,616.63
79,1,27,322,1999,574.29
79,1,27,322,2000,518.84
79,1,27,322,2001,461.42
79,1,27,322,2002,410.08
79,1,27,322,2003,361.71
79,1,27,322,2004,315.97
79,1,27,322,2005,275.71
79,1,27,322,2006,241.72
79,1,27,322,2007,214.37
79,1,27,322,2008,192.19
79,1,27,322,2009,176.18
79,1,27,322,2010,161.6
79,1,27,322,2011,149.66
79,1,27,322,2012,141.94
79,1,27,322,2013,135.11
79,1,27,322,2014,131.72
79,1,27,322,2015,128.5
79,1,27,322,2016,127.84
79,2,22,322,1990,538.77
79,2,22,322,1991,538.46
79,2,22,322,1992,536.41
79,2,22,322,1993,540.33
79,2,22,322,1994,523.88
79,2,22,322,1995,516.83
79,2,22,322,1996,523.34
79,2,22,322,1997,520.05
79,2,22,322,1998,508.97
79,2,22,322,1999,482.56
79,2,22,322,2000,440.77
79,2,22,322,2001,396.92
79,2,22,322,2002,356.6
79,2,22,322,2003,317.02
79,2,22,322,2004,272.59
79,2,22,322,2005,234.57
79,2,22,322,2006,206.28
79,2,22,322,2007,184.21
79,2,22,322,2008,167.84
79,2,22,322,2009,157.17
79,2,22,322,2010,147.91
79,2,22,322,2011,141.63
79,2,22,322,2012,138.25
79,2,22,322,2013,134.29
79,2,22,322,2014,132.35
79,2,22,322,2015,134.7
79,2,22,322,2016,134.38
79,2,27,322,1990,363.16
79,2,27,322,1991,357.53
79,2,27,322,1992,350.05
79,2,27,322,1993,345.34
79,2,27,322,1994,331.28
79,2,27,322,1995,321.1
79,2,27,322,1996,320.83
79,2,27,322,1997,315.42
79,2,27,322,1998,304.8
79,2,27,322,1999,285.22
79,2,27,322,2000,257.25
79,2,27,322,2001,227.28
79,2,27,322,2002,201.22
79,2,27,322,2003,178.1
79,2,27,322,2004,153.64
79,2,27,322,2005,130.96
79,2,27,322,2006,112.11
79,2,27,322,2007,98.82
79,2,27,322,2008,88.66
79,2,27,322,2009,81.71
79,2,27,322,2010,75.65
79,2,27,322,2011,71.36
79,2,27,322,2012,68.38
79,2,27,322,2013,64.68
79,2,27,322,2014,62.37
79,2,27,322,2015,61.57
79,2,27,322,2016,60.54
79,3,22,322,1990,591.72
79,3,22,322,1991,590.85
79,3,22,322,1992,587.18
79,3,22,322,1993,586.35
79,3,22,322,1994,573.29
79,3,22,322,1995,572.75
79,3,22,322,1996,581.3
79,3,22,322,1997,578.75
79,3,22,322,1998,570.62
79,3,22,322,1999,539.69
79,3,22,322,2000,493.94
79,3,22,322,2001,446.45
79,3,22,322,2002,402.86
79,3,22,322,2003,360.32
79,3,22,322,2004,316.32
79,3,22,322,2005,278.07
79,3,22,322,2006,247.75
79,3,22,322,2007,223.09
79,3,22,322,2008,203.68
79,3,22,322,2009,190.63
79,3,22,322,2010,178.86
79,3,22,322,2011,170.05
79,3,22,322,2012,165.23
79,3,22,322,2013,160.82
79,3,22,322,2014,159.76
79,3,22,322,2015,161.35
79,3,22,322,2016,162.69
79,3,27,322,1990,492.45
79,3,27,322,1991,484.83
79,3,27,322,1992,474.44
79,3,27,322,1993,467.33
79,3,27,322,1994,452.21
79,3,27,322,1995,445.08
79,3,27,322,1996,445.7
79,3,27,322,1997,438.13
79,3,27,322,1998,426.13
79,3,27,322,1999,397.78
79,3,27,322,2000,359.28
79,3,27,322,2001,318.94
79,3,27,322,2002,283.53
79,3,27,322,2003,251.03
79,3,27,322,2004,218.47
79,3,27,322,2005,189.03
79,3,27,322,2006,164.53
79,3,27,322,2007,145.93
79,3,27,322,2008,131.13
79,3,27,322,2009,120.57
79,3,27,322,2010,111
79,3,27,322,2011,103.6
79,3,27,322,2012,98.69
79,3,27,322,2013,93.74
79,3,27,322,2014,91.05
79,3,27,322,2015,89.37
79,3,27,322,2016,88.66
80,1,22,322,1990,375.9
80,1,22,322,1991,379.43
80,1,22,322,1992,380.51
80,1,22,322,1993,384.8
80,1,22,322,1994,387.4
80,1,22,322,1995,392.56
80,1,22,322,1996,395.28
80,1,22,322,1997,392.96
80,1,22,322,1998,394.26
80,1,22,322,1999,389.99
80,1,22,322,2000,384.29
80,1,22,322,2001,379.02
80,1,22,322,2002,373.05
80,1,22,322,2003,370.93
80,1,22,322,2004,361.85
80,1,22,322,2005,361.03
80,1,22,322,2006,355.35
80,1,22,322,2007,353.72
80,1,22,322,2008,353.04
80,1,22,322,2009,353.38
80,1,22,322,2010,353.1
80,1,22,322,2011,353.26
80,1,22,322,2012,356.75
80,1,22,322,2013,356.28
80,1,22,322,2014,353.95
80,1,22,322,2015,357.88
80,1,22,322,2016,363.03
80,1,27,322,1990,361.09
80,1,27,322,1991,361.02
80,1,27,322,1992,358.66
80,1,27,322,1993,358.27
80,1,27,322,1994,354.99
80,1,27,322,1995,353.01
80,1,27,322,1996,351.37
80,1,27,322,1997,346.35
80,1,27,322,1998,342.99
80,1,27,322,1999,334.73
80,1,27,322,2000,325.73
80,1,27,322,2001,317.1
80,1,27,322,2002,307.75
80,1,27,322,2003,301.93
80,1,27,322,2004,290.14
80,1,27,322,2005,284.13
80,1,27,322,2006,274.86
80,1,27,322,2007,268.81
80,1,27,322,2008,263.61
80,1,27,322,2009,259.5
80,1,27,322,2010,254.59
80,1,27,322,2011,249.48
80,1,27,322,2012,246.91
80,1,27,322,2013,242.76
80,1,27,322,2014,236.7
80,1,27,322,2015,235.08
80,1,27,322,2016,234.3
80,2,22,322,1990,265.35
80,2,22,322,1991,264.09
80,2,22,322,1992,262.83
80,2,22,322,1993,264.61
80,2,22,322,1994,263.53
80,2,22,322,1995,268.11
80,2,22,322,1996,271.23
80,2,22,322,1997,273.28
80,2,22,322,1998,277.96
80,2,22,322,1999,278.16
80,2,22,322,2000,276.59
80,2,22,322,2001,273.65
80,2,22,322,2002,271.32
80,2,22,322,2003,269.72
80,2,22,322,2004,257.22
80,2,22,322,2005,255.37
80,2,22,322,2006,249.54
80,2,22,322,2007,247.22
80,2,22,322,2008,247.57
80,2,22,322,2009,248.45
80,2,22,322,2010,248.08
80,2,22,322,2011,248.06
80,2,22,322,2012,252.05
80,2,22,322,2013,249.17
80,2,22,322,2014,245.27
80,2,22,322,2015,245.77
80,2,22,322,2016,247.04
80,2,27,322,1990,174.78
80,2,27,322,1991,172.45
80,2,27,322,1992,169.14
80,2,27,322,1993,167.25
80,2,27,322,1994,163.09
80,2,27,322,1995,161.84
80,2,27,322,1996,161.86
80,2,27,322,1997,162.29
80,2,27,322,1998,162.7
80,2,27,322,1999,159.91
80,2,27,322,2000,157.65
80,2,27,322,2001,154.84
80,2,27,322,2002,151.46
80,2,27,322,2003,149.31
80,2,27,322,2004,141.69
80,2,27,322,2005,137.91
80,2,27,322,2006,133.03
80,2,27,322,2007,129.48
80,2,27,322,2008,127.48
80,2,27,322,2009,125.77
80,2,27,322,2010,123.15
80,2,27,322,2011,120.46
80,2,27,322,2012,120.03
80,2,27,322,2013,117.51
80,2,27,322,2014,114.26
80,2,27,322,2015,112.61
80,2,27,322,2016,111.38
80,3,22,322,1990,319.16
80,3,22,322,1991,320.22
80,3,22,322,1992,320.09
80,3,22,322,1993,323.08
80,3,22,322,1994,323.76
80,3,22,322,1995,328.6
80,3,22,322,1996,331.5
80,3,22,322,1997,331.41
80,3,22,322,1998,334.44
80,3,22,322,1999,332.44
80,3,22,322,2000,328.84
80,3,22,322,2001,324.74
80,3,22,322,2002,320.63
80,3,22,322,2003,318.77
80,3,22,322,2004,307.91
80,3,22,322,2005,306.54
80,3,22,322,2006,300.78
80,3,22,322,2007,298.81
80,3,22,322,2008,298.66
80,3,22,322,2009,299.29
80,3,22,322,2010,298.97
80,3,22,322,2011,299.04
80,3,22,322,2012,302.79
80,3,22,322,2013,301.08
80,3,22,322,2014,297.96
80,3,22,322,2015,300.12
80,3,22,322,2016,303.29
80,3,27,322,1990,252.56
80,3,27,322,1991,251.28
80,3,27,322,1992,248.49
80,3,27,322,1993,247.18
80,3,27,322,1994,243.38
80,3,27,322,1995,241.7
80,3,27,322,1996,241.06
80,3,27,322,1997,239.34
80,3,27,322,1998,238.23
80,3,27,322,1999,233.31
80,3,27,322,2000,228.4
80,3,27,322,2001,223.24
80,3,27,322,2002,217.4
80,3,27,322,2003,213.71
80,3,27,322,2004,204.39
80,3,27,322,2005,199.79
80,3,27,322,2006,193.23
80,3,27,322,2007,188.78
80,3,27,322,2008,185.56
80,3,27,322,2009,183.03
80,3,27,322,2010,179.67
80,3,27,322,2011,176.03
80,3,27,322,2012,174.67
80,3,27,322,2013,171.58
80,3,27,322,2014,167.23
80,3,27,322,2015,165.69
80,3,27,322,2016,164.72
81,1,22,322,1990,333.82
81,1,22,322,1991,322.21
81,1,22,322,1992,311.67
81,1,22,322,1993,308.95
81,1,22,322,1994,307.69
81,1,22,322,1995,309.43
81,1,22,322,1996,313.91
81,1,22,322,1997,320.36
81,1,22,322,1998,328.65
81,1,22,322,1999,339.01
81,1,22,322,2000,348.54
81,1,22,322,2001,356.22
81,1,22,322,2002,365.77
81,1,22,322,2003,374.65
81,1,22,322,2004,380.1
81,1,22,322,2005,388.6
81,1,22,322,2006,394.43
81,1,22,322,2007,402.4
81,1,22,322,2008,408.82
81,1,22,322,2009,416.63
81,1,22,322,2010,421.29
81,1,22,322,2011,420.39
81,1,22,322,2012,421.22
81,1,22,322,2013,422.47
81,1,22,322,2014,416.44
81,1,22,322,2015,417.92
81,1,22,322,2016,420.92
81,1,27,322,1990,324.17
81,1,27,322,1991,310.43
81,1,27,322,1992,298.5
81,1,27,322,1993,294.39
81,1,27,322,1994,290.06
81,1,27,322,1995,287.37
81,1,27,322,1996,287.65
81,1,27,322,1997,290.12
81,1,27,322,1998,292.76
81,1,27,322,1999,296.47
81,1,27,322,2000,297.97
81,1,27,322,2001,297.77
81,1,27,322,2002,299.5
81,1,27,322,2003,300.91
81,1,27,322,2004,297.7
81,1,27,322,2005,295.89
81,1,27,322,2006,291.83
81,1,27,322,2007,290.94
81,1,27,322,2008,287.95
81,1,27,322,2009,285.85
81,1,27,322,2010,281.49
81,1,27,322,2011,274.95
81,1,27,322,2012,269.08
81,1,27,322,2013,265.08
81,1,27,322,2014,256.5
81,1,27,322,2015,252.55
81,1,27,322,2016,249.62
81,2,22,322,1990,265.01
81,2,22,322,1991,253.34
81,2,22,322,1992,241.65
81,2,22,322,1993,236.73
81,2,22,322,1994,232.09
81,2,22,322,1995,229.38
81,2,22,322,1996,229.88
81,2,22,322,1997,230.27
81,2,22,322,1998,233.02
81,2,22,322,1999,237.25
81,2,22,322,2000,239.9
81,2,22,322,2001,241.79
81,2,22,322,2002,245.79
81,2,22,322,2003,248.27
81,2,22,322,2004,247.58
81,2,22,322,2005,250.73
81,2,22,322,2006,252.36
81,2,22,322,2007,255.43
81,2,22,322,2008,258.59
81,2,22,322,2009,262.49
81,2,22,322,2010,262.94
81,2,22,322,2011,260.53
81,2,22,322,2012,259.18
81,2,22,322,2013,258.29
81,2,22,322,2014,252.13
81,2,22,322,2015,249.24
81,2,22,322,2016,247.56
81,2,27,322,1990,174.29
81,2,27,322,1991,164.51
81,2,27,322,1992,155.14
81,2,27,322,1993,151.28
81,2,27,322,1994,146.73
81,2,27,322,1995,143.22
81,2,27,322,1996,142.1
81,2,27,322,1997,141.77
81,2,27,322,1998,142.14
81,2,27,322,1999,143.77
81,2,27,322,2000,143.37
81,2,27,322,2001,143.28
81,2,27,322,2002,144.01
81,2,27,322,2003,144.59
81,2,27,322,2004,142.87
81,2,27,322,2005,141.88
81,2,27,322,2006,139.34
81,2,27,322,2007,139.42
81,2,27,322,2008,138.14
81,2,27,322,2009,137.47
81,2,27,322,2010,135.08
81,2,27,322,2011,132.79
81,2,27,322,2012,129.17
81,2,27,322,2013,127.38
81,2,27,322,2014,123.1
81,2,27,322,2015,120.18
81,2,27,322,2016,117.79
81,3,22,322,1990,298.17
81,3,22,322,1991,286.58
81,3,22,322,1992,275.53
81,3,22,322,1993,271.74
81,3,22,322,1994,268.76
81,3,22,322,1995,268.24
81,3,22,322,1996,270.7
81,3,22,322,1997,274.04
81,3,22,322,1998,279.5
81,3,22,322,1999,286.72
81,3,22,322,2000,292.73
81,3,22,322,2001,297.46
81,3,22,322,2002,304.19
81,3,22,322,2003,309.79
81,3,22,322,2004,312.11
81,3,22,322,2005,317.88
81,3,22,322,2006,321.57
81,3,22,322,2007,327.04
81,3,22,322,2008,331.81
81,3,22,322,2009,337.64
81,3,22,322,2010,340.18
81,3,22,322,2011,338.57
81,3,22,322,2012,338.38
81,3,22,322,2013,338.65
81,3,22,322,2014,332.6
81,3,22,322,2015,331.88
81,3,22,322,2016,332.53
81,3,27,322,1990,232.75
81,3,27,322,1991,221.36
81,3,27,322,1992,211.02
81,3,27,322,1993,206.97
81,3,27,322,1994,202.74
81,3,27,322,1995,199.6
81,3,27,322,1996,199.06
81,3,27,322,1997,200.11
81,3,27,322,1998,201.46
81,3,27,322,1999,204.13
81,3,27,322,2000,205
81,3,27,322,2001,205.3
81,3,27,322,2002,206.83
81,3,27,322,2003,208.13
81,3,27,322,2004,206.27
81,3,27,322,2005,205.39
81,3,27,322,2006,202.82
81,3,27,322,2007,203.04
81,3,27,322,2008,201.51
81,3,27,322,2009,200.76
81,3,27,322,2010,198.13
81,3,27,322,2011,194.37
81,3,27,322,2012,189.99
81,3,27,322,2013,187.59
81,3,27,322,2014,181.91
81,3,27,322,2015,178.7
81,3,27,322,2016,176.17
82,1,22,322,1990,283.01
82,1,22,322,1991,282.26
82,1,22,322,1992,287.13
82,1,22,322,1993,287.87
82,1,22,322,1994,292.76
82,1,22,322,1995,301.31
82,1,22,322,1996,311.24
82,1,22,322,1997,320.37
82,1,22,322,1998,332.82
82,1,22,322,1999,339.33
82,1,22,322,2000,345.3
82,1,22,322,2001,344.8
82,1,22,322,2002,343.53
82,1,22,322,2003,345.27
82,1,22,322,2004,345.28
82,1,22,322,2005,340.6
82,1,22,322,2006,327.45
82,1,22,322,2007,316.41
82,1,22,322,2008,308.03
82,1,22,322,2009,299.28
82,1,22,322,2010,292.67
82,1,22,322,2011,292.79
82,1,22,322,2012,295.59
82,1,22,322,2013,297.16
82,1,22,322,2014,309.37
82,1,22,322,2015,315.42
82,1,22,322,2016,321.9
82,1,27,322,1990,270.87
82,1,27,322,1991,264.85
82,1,27,322,1992,266.04
82,1,27,322,1993,264.13
82,1,27,322,1994,267.04
82,1,27,322,1995,273.49
82,1,27,322,1996,279.59
82,1,27,322,1997,283.98
82,1,27,322,1998,291.7
82,1,27,322,1999,292.78
82,1,27,322,2000,293.82
82,1,27,322,2001,289.01
82,1,27,322,2002,283.31
82,1,27,322,2003,277.91
82,1,27,322,2004,273.66
82,1,27,322,2005,265.94
82,1,27,322,2006,252.09
82,1,27,322,2007,240.02
82,1,27,322,2008,229.42
82,1,27,322,2009,219.77
82,1,27,322,2010,212.59
82,1,27,322,2011,208.13
82,1,27,322,2012,205.03
82,1,27,322,2013,202.73
82,1,27,322,2014,208.03
82,1,27,322,2015,205.54
82,1,27,322,2016,206
82,2,22,322,1990,214.92
82,2,22,322,1991,211.28
82,2,22,322,1992,211.24
82,2,22,322,1993,207.56
82,2,22,322,1994,206.15
82,2,22,322,1995,208.89
82,2,22,322,1996,212.95
82,2,22,322,1997,219.5
82,2,22,322,1998,229
82,2,22,322,1999,235.78
82,2,22,322,2000,240.93
82,2,22,322,2001,242.28
82,2,22,322,2002,246.27
82,2,22,322,2003,251.22
82,2,22,322,2004,251.77
82,2,22,322,2005,246.88
82,2,22,322,2006,237.03
82,2,22,322,2007,228.97
82,2,22,322,2008,224.03
82,2,22,322,2009,219.42
82,2,22,322,2010,219.58
82,2,22,322,2011,222.3
82,2,22,322,2012,228.99
82,2,22,322,2013,231.98
82,2,22,322,2014,241.54
82,2,22,322,2015,245.1
82,2,22,322,2016,249.23
82,2,27,322,1990,179.53
82,2,27,322,1991,173.08
82,2,27,322,1992,170.33
82,2,27,322,1993,165.51
82,2,27,322,1994,162.98
82,2,27,322,1995,164.39
82,2,27,322,1996,165.97
82,2,27,322,1997,168.75
82,2,27,322,1998,172.76
82,2,27,322,1999,175.27
82,2,27,322,2000,175.97
82,2,27,322,2001,173.06
82,2,27,322,2002,172.65
82,2,27,322,2003,172.02
82,2,27,322,2004,169.55
82,2,27,322,2005,163.85
82,2,27,322,2006,155.49
82,2,27,322,2007,147.85
82,2,27,322,2008,141.97
82,2,27,322,2009,137.31
82,2,27,322,2010,135.85
82,2,27,322,2011,134.11
82,2,27,322,2012,133.67
82,2,27,322,2013,133.2
82,2,27,322,2014,135.95
82,2,27,322,2015,133.31
82,2,27,322,2016,132.47
82,3,22,322,1990,248.53
82,3,22,322,1991,246.33
82,3,22,322,1992,248.72
82,3,22,322,1993,247.24
82,3,22,322,1994,248.95
82,3,22,322,1995,254.57
82,3,22,322,1996,261.54
82,3,22,322,1997,269.37
82,3,22,322,1998,280.33
82,3,22,322,1999,286.99
82,3,22,322,2000,292.53
82,3,22,322,2001,292.93
82,3,22,322,2002,294.29
82,3,22,322,2003,297.61
82,3,22,322,2004,297.86
82,3,22,322,2005,293.05
82,3,22,322,2006,281.54
82,3,22,322,2007,271.98
82,3,22,322,2008,265.33
82,3,22,322,2009,258.66
82,3,22,322,2010,255.46
82,3,22,322,2011,256.87
82,3,22,322,2012,261.61
82,3,22,322,2013,263.86
82,3,22,322,2014,274.67
82,3,22,322,2015,279.41
82,3,22,322,2016,284.66
82,3,27,322,1990,222.53
82,3,27,322,1991,216.11
82,3,27,322,1992,215.15
82,3,27,322,1993,211.5
82,3,27,322,1994,211.46
82,3,27,322,1995,215.15
82,3,27,322,1996,218.76
82,3,27,322,1997,222.18
82,3,27,322,1998,227.91
82,3,27,322,1999,229.59
82,3,27,322,2000,230.4
82,3,27,322,2001,226.67
82,3,27,322,2002,223.8
82,3,27,322,2003,220.99
82,3,27,322,2004,217.89
82,3,27,322,2005,211.45
82,3,27,322,2006,200.58
82,3,27,322,2007,190.93
82,3,27,322,2008,182.9
82,3,27,322,2009,175.94
82,3,27,322,2010,171.84
82,3,27,322,2011,168.86
82,3,27,322,2012,167.19
82,3,27,322,2013,165.85
82,3,27,322,2014,169.82
82,3,27,322,2015,167.17
82,3,27,322,2016,166.88
83,1,22,322,1990,408.16
83,1,22,322,1991,397.86
83,1,22,322,1992,386.3
83,1,22,322,1993,382.34
83,1,22,322,1994,378.88
83,1,22,322,1995,380.09
83,1,22,322,1996,378.52
83,1,22,322,1997,374.2
83,1,22,322,1998,363.83
83,1,22,322,1999,350.16
83,1,22,322,2000,337.19
83,1,22,322,2001,320.8
83,1,22,322,2002,308.49
83,1,22,322,2003,300.48
83,1,22,322,2004,293.82
83,1,22,322,2005,290.23
83,1,22,322,2006,284.46
83,1,22,322,2007,276.62
83,1,22,322,2008,274.14
83,1,22,322,2009,277.6
83,1,22,322,2010,277.99
83,1,22,322,2011,275.84
83,1,22,322,2012,279.54
83,1,22,322,2013,282.47
83,1,22,322,2014,285.87
83,1,22,322,2015,287.68
83,1,22,322,2016,291.1
83,1,27,322,1990,439.31
83,1,27,322,1991,426.21
83,1,27,322,1992,412.82
83,1,27,322,1993,405.71
83,1,27,322,1994,399.46
83,1,27,322,1995,397.56
83,1,27,322,1996,393.19
83,1,27,322,1997,387.28
83,1,27,322,1998,374.83
83,1,27,322,1999,359.33
83,1,27,322,2000,344
83,1,27,322,2001,323.97
83,1,27,322,2002,307.96
83,1,27,322,2003,295.46
83,1,27,322,2004,285.81
83,1,27,322,2005,280.41
83,1,27,322,2006,273.96
83,1,27,322,2007,266.09
83,1,27,322,2008,260.75
83,1,27,322,2009,257.49
83,1,27,322,2010,252.82
83,1,27,322,2011,245.84
83,1,27,322,2012,243.36
83,1,27,322,2013,241.51
83,1,27,322,2014,239.85
83,1,27,322,2015,237.07
83,1,27,322,2016,234.76
83,2,22,322,1990,469.21
83,2,22,322,1991,460.16
83,2,22,322,1992,452.53
83,2,22,322,1993,449.81
83,2,22,322,1994,442.12
83,2,22,322,1995,436.63
83,2,22,322,1996,421.67
83,2,22,322,1997,410.87
83,2,22,322,1998,391.18
83,2,22,322,1999,374.07
83,2,22,322,2000,358.32
83,2,22,322,2001,341.94
83,2,22,322,2002,331.78
83,2,22,322,2003,324.09
83,2,22,322,2004,317.35
83,2,22,322,2005,311.56
83,2,22,322,2006,306.81
83,2,22,322,2007,300.72
83,2,22,322,2008,291.31
83,2,22,322,2009,283.6
83,2,22,322,2010,281.99
83,2,22,322,2011,278.92
83,2,22,322,2012,278.1
83,2,22,322,2013,282.26
83,2,22,322,2014,289.19
83,2,22,322,2015,294.39
83,2,22,322,2016,294.97
83,2,27,322,1990,407.7
83,2,27,322,1991,396.85
83,2,27,322,1992,387.9
83,2,27,322,1993,382.88
83,2,27,322,1994,374.45
83,2,27,322,1995,368.38
83,2,27,322,1996,355.3
83,2,27,322,1997,345.2
83,2,27,322,1998,327.01
83,2,27,322,1999,312.41
83,2,27,322,2000,299.31
83,2,27,322,2001,283.17
83,2,27,322,2002,271.18
83,2,27,322,2003,260.76
83,2,27,322,2004,251.15
83,2,27,322,2005,242.85
83,2,27,322,2006,235.22
83,2,27,322,2007,227.18
83,2,27,322,2008,218.19
83,2,27,322,2009,210.26
83,2,27,322,2010,205.34
83,2,27,322,2011,199.2
83,2,27,322,2012,195.48
83,2,27,322,2013,195.67
83,2,27,322,2014,197.15
83,2,27,322,2015,197.55
83,2,27,322,2016,194.27
83,3,22,322,1990,438.55
83,3,22,322,1991,428.91
83,3,22,322,1992,419.32
83,3,22,322,1993,415.96
83,3,22,322,1994,410.39
83,3,22,322,1995,408.28
83,3,22,322,1996,400.05
83,3,22,322,1997,392.5
83,3,22,322,1998,377.48
83,3,22,322,1999,362.1
83,3,22,322,2000,347.74
83,3,22,322,2001,331.35
83,3,22,322,2002,320.13
83,3,22,322,2003,312.27
83,3,22,322,2004,305.56
83,3,22,322,2005,300.83
83,3,22,322,2006,295.49
83,3,22,322,2007,288.44
83,3,22,322,2008,282.58
83,3,22,322,2009,280.57
83,3,22,322,2010,279.98
83,3,22,322,2011,277.37
83,3,22,322,2012,278.82
83,3,22,322,2013,282.36
83,3,22,322,2014,287.52
83,3,22,322,2015,291.03
83,3,22,322,2016,293.03
83,3,27,322,1990,422.11
83,3,27,322,1991,410.19
83,3,27,322,1992,399.32
83,3,27,322,1993,393.31
83,3,27,322,1994,385.7
83,3,27,322,1995,381.4
83,3,27,322,1996,372.15
83,3,27,322,1997,363.73
83,3,27,322,1998,348.15
83,3,27,322,1999,333.23
83,3,27,322,2000,319.26
83,3,27,322,2001,301.28
83,3,27,322,2002,287.44
83,3,27,322,2003,276.06
83,3,27,322,2004,266.47
83,3,27,322,2005,259.6
83,3,27,322,2006,252.73
83,3,27,322,2007,245.16
83,3,27,322,2008,237.89
83,3,27,322,2009,232.05
83,3,27,322,2010,227.24
83,3,27,322,2011,220.47
83,3,27,322,2012,217.28
83,3,27,322,2013,216.55
83,3,27,322,2014,216.56
83,3,27,322,2015,215.49
83,3,27,322,2016,212.76
84,1,22,322,1990,649.86
84,1,22,322,1991,641.38
84,1,22,322,1992,626.25
84,1,22,322,1993,621.78
84,1,22,322,1994,612.59
84,1,22,322,1995,625.82
84,1,22,322,1996,630.66
84,1,22,322,1997,634.8
84,1,22,322,1998,636.63
84,1,22,322,1999,623
84,1,22,322,2000,593.72
84,1,22,322,2001,557.97
84,1,22,322,2002,517.99
84,1,22,322,2003,473.21
84,1,22,322,2004,434.93
84,1,22,322,2005,398.8
84,1,22,322,2006,368.11
84,1,22,322,2007,343.81
84,1,22,322,2008,326.06
84,1,22,322,2009,320.22
84,1,22,322,2010,305.83
84,1,22,322,2011,303.82
84,1,22,322,2012,299.33
84,1,22,322,2013,298.86
84,1,22,322,2014,301.36
84,1,22,322,2015,309.26
84,1,22,322,2016,318.47
84,1,27,322,1990,731.16
84,1,27,322,1991,716.48
84,1,27,322,1992,697.42
84,1,27,322,1993,691.59
84,1,27,322,1994,679.16
84,1,27,322,1995,690.7
84,1,27,322,1996,694.55
84,1,27,322,1997,697.93
84,1,27,322,1998,698.74
84,1,27,322,1999,683.96
84,1,27,322,2000,651.91
84,1,27,322,2001,611.45
84,1,27,322,2002,566.08
84,1,27,322,2003,515.6
84,1,27,322,2004,471.8
84,1,27,322,2005,431.49
84,1,27,322,2006,398.68
84,1,27,322,2007,371.87
84,1,27,322,2008,348.2
84,1,27,322,2009,334.07
84,1,27,322,2010,311.53
84,1,27,322,2011,301.78
84,1,27,322,2012,289.95
84,1,27,322,2013,282.32
84,1,27,322,2014,277.15
84,1,27,322,2015,277.35
84,1,27,322,2016,278.74
84,2,22,322,1990,581.42
84,2,22,322,1991,566.67
84,2,22,322,1992,563.27
84,2,22,322,1993,558.42
84,2,22,322,1994,561.86
84,2,22,322,1995,571.1
84,2,22,322,1996,564.76
84,2,22,322,1997,572.17
84,2,22,322,1998,574.8
84,2,22,322,1999,572.9
84,2,22,322,2000,553.99
84,2,22,322,2001,514.74
84,2,22,322,2002,467.62
84,2,22,322,2003,436.96
84,2,22,322,2004,407.57
84,2,22,322,2005,379.3
84,2,22,322,2006,354.25
84,2,22,322,2007,324.75
84,2,22,322,2008,311.44
84,2,22,322,2009,301.63
84,2,22,322,2010,287.24
84,2,22,322,2011,283.63
84,2,22,322,2012,279.86
84,2,22,322,2013,275.15
84,2,22,322,2014,270.21
84,2,22,322,2015,271.21
84,2,22,322,2016,274.2
84,2,27,322,1990,491.28
84,2,27,322,1991,472.36
84,2,27,322,1992,463.57
84,2,27,322,1993,455.12
84,2,27,322,1994,453.39
84,2,27,322,1995,457.56
84,2,27,322,1996,450.2
84,2,27,322,1997,453.9
84,2,27,322,1998,453.41
84,2,27,322,1999,451.85
84,2,27,322,2000,437.93
84,2,27,322,2001,406.82
84,2,27,322,2002,369.02
84,2,27,322,2003,344.34
84,2,27,322,2004,319.74
84,2,27,322,2005,296.29
84,2,27,322,2006,277.09
84,2,27,322,2007,254.65
84,2,27,322,2008,243.86
84,2,27,322,2009,233.05
84,2,27,322,2010,217.92
84,2,27,322,2011,211.13
84,2,27,322,2012,204.59
84,2,27,322,2013,197.84
84,2,27,322,2014,191.56
84,2,27,322,2015,189.39
84,2,27,322,2016,188.66
84,3,22,322,1990,615.49
84,3,22,322,1991,603.84
84,3,22,322,1992,594.6
84,3,22,322,1993,589.94
84,3,22,322,1994,587.07
84,3,22,322,1995,598.27
84,3,22,322,1996,597.48
84,3,22,322,1997,603.27
84,3,22,322,1998,605.5
84,3,22,322,1999,597.78
84,3,22,322,2000,573.73
84,3,22,322,2001,536.23
84,3,22,322,2002,492.67
84,3,22,322,2003,454.99
84,3,22,322,2004,421.2
84,3,22,322,2005,389.04
84,3,22,322,2006,361.19
84,3,22,322,2007,334.29
84,3,22,322,2008,318.74
84,3,22,322,2009,310.89
84,3,22,322,2010,296.48
84,3,22,322,2011,293.65
84,3,22,322,2012,289.51
84,3,22,322,2013,286.9
84,3,22,322,2014,285.63
84,3,22,322,2015,290.02
84,3,22,322,2016,296.06
84,3,27,322,1990,592.52
84,3,27,322,1991,575.04
84,3,27,322,1992,561.88
84,3,27,322,1993,554.25
84,3,27,322,1994,547.83
84,3,27,322,1995,555.13
84,3,27,322,1996,552.46
84,3,27,322,1997,556.02
84,3,27,322,1998,556.08
84,3,27,322,1999,549.25
84,3,27,322,2000,527.55
84,3,27,322,2001,492.43
84,3,27,322,2002,451.34
84,3,27,322,2003,415.82
84,3,27,322,2004,383.31
84,3,27,322,2005,353.03
84,3,27,322,2006,328.37
84,3,27,322,2007,304.35
84,3,27,322,2008,288.33
84,3,27,322,2009,276.43
84,3,27,322,2010,258.27
84,3,27,322,2011,250.34
84,3,27,322,2012,241.57
84,3,27,322,2013,234.63
84,3,27,322,2014,229.03
84,3,27,322,2015,228.08
84,3,27,322,2016,228.47
85,1,22,322,1990,349.58
85,1,22,322,1991,329.68
85,1,22,322,1992,313.54
85,1,22,322,1993,278.21
85,1,22,322,1994,256.62
85,1,22,322,1995,249.04
85,1,22,322,1996,248.2
85,1,22,322,1997,253.5
85,1,22,322,1998,256.68
85,1,22,322,1999,264.68
85,1,22,322,2000,270.96
85,1,22,322,2001,273.01
85,1,22,322,2002,278.47
85,1,22,322,2003,282.79
85,1,22,322,2004,285.52
85,1,22,322,2005,289.41
85,1,22,322,2006,293.29
85,1,22,322,2007,295.32
85,1,22,322,2008,298.85
85,1,22,322,2009,298.45
85,1,22,322,2010,302.55
85,1,22,322,2011,304.06
85,1,22,322,2012,305.03
85,1,22,322,2013,305.03
85,1,22,322,2014,306.25
85,1,22,322,2015,305.77
85,1,22,322,2016,305.01
85,1,27,322,1990,382.31
85,1,27,322,1991,363.36
85,1,27,322,1992,347.16
85,1,27,322,1993,312.11
85,1,27,322,1994,288.79
85,1,27,322,1995,278.64
85,1,27,322,1996,275.94
85,1,27,322,1997,279.62
85,1,27,322,1998,282.41
85,1,27,322,1999,289.88
85,1,27,322,2000,295.86
85,1,27,322,2001,298.37
85,1,27,322,2002,304.18
85,1,27,322,2003,307.97
85,1,27,322,2004,309.74
85,1,27,322,2005,312.7
85,1,27,322,2006,314.85
85,1,27,322,2007,314.52
85,1,27,322,2008,314.6
85,1,27,322,2009,310.55
85,1,27,322,2010,311.36
85,1,27,322,2011,311.18
85,1,27,322,2012,309.95
85,1,27,322,2013,308.49
85,1,27,322,2014,307.33
85,1,27,322,2015,304.19
85,1,27,322,2016,300.12
85,2,22,322,1990,307.02
85,2,22,322,1991,288.07
85,2,22,322,1992,270.81
85,2,22,322,1993,237.86
85,2,22,322,1994,214.7
85,2,22,322,1995,205.74
85,2,22,322,1996,201.91
85,2,22,322,1997,199.64
85,2,22,322,1998,199.38
85,2,22,322,1999,204.71
85,2,22,322,2000,205.25
85,2,22,322,2001,206.63
85,2,22,322,2002,211.74
85,2,22,322,2003,212.54
85,2,22,322,2004,213.98
85,2,22,322,2005,218.75
85,2,22,322,2006,218.84
85,2,22,322,2007,219.1
85,2,22,322,2008,220.01
85,2,22,322,2009,216.79
85,2,22,322,2010,216.03
85,2,22,322,2011,216.76
85,2,22,322,2012,211.52
85,2,22,322,2013,209.88
85,2,22,322,2014,211.63
85,2,22,322,2015,210.91
85,2,22,322,2016,210.19
85,2,27,322,1990,304.28
85,2,27,322,1991,285.69
85,2,27,322,1992,268.08
85,2,27,322,1993,234.62
85,2,27,322,1994,209.79
85,2,27,322,1995,198
85,2,27,322,1996,192.63
85,2,27,322,1997,188.38
85,2,27,322,1998,186.16
85,2,27,322,1999,189.15
85,2,27,322,2000,187.92
85,2,27,322,2001,188.18
85,2,27,322,2002,191.59
85,2,27,322,2003,189.93
85,2,27,322,2004,188.72
85,2,27,322,2005,190.65
85,2,27,322,2006,188.42
85,2,27,322,2007,186.4
85,2,27,322,2008,184.5
85,2,27,322,2009,179.24
85,2,27,322,2010,176.08
85,2,27,322,2011,175.16
85,2,27,322,2012,169.07
85,2,27,322,2013,166.86
85,2,27,322,2014,167.26
85,2,27,322,2015,165.52
85,2,27,322,2016,163.58
85,3,22,322,1990,328.26
85,3,22,322,1991,308.8
85,3,22,322,1992,292.05
85,3,22,322,1993,257.87
85,3,22,322,1994,235.44
85,3,22,322,1995,227.13
85,3,22,322,1996,224.75
85,3,22,322,1997,226.2
85,3,22,322,1998,227.62
85,3,22,322,1999,234.26
85,3,22,322,2000,237.63
85,3,22,322,2001,239.35
85,3,22,322,2002,244.64
85,3,22,322,2003,247.18
85,3,22,322,2004,249.27
85,3,22,322,2005,253.61
85,3,22,322,2006,255.58
85,3,22,322,2007,256.73
85,3,22,322,2008,258.94
85,3,22,322,2009,257.13
85,3,22,322,2010,258.79
85,3,22,322,2011,259.92
85,3,22,322,2012,257.78
85,3,22,322,2013,256.99
85,3,22,322,2014,258.51
85,3,22,322,2015,257.94
85,3,22,322,2016,257.24
85,3,27,322,1990,340.9
85,3,27,322,1991,321.98
85,3,27,322,1992,304.85
85,3,27,322,1993,270.33
85,3,27,322,1994,246.05
85,3,27,322,1995,234.87
85,3,27,322,1996,230.71
85,3,27,322,1997,230
85,3,27,322,1998,229.92
85,3,27,322,1999,234.91
85,3,27,322,2000,236.97
85,3,27,322,2001,238.16
85,3,27,322,2002,242.57
85,3,27,322,2003,243.39
85,3,27,322,2004,243.59
85,3,27,322,2005,245.97
85,3,27,322,2006,245.81
85,3,27,322,2007,244.61
85,3,27,322,2008,243.65
85,3,27,322,2009,239.01
85,3,27,322,2010,237.63
85,3,27,322,2011,237.06
85,3,27,322,2012,233.23
85,3,27,322,2013,231.37
85,3,27,322,2014,231.21
85,3,27,322,2015,228.96
85,3,27,322,2016,226.22
86,1,22,322,1990,228.91
86,1,22,322,1991,221.16
86,1,22,322,1992,212.63
86,1,22,322,1993,204.51
86,1,22,322,1994,198.77
86,1,22,322,1995,196.67
86,1,22,322,1996,196.84
86,1,22,322,1997,197.45
86,1,22,322,1998,199.09
86,1,22,322,1999,198.83
86,1,22,322,2000,197.63
86,1,22,322,2001,196.39
86,1,22,322,2002,198.29
86,1,22,322,2003,201.71
86,1,22,322,2004,196.78
86,1,22,322,2005,197.68
86,1,22,322,2006,198.06
86,1,22,322,2007,198.03
86,1,22,322,2008,198.09
86,1,22,322,2009,200.42
86,1,22,322,2010,201
86,1,22,322,2011,202.15
86,1,22,322,2012,201.91
86,1,22,322,2013,195.58
86,1,22,322,2014,196.42
86,1,22,322,2015,197.58
86,1,22,322,2016,199.21
86,1,27,322,1990,233.7
86,1,27,322,1991,221.9
86,1,27,322,1992,210.06
86,1,27,322,1993,197.01
86,1,27,322,1994,186.57
86,1,27,322,1995,180.27
86,1,27,322,1996,176.1
86,1,27,322,1997,172.84
86,1,27,322,1998,169.9
86,1,27,322,1999,166.32
86,1,27,322,2000,161.07
86,1,27,322,2001,157.53
86,1,27,322,2002,156.38
86,1,27,322,2003,154.26
86,1,27,322,2004,148
86,1,27,322,2005,145.81
86,1,27,322,2006,143.61
86,1,27,322,2007,141.03
86,1,27,322,2008,139.29
86,1,27,322,2009,138.61
86,1,27,322,2010,136.09
86,1,27,322,2011,134.62
86,1,27,322,2012,132.07
86,1,27,322,2013,125.6
86,1,27,322,2014,124.16
86,1,27,322,2015,122.89
86,1,27,322,2016,121.88
86,2,22,322,1990,163.14
86,2,22,322,1991,157.15
86,2,22,322,1992,150.4
86,2,22,322,1993,144.71
86,2,22,322,1994,140.18
86,2,22,322,1995,136.37
86,2,22,322,1996,135.09
86,2,22,322,1997,135.46
86,2,22,322,1998,135.71
86,2,22,322,1999,135.33
86,2,22,322,2000,133.28
86,2,22,322,2001,131.72
86,2,22,322,2002,131.8
86,2,22,322,2003,132.47
86,2,22,322,2004,127.95
86,2,22,322,2005,127.94
86,2,22,322,2006,127.88
86,2,22,322,2007,128.88
86,2,22,322,2008,129.32
86,2,22,322,2009,130.85
86,2,22,322,2010,131.08
86,2,22,322,2011,132.5
86,2,22,322,2012,133.72
86,2,22,322,2013,131.01
86,2,22,322,2014,131.06
86,2,22,322,2015,131.19
86,2,22,322,2016,131.35
86,2,27,322,1990,144.86
86,2,27,322,1991,137.54
86,2,27,322,1992,129.7
86,2,27,322,1993,121.54
86,2,27,322,1994,114.62
86,2,27,322,1995,107.55
86,2,27,322,1996,103.19
86,2,27,322,1997,100.52
86,2,27,322,1998,96.59
86,2,27,322,1999,93.84
86,2,27,322,2000,89.42
86,2,27,322,2001,86.69
86,2,27,322,2002,85.23
86,2,27,322,2003,81.88
86,2,27,322,2004,78.16
86,2,27,322,2005,76.39
86,2,27,322,2006,75.25
86,2,27,322,2007,74.26
86,2,27,322,2008,73.4
86,2,27,322,2009,73.23
86,2,27,322,2010,71.86
86,2,27,322,2011,71.37
86,2,27,322,2012,70.64
86,2,27,322,2013,67.48
86,2,27,322,2014,66.37
86,2,27,322,2015,65.4
86,2,27,322,2016,64.41
86,3,22,322,1990,195.06
86,3,22,322,1991,188.21
86,3,22,322,1992,180.58
86,3,22,322,1993,173.71
86,3,22,322,1994,168.58
86,3,22,322,1995,165.58
86,3,22,322,1996,165
86,3,22,322,1997,165.48
86,3,22,322,1998,166.39
86,3,22,322,1999,166.06
86,3,22,322,2000,164.42
86,3,22,322,2001,163.01
86,3,22,322,2002,163.98
86,3,22,322,2003,165.99
86,3,22,322,2004,161.29
86,3,22,322,2005,161.73
86,3,22,322,2006,161.88
86,3,22,322,2007,162.37
86,3,22,322,2008,162.63
86,3,22,322,2009,164.53
86,3,22,322,2010,164.91
86,3,22,322,2011,166.19
86,3,22,322,2012,166.72
86,3,22,322,2013,162.26
86,3,22,322,2014,162.7
86,3,22,322,2015,163.33
86,3,22,322,2016,164.2
86,3,27,322,1990,182.76
86,3,27,322,1991,173.43
86,3,27,322,1992,163.81
86,3,27,322,1993,153.18
86,3,27,322,1994,144.53
86,3,27,322,1995,137.96
86,3,27,322,1996,133.72
86,3,27,322,1997,130.82
86,3,27,322,1998,127.35
86,3,27,322,1999,124.29
86,3,27,322,2000,119.55
86,3,27,322,2001,116.61
86,3,27,322,2002,115.34
86,3,27,322,2003,112.51
86,3,27,322,2004,107.76
86,3,27,322,2005,105.87
86,3,27,322,2006,104.43
86,3,27,322,2007,102.8
86,3,27,322,2008,101.64
86,3,27,322,2009,101.26
86,3,27,322,2010,99.43
86,3,27,322,2011,98.59
86,3,27,322,2012,97.14
86,3,27,322,2013,92.65
86,3,27,322,2014,91.52
86,3,27,322,2015,90.51
86,3,27,322,2016,89.59
87,1,22,322,1990,364.41
87,1,22,322,1991,354.31
87,1,22,322,1992,348.84
87,1,22,322,1993,340.56
87,1,22,322,1994,333.25
87,1,22,322,1995,330.2
87,1,22,322,1996,335.46
87,1,22,322,1997,336.29
87,1,22,322,1998,337.59
87,1,22,322,1999,335.22
87,1,22,322,2000,326.38
87,1,22,322,2001,322.52
87,1,22,322,2002,318.51
87,1,22,322,2003,316.5
87,1,22,322,2004,303.7
87,1,22,322,2005,292.51
87,1,22,322,2006,280.24
87,1,22,322,2007,271.38
87,1,22,322,2008,261.18
87,1,22,322,2009,256.84
87,1,22,322,2010,255.61
87,1,22,322,2011,249.94
87,1,22,322,2012,240.76
87,1,22,322,2013,240.77
87,1,22,322,2014,249.85
87,1,22,322,2015,249.19
87,1,22,322,2016,249.05
87,1,27,322,1990,375.98
87,1,27,322,1991,365.46
87,1,27,322,1992,357.67
87,1,27,322,1993,347.37
87,1,27,322,1994,338.28
87,1,27,322,1995,333.2
87,1,27,322,1996,337.9
87,1,27,322,1997,337.4
87,1,27,322,1998,338.9
87,1,27,322,1999,335.41
87,1,27,322,2000,326.17
87,1,27,322,2001,322.74
87,1,27,322,2002,315.63
87,1,27,322,2003,312.34
87,1,27,322,2004,297.25
87,1,27,322,2005,281.21
87,1,27,322,2006,263.93
87,1,27,322,2007,252.85
87,1,27,322,2008,240.4
87,1,27,322,2009,232.92
87,1,27,322,2010,229.4
87,1,27,322,2011,221.19
87,1,27,322,2012,209.06
87,1,27,322,2013,206.57
87,1,27,322,2014,210.79
87,1,27,322,2015,206.18
87,1,27,322,2016,202.73
87,2,22,322,1990,268.74
87,2,22,322,1991,260.04
87,2,22,322,1992,252.66
87,2,22,322,1993,247.93
87,2,22,322,1994,240.51
87,2,22,322,1995,234.8
87,2,22,322,1996,234.08
87,2,22,322,1997,239.8
87,2,22,322,1998,238.39
87,2,22,322,1999,236.61
87,2,22,322,2000,229.64
87,2,22,322,2001,232.95
87,2,22,322,2002,235.73
87,2,22,322,2003,245.72
87,2,22,322,2004,233.53
87,2,22,322,2005,222.29
87,2,22,322,2006,215.72
87,2,22,322,2007,209.97
87,2,22,322,2008,205.42
87,2,22,322,2009,203.97
87,2,22,322,2010,206.75
87,2,22,322,2011,209.57
87,2,22,322,2012,209.09
87,2,22,322,2013,204.76
87,2,22,322,2014,204.7
87,2,22,322,2015,204.02
87,2,22,322,2016,203.27
87,2,27,322,1990,203.85
87,2,27,322,1991,195.92
87,2,27,322,1992,188.41
87,2,27,322,1993,183.7
87,2,27,322,1994,177.29
87,2,27,322,1995,171.24
87,2,27,322,1996,170.41
87,2,27,322,1997,172.56
87,2,27,322,1998,170.76
87,2,27,322,1999,166.47
87,2,27,322,2000,159.58
87,2,27,322,2001,161.7
87,2,27,322,2002,160.63
87,2,27,322,2003,164.58
87,2,27,322,2004,154.83
87,2,27,322,2005,145.05
87,2,27,322,2006,139.09
87,2,27,322,2007,134.25
87,2,27,322,2008,129.29
87,2,27,322,2009,127.02
87,2,27,322,2010,127.49
87,2,27,322,2011,127.62
87,2,27,322,2012,124.54
87,2,27,322,2013,122.89
87,2,27,322,2014,121.58
87,2,27,322,2015,119.65
87,2,27,322,2016,118.05
87,3,22,322,1990,315.62
87,3,22,322,1991,306.33
87,3,22,322,1992,299.94
87,3,22,322,1993,293.48
87,3,22,322,1994,286.1
87,3,22,322,1995,281.69
87,3,22,322,1996,283.92
87,3,22,322,1997,287.25
87,3,22,322,1998,287.23
87,3,22,322,1999,285.23
87,3,22,322,2000,277.33
87,3,22,322,2001,277.09
87,3,22,322,2002,276.54
87,3,22,322,2003,280.64
87,3,22,322,2004,268.2
87,3,22,322,2005,257.02
87,3,22,322,2006,247.64
87,3,22,322,2007,240.37
87,3,22,322,2008,233.06
87,3,22,322,2009,230.22
87,3,22,322,2010,231.04
87,3,22,322,2011,229.69
87,3,22,322,2012,224.9
87,3,22,322,2013,222.77
87,3,22,322,2014,227.3
87,3,22,322,2015,226.65
87,3,22,322,2016,226.23
87,3,27,322,1990,274.74
87,3,27,322,1991,265.62
87,3,27,322,1992,257.47
87,3,27,322,1993,250.18
87,3,27,322,1994,242.58
87,3,27,322,1995,236.38
87,3,27,322,1996,237.46
87,3,27,322,1997,238.43
87,3,27,322,1998,238.27
87,3,27,322,1999,234.43
87,3,27,322,2000,226.43
87,3,27,322,2001,226.72
87,3,27,322,2002,223.64
87,3,27,322,2003,224.39
87,3,27,322,2004,212.35
87,3,27,322,2005,200.31
87,3,27,322,2006,190.41
87,3,27,322,2007,183.07
87,3,27,322,2008,175.07
87,3,27,322,2009,170.64
87,3,27,322,2010,169.4
87,3,27,322,2011,166.44
87,3,27,322,2012,160.2
87,3,27,322,2013,158.56
87,3,27,322,2014,159.66
87,3,27,322,2015,156.89
87,3,27,322,2016,154.77
88,1,22,322,1990,397.5
88,1,22,322,1991,399.72
88,1,22,322,1992,404.15
88,1,22,322,1993,401.86
88,1,22,322,1994,410.7
88,1,22,322,1995,425.24
88,1,22,322,1996,440.4
88,1,22,322,1997,456.07
88,1,22,322,1998,477.14
88,1,22,322,1999,486.52
88,1,22,322,2000,485.2
88,1,22,322,2001,476.07
88,1,22,322,2002,459.41
88,1,22,322,2003,440.21
88,1,22,322,2004,423.52
88,1,22,322,2005,414.16
88,1,22,322,2006,412.6
88,1,22,322,2007,417.19
88,1,22,322,2008,417.89
88,1,22,322,2009,409.2
88,1,22,322,2010,402.68
88,1,22,322,2011,396.49
88,1,22,322,2012,394.72
88,1,22,322,2013,396.29
88,1,22,322,2014,398.94
88,1,22,322,2015,402.98
88,1,22,322,2016,412.86
88,1,27,322,1990,446.52
88,1,27,322,1991,447.67
88,1,27,322,1992,451.19
88,1,27,322,1993,448.74
88,1,27,322,1994,457.56
88,1,27,322,1995,469.29
88,1,27,322,1996,481.61
88,1,27,322,1997,492.89
88,1,27,322,1998,508.97
88,1,27,322,1999,513.42
88,1,27,322,2000,505.86
88,1,27,322,2001,490.77
88,1,27,322,2002,468.83
88,1,27,322,2003,441.07
88,1,27,322,2004,418.73
88,1,27,322,2005,401.75
88,1,27,322,2006,390.12
88,1,27,322,2007,387.31
88,1,27,322,2008,382.49
88,1,27,322,2009,363.93
88,1,27,322,2010,348.9
88,1,27,322,2011,335.79
88,1,27,322,2012,324.32
88,1,27,322,2013,317.28
88,1,27,322,2014,310
88,1,27,322,2015,306.81
88,1,27,322,2016,303.25
88,2,22,322,1990,332.83
88,2,22,322,1991,337.98
88,2,22,322,1992,348.34
88,2,22,322,1993,341.32
88,2,22,322,1994,336.12
88,2,22,322,1995,337.21
88,2,22,322,1996,345.34
88,2,22,322,1997,352.65
88,2,22,322,1998,364.57
88,2,22,322,1999,381.15
88,2,22,322,2000,387.14
88,2,22,322,2001,381.03
88,2,22,322,2002,374.48
88,2,22,322,2003,376.19
88,2,22,322,2004,375.14
88,2,22,322,2005,367.88
88,2,22,322,2006,353.42
88,2,22,322,2007,345.06
88,2,22,322,2008,334.46
88,2,22,322,2009,323.31
88,2,22,322,2010,315.59
88,2,22,322,2011,319.94
88,2,22,322,2012,318.44
88,2,22,322,2013,306.73
88,2,22,322,2014,294.54
88,2,22,322,2015,286.7
88,2,22,322,2016,285.28
88,2,27,322,1990,324.41
88,2,27,322,1991,324.68
88,2,27,322,1992,330.2
88,2,27,322,1993,321.69
88,2,27,322,1994,315.72
88,2,27,322,1995,312.6
88,2,27,322,1996,315.97
88,2,27,322,1997,316.75
88,2,27,322,1998,319.63
88,2,27,322,1999,328.39
88,2,27,322,2000,327.46
88,2,27,322,2001,314.16
88,2,27,322,2002,302.65
88,2,27,322,2003,291.95
88,2,27,322,2004,281.83
88,2,27,322,2005,266.6
88,2,27,322,2006,249.57
88,2,27,322,2007,241.96
88,2,27,322,2008,236.14
88,2,27,322,2009,225.01
88,2,27,322,2010,217.53
88,2,27,322,2011,215.82
88,2,27,322,2012,207.73
88,2,27,322,2013,197.91
88,2,27,322,2014,186.27
88,2,27,322,2015,180.53
88,2,27,322,2016,175.78
88,3,22,322,1990,364.61
88,3,22,322,1991,368.34
88,3,22,322,1992,375.8
88,3,22,322,1993,371.13
88,3,22,322,1994,372.88
88,3,22,322,1995,380.63
88,3,22,322,1996,392.26
88,3,22,322,1997,403.73
88,3,22,322,1998,420.19
88,3,22,322,1999,433.23
88,3,22,322,2000,435.62
88,3,22,322,2001,428.02
88,3,22,322,2002,416.48
88,3,22,322,2003,407.85
88,3,22,322,2004,399.06
88,3,22,322,2005,390.78
88,3,22,322,2006,382.73
88,3,22,322,2007,380.81
88,3,22,322,2008,375.86
88,3,22,322,2009,365.98
88,3,22,322,2010,358.9
88,3,22,322,2011,358
88,3,22,322,2012,356.36
88,3,22,322,2013,351.28
88,3,22,322,2014,346.5
88,3,22,322,2015,344.61
88,3,22,322,2016,348.88
88,3,27,322,1990,379.85
88,3,27,322,1991,380.4
88,3,27,322,1992,384.91
88,3,27,322,1993,378.84
88,3,27,322,1994,379.18
88,3,27,322,1995,382.33
88,3,27,322,1996,389.48
88,3,27,322,1997,394.37
88,3,27,322,1998,402.63
88,3,27,322,1999,409.4
88,3,27,322,2000,405.37
88,3,27,322,2001,390.46
88,3,27,322,2002,373.66
88,3,27,322,2003,354.83
88,3,27,322,2004,338.81
88,3,27,322,2005,322.3
88,3,27,322,2006,307.86
88,3,27,322,2007,302.7
88,3,27,322,2008,298.05
88,3,27,322,2009,284.04
88,3,27,322,2010,273.75
88,3,27,322,2011,267.21
88,3,27,322,2012,257.83
88,3,27,322,2013,249.69
88,3,27,322,2014,240.33
88,3,27,322,2015,236.14
88,3,27,322,2016,232.55
89,1,22,322,1990,279.33
89,1,22,322,1991,287.44
89,1,22,322,1992,301.97
89,1,22,322,1993,325.97
89,1,22,322,1994,342.99
89,1,22,322,1995,369.06
89,1,22,322,1996,395.66
89,1,22,322,1997,420.86
89,1,22,322,1998,447.69
89,1,22,322,1999,468.39
89,1,22,322,2000,480.84
89,1,22,322,2001,488.05
89,1,22,322,2002,493.11
89,1,22,322,2003,490.1
89,1,22,322,2004,479.33
89,1,22,322,2005,473.88
89,1,22,322,2006,459.32
89,1,22,322,2007,449.82
89,1,22,322,2008,444.62
89,1,22,322,2009,440.58
89,1,22,322,2010,434.02
89,1,22,322,2011,428.63
89,1,22,322,2012,432.34
89,1,22,322,2013,435.83
89,1,22,322,2014,434.93
89,1,22,322,2015,444.04
89,1,22,322,2016,455.67
89,1,27,322,1990,303.24
89,1,27,322,1991,309.51
89,1,27,322,1992,322.35
89,1,27,322,1993,345.6
89,1,27,322,1994,360.06
89,1,27,322,1995,382.9
89,1,27,322,1996,405.92
89,1,27,322,1997,426.15
89,1,27,322,1998,447.71
89,1,27,322,1999,463.62
89,1,27,322,2000,469.83
89,1,27,322,2001,470.45
89,1,27,322,2002,468.47
89,1,27,322,2003,459.46
89,1,27,322,2004,441.38
89,1,27,322,2005,428.49
89,1,27,322,2006,406.07
89,1,27,322,2007,387.66
89,1,27,322,2008,374.49
89,1,27,322,2009,362.61
89,1,27,322,2010,349.01
89,1,27,322,2011,336
89,1,27,322,2012,330.4
89,1,27,322,2013,324.59
89,1,27,322,2014,315.92
89,1,27,322,2015,314.76
89,1,27,322,2016,316
89,2,22,322,1990,252.81
89,2,22,322,1991,266.09
89,2,22,322,1992,282.88
89,2,22,322,1993,310.67
89,2,22,322,1994,332.31
89,2,22,322,1995,357.2
89,2,22,322,1996,381.35
89,2,22,322,1997,405.04
89,2,22,322,1998,427.22
89,2,22,322,1999,444.94
89,2,22,322,2000,453.88
89,2,22,322,2001,460.72
89,2,22,322,2002,465.97
89,2,22,322,2003,457.37
89,2,22,322,2004,441.06
89,2,22,322,2005,430.39
89,2,22,322,2006,410.9
89,2,22,322,2007,394.5
89,2,22,322,2008,388.18
89,2,22,322,2009,380.02
89,2,22,322,2010,376.67
89,2,22,322,2011,375.72
89,2,22,322,2012,374.48
89,2,22,322,2013,364.94
89,2,22,322,2014,358.93
89,2,22,322,2015,362.49
89,2,22,322,2016,367.49
89,2,27,322,1990,184.41
89,2,27,322,1991,190.6
89,2,27,322,1992,197.99
89,2,27,322,1993,213.74
89,2,27,322,1994,224.78
89,2,27,322,1995,237.71
89,2,27,322,1996,250.45
89,2,27,322,1997,262.6
89,2,27,322,1998,274.32
89,2,27,322,1999,284.22
89,2,27,322,2000,288.63
89,2,27,322,2001,290.95
89,2,27,322,2002,291.65
89,2,27,322,2003,283.77
89,2,27,322,2004,270.28
89,2,27,322,2005,260.26
89,2,27,322,2006,244.17
89,2,27,322,2007,230.83
89,2,27,322,2008,223.01
89,2,27,322,2009,215.27
89,2,27,322,2010,209.99
89,2,27,322,2011,205.79
89,2,27,322,2012,201.36
89,2,27,322,2013,192.63
89,2,27,322,2014,186.1
89,2,27,322,2015,184.74
89,2,27,322,2016,184.75
89,3,22,322,1990,265.92
89,3,22,322,1991,276.65
89,3,22,322,1992,292.32
89,3,22,322,1993,318.24
89,3,22,322,1994,337.59
89,3,22,322,1995,363.07
89,3,22,322,1996,388.43
89,3,22,322,1997,412.86
89,3,22,322,1998,437.34
89,3,22,322,1999,456.54
89,3,22,322,2000,467.22
89,3,22,322,2001,474.25
89,3,22,322,2002,479.41
89,3,22,322,2003,473.58
89,3,22,322,2004,460
89,3,22,322,2005,451.91
89,3,22,322,2006,434.85
89,3,22,322,2007,421.86
89,3,22,322,2008,416.1
89,3,22,322,2009,409.99
89,3,22,322,2010,405.06
89,3,22,322,2011,401.91
89,3,22,322,2012,403.13
89,3,22,322,2013,400.04
89,3,22,322,2014,396.57
89,3,22,322,2015,402.88
89,3,22,322,2016,411.17
89,3,27,322,1990,230.6
89,3,27,322,1991,236.25
89,3,27,322,1992,245.79
89,3,27,322,1993,264.29
89,3,27,322,1994,276.81
89,3,27,322,1995,293.84
89,3,27,322,1996,310.91
89,3,27,322,1997,326.71
89,3,27,322,1998,342.56
89,3,27,322,1999,354.79
89,3,27,322,2000,360.3
89,3,27,322,2001,362.25
89,3,27,322,2002,361.95
89,3,27,322,2003,353.84
89,3,27,322,2004,339.13
89,3,27,322,2005,328.19
89,3,27,322,2006,309.95
89,3,27,322,2007,294.77
89,3,27,322,2008,285.27
89,3,27,322,2009,276.41
89,3,27,322,2010,267.97
89,3,27,322,2011,260.3
89,3,27,322,2012,255.54
89,3,27,322,2013,248.31
89,3,27,322,2014,241.13
89,3,27,322,2015,240.15
89,3,27,322,2016,241.04
90,1,22,322,1990,609.94
90,1,22,322,1991,594.25
90,1,22,322,1992,578.82
90,1,22,322,1993,567.02
90,1,22,322,1994,531.24
90,1,22,322,1995,505.14
90,1,22,322,1996,472.3
90,1,22,322,1997,450.3
90,1,22,322,1998,436.08
90,1,22,322,1999,430.44
90,1,22,322,2000,416.78
90,1,22,322,2001,406.53
90,1,22,322,2002,393.98
90,1,22,322,2003,374.93
90,1,22,322,2004,358.94
90,1,22,322,2005,353.6
90,1,22,322,2006,345.29
90,1,22,322,2007,344.31
90,1,22,322,2008,338.84
90,1,22,322,2009,332.01
90,1,22,322,2010,326.66
90,1,22,322,2011,322.47
90,1,22,322,2012,316.9
90,1,22,322,2013,309.13
90,1,22,322,2014,303.92
90,1,22,322,2015,304.36
90,1,22,322,2016,306.42
90,1,27,322,1990,527.24
90,1,27,322,1991,508.92
90,1,27,322,1992,491.83
90,1,27,322,1993,479.26
90,1,27,322,1994,447.32
90,1,27,322,1995,422.92
90,1,27,322,1996,393.72
90,1,27,322,1997,374.5
90,1,27,322,1998,361.26
90,1,27,322,1999,356.21
90,1,27,322,2000,344.32
90,1,27,322,2001,333.9
90,1,27,322,2002,322.56
90,1,27,322,2003,305.26
90,1,27,322,2004,288.99
90,1,27,322,2005,281.74
90,1,27,322,2006,272.72
90,1,27,322,2007,270.83
90,1,27,322,2008,265.96
90,1,27,322,2009,259.98
90,1,27,322,2010,253.65
90,1,27,322,2011,248.73
90,1,27,322,2012,243.16
90,1,27,322,2013,235.21
90,1,27,322,2014,229.01
90,1,27,322,2015,227.05
90,1,27,322,2016,226.52
90,2,22,322,1990,595.61
90,2,22,322,1991,586.88
90,2,22,322,1992,577.25
90,2,22,322,1993,569.95
90,2,22,322,1994,537.75
90,2,22,322,1995,514.62
90,2,22,322,1996,483.32
90,2,22,322,1997,464.63
90,2,22,322,1998,445.74
90,2,22,322,1999,428.93
90,2,22,322,2000,411.66
90,2,22,322,2001,397.32
90,2,22,322,2002,385.69
90,2,22,322,2003,366.6
90,2,22,322,2004,345.13
90,2,22,322,2005,331.64
90,2,22,322,2006,321.48
90,2,22,322,2007,313.78
90,2,22,322,2008,304.81
90,2,22,322,2009,298.51
90,2,22,322,2010,291
90,2,22,322,2011,284.76
90,2,22,322,2012,278.93
90,2,22,322,2013,268.46
90,2,22,322,2014,260.27
90,2,22,322,2015,255.74
90,2,22,322,2016,254.99
90,2,27,322,1990,339.75
90,2,27,322,1991,328.87
90,2,27,322,1992,317.44
90,2,27,322,1993,307.31
90,2,27,322,1994,289.12
90,2,27,322,1995,272.25
90,2,27,322,1996,253.79
90,2,27,322,1997,242.17
90,2,27,322,1998,230.69
90,2,27,322,1999,221.32
90,2,27,322,2000,211.64
90,2,27,322,2001,202.92
90,2,27,322,2002,195.88
90,2,27,322,2003,185.98
90,2,27,322,2004,174.52
90,2,27,322,2005,166.58
90,2,27,322,2006,160.07
90,2,27,322,2007,155.87
90,2,27,322,2008,151.34
90,2,27,322,2009,148.3
90,2,27,322,2010,144.12
90,2,27,322,2011,140.38
90,2,27,322,2012,137.3
90,2,27,322,2013,132.19
90,2,27,322,2014,127.92
90,2,27,322,2015,125.69
90,2,27,322,2016,125.29
90,3,22,322,1990,602.69
90,3,22,322,1991,590.52
90,3,22,322,1992,578.02
90,3,22,322,1993,568.5
90,3,22,322,1994,534.53
90,3,22,322,1995,509.93
90,3,22,322,1996,477.87
90,3,22,322,1997,457.55
90,3,22,322,1998,440.96
90,3,22,322,1999,429.68
90,3,22,322,2000,414.2
90,3,22,322,2001,401.89
90,3,22,322,2002,389.8
90,3,22,322,2003,370.73
90,3,22,322,2004,351.98
90,3,22,322,2005,342.54
90,3,22,322,2006,333.3
90,3,22,322,2007,328.97
90,3,22,322,2008,321.78
90,3,22,322,2009,315.24
90,3,22,322,2010,308.82
90,3,22,322,2011,303.64
90,3,22,322,2012,297.97
90,3,22,322,2013,288.88
90,3,22,322,2014,282.21
90,3,22,322,2015,280.22
90,3,22,322,2016,280.91
90,3,27,322,1990,417.24
90,3,27,322,1991,402.66
90,3,27,322,1992,388.2
90,3,27,322,1993,376.52
90,3,27,322,1994,352.23
90,3,27,322,1995,332.15
90,3,27,322,1996,309.27
90,3,27,322,1997,294.38
90,3,27,322,1998,282.41
90,3,27,322,1999,274.6
90,3,27,322,2000,264.37
90,3,27,322,2001,255.12
90,3,27,322,2002,246.43
90,3,27,322,2003,233.6
90,3,27,322,2004,220.35
90,3,27,322,2005,212.85
90,3,27,322,2006,205.69
90,3,27,322,2007,202.44
90,3,27,322,2008,197.84
90,3,27,322,2009,194.13
90,3,27,322,2010,189.31
90,3,27,322,2011,185.47
90,3,27,322,2012,181.63
90,3,27,322,2013,175.68
90,3,27,322,2014,170.6
90,3,27,322,2015,168.67
90,3,27,322,2016,168.44
91,1,22,322,1990,770.3
91,1,22,322,1991,770.4
91,1,22,322,1992,763.4
91,1,22,322,1993,771.89
91,1,22,322,1994,773.05
91,1,22,322,1995,791.23
91,1,22,322,1996,816.91
91,1,22,322,1997,831.28
91,1,22,322,1998,850.81
91,1,22,322,1999,856.27
91,1,22,322,2000,841.23
91,1,22,322,2001,826.7
91,1,22,322,2002,818.3
91,1,22,322,2003,812.59
91,1,22,322,2004,806.45
91,1,22,322,2005,807.78
91,1,22,322,2006,808.91
91,1,22,322,2007,808.15
91,1,22,322,2008,812.44
91,1,22,322,2009,814.01
91,1,22,322,2010,813.59
91,1,22,322,2011,810.37
91,1,22,322,2012,820.34
91,1,22,322,2013,826.47
91,1,22,322,2014,824.94
91,1,22,322,2015,828.39
91,1,22,322,2016,836.12
91,1,27,322,1990,807.01
91,1,27,322,1991,791.71
91,1,27,322,1992,766.94
91,1,27,322,1993,759.89
91,1,27,322,1994,747.68
91,1,27,322,1995,746.31
91,1,27,322,1996,753.68
91,1,27,322,1997,752.85
91,1,27,322,1998,758.89
91,1,27,322,1999,753.09
91,1,27,322,2000,729.94
91,1,27,322,2001,704.57
91,1,27,322,2002,686.85
91,1,27,322,2003,669.04
91,1,27,322,2004,652.49
91,1,27,322,2005,639.94
91,1,27,322,2006,628.27
91,1,27,322,2007,613.52
91,1,27,322,2008,604.33
91,1,27,322,2009,594.07
91,1,27,322,2010,579.07
91,1,27,322,2011,564.19
91,1,27,322,2012,556.13
91,1,27,322,2013,547.54
91,1,27,322,2014,537.5
91,1,27,322,2015,527.65
91,1,27,322,2016,521.7
91,2,22,322,1990,487.7
91,2,22,322,1991,477.71
91,2,22,322,1992,465.66
91,2,22,322,1993,465.73
91,2,22,322,1994,459.24
91,2,22,322,1995,466.5
91,2,22,322,1996,478.26
91,2,22,322,1997,486.33
91,2,22,322,1998,497.02
91,2,22,322,1999,502.49
91,2,22,322,2000,494.44
91,2,22,322,2001,487.12
91,2,22,322,2002,486.19
91,2,22,322,2003,488.73
91,2,22,322,2004,482.78
91,2,22,322,2005,488.87
91,2,22,322,2006,485.69
91,2,22,322,2007,491.24
91,2,22,322,2008,495.47
91,2,22,322,2009,498.18
91,2,22,322,2010,495.9
91,2,22,322,2011,496.02
91,2,22,322,2012,505.95
91,2,22,322,2013,504.25
91,2,22,322,2014,500.9
91,2,22,322,2015,492.32
91,2,22,322,2016,490.28
91,2,27,322,1990,444.19
91,2,27,322,1991,423.78
91,2,27,322,1992,402.14
91,2,27,322,1993,389.25
91,2,27,322,1994,372.94
91,2,27,322,1995,362.45
91,2,27,322,1996,360.52
91,2,27,322,1997,360.71
91,2,27,322,1998,359.71
91,2,27,322,1999,355.23
91,2,27,322,2000,342.02
91,2,27,322,2001,329.69
91,2,27,322,2002,323.38
91,2,27,322,2003,317.01
91,2,27,322,2004,309.84
91,2,27,322,2005,304.12
91,2,27,322,2006,295.33
91,2,27,322,2007,289.48
91,2,27,322,2008,284.47
91,2,27,322,2009,279.97
91,2,27,322,2010,268.89
91,2,27,322,2011,262.36
91,2,27,322,2012,259.43
91,2,27,322,2013,252.67
91,2,27,322,2014,245.85
91,2,27,322,2015,236.36
91,2,27,322,2016,230.45
91,3,22,322,1990,623.85
91,3,22,322,1991,618.69
91,3,22,322,1992,609.03
91,3,22,322,1993,613.11
91,3,22,322,1994,610.29
91,3,22,322,1995,622.82
91,3,22,322,1996,641.3
91,3,22,322,1997,652.45
91,3,22,322,1998,667.44
91,3,22,322,1999,672.97
91,3,22,322,2000,661.66
91,3,22,322,2001,650.96
91,3,22,322,2002,646.35
91,3,22,322,2003,644.74
91,3,22,322,2004,638.57
91,3,22,322,2005,642.27
91,3,22,322,2006,641.08
91,3,22,322,2007,643.48
91,3,22,322,2008,647.58
91,3,22,322,2009,649.53
91,3,22,322,2010,647.93
91,3,22,322,2011,646.21
91,3,22,322,2012,655.9
91,3,22,322,2013,657.69
91,3,22,322,2014,654.96
91,3,22,322,2015,651.85
91,3,22,322,2016,654.2
91,3,27,322,1990,605.16
91,3,27,322,1991,587.44
91,3,27,322,1992,563.93
91,3,27,322,1993,552.81
91,3,27,322,1994,538.29
91,3,27,322,1995,531.91
91,3,27,322,1996,533.88
91,3,27,322,1997,532.97
91,3,27,322,1998,535.17
91,3,27,322,1999,529.66
91,3,27,322,2000,511.95
91,3,27,322,2001,493.4
91,3,27,322,2002,481.38
91,3,27,322,2003,469.56
91,3,27,322,2004,457.89
91,3,27,322,2005,448.57
91,3,27,322,2006,438.63
91,3,27,322,2007,428.82
91,3,27,322,2008,421.85
91,3,27,322,2009,414.68
91,3,27,322,2010,401.67
91,3,27,322,2011,391.61
91,3,27,322,2012,385.98
91,3,27,322,2013,378.25
91,3,27,322,2014,370.36
91,3,27,322,2015,360.69
91,3,27,322,2016,354.8
92,1,22,322,1990,372.11
92,1,22,322,1991,360.04
92,1,22,322,1992,349.01
92,1,22,322,1993,341.34
92,1,22,322,1994,331.96
92,1,22,322,1995,326.63
92,1,22,322,1996,326.57
92,1,22,322,1997,329.92
92,1,22,322,1998,336.26
92,1,22,322,1999,342.26
92,1,22,322,2000,342.54
92,1,22,322,2001,343.66
92,1,22,322,2002,346.12
92,1,22,322,2003,346.52
92,1,22,322,2004,339.72
92,1,22,322,2005,336.56
92,1,22,322,2006,327.91
92,1,22,322,2007,321.71
92,1,22,322,2008,312.99
92,1,22,322,2009,304.95
92,1,22,322,2010,297.75
92,1,22,322,2011,294.53
92,1,22,322,2012,294.59
92,1,22,322,2013,288.82
92,1,22,322,2014,288.48
92,1,22,322,2015,291.78
92,1,22,322,2016,295
92,1,27,322,1990,378.08
92,1,27,322,1991,358.14
92,1,27,322,1992,341.43
92,1,27,322,1993,328.04
92,1,27,322,1994,311.77
92,1,27,322,1995,300.27
92,1,27,322,1996,295.07
92,1,27,322,1997,292.41
92,1,27,322,1998,292.17
92,1,27,322,1999,292.17
92,1,27,322,2000,288.35
92,1,27,322,2001,283.65
92,1,27,322,2002,283.14
92,1,27,322,2003,281.7
92,1,27,322,2004,273.9
92,1,27,322,2005,268.69
92,1,27,322,2006,259.14
92,1,27,322,2007,251.66
92,1,27,322,2008,242.39
92,1,27,322,2009,232.54
92,1,27,322,2010,222.48
92,1,27,322,2011,215.29
92,1,27,322,2012,210.54
92,1,27,322,2013,200.45
92,1,27,322,2014,196
92,1,27,322,2015,193.97
92,1,27,322,2016,192.05
92,2,22,322,1990,232.17
92,2,22,322,1991,221.8
92,2,22,322,1992,212.48
92,2,22,322,1993,206.02
92,2,22,322,1994,199.58
92,2,22,322,1995,196.05
92,2,22,322,1996,196.11
92,2,22,322,1997,198.27
92,2,22,322,1998,203.51
92,2,22,322,1999,209.68
92,2,22,322,2000,211.29
92,2,22,322,2001,211.89
92,2,22,322,2002,215.09
92,2,22,322,2003,217.31
92,2,22,322,2004,212.93
92,2,22,322,2005,212.68
92,2,22,322,2006,207.37
92,2,22,322,2007,204.05
92,2,22,322,2008,198.88
92,2,22,322,2009,193.54
92,2,22,322,2010,189.63
92,2,22,322,2011,189.56
92,2,22,322,2012,191.23
92,2,22,322,2013,188.39
92,2,22,322,2014,189.45
92,2,22,322,2015,191.7
92,2,22,322,2016,193.46
92,2,27,322,1990,195.78
92,2,27,322,1991,181.16
92,2,27,322,1992,170.68
92,2,27,322,1993,160.92
92,2,27,322,1994,151.3
92,2,27,322,1995,143.81
92,2,27,322,1996,140.87
92,2,27,322,1997,137.91
92,2,27,322,1998,136.33
92,2,27,322,1999,136.35
92,2,27,322,2000,135.84
92,2,27,322,2001,132.79
92,2,27,322,2002,133.63
92,2,27,322,2003,133.43
92,2,27,322,2004,129.54
92,2,27,322,2005,128
92,2,27,322,2006,123.63
92,2,27,322,2007,120.8
92,2,27,322,2008,116.16
92,2,27,322,2009,111.71
92,2,27,322,2010,107.63
92,2,27,322,2011,105.36
92,2,27,322,2012,103.74
92,2,27,322,2013,99.27
92,2,27,322,2014,97.99
92,2,27,322,2015,96.82
92,2,27,322,2016,95.35
92,3,22,322,1990,300.7
92,3,22,322,1991,289.48
92,3,22,322,1992,279.32
92,3,22,322,1993,272.27
92,3,22,322,1994,264.39
92,3,22,322,1995,259.99
92,3,22,322,1996,259.99
92,3,22,322,1997,262.74
92,3,22,322,1998,268.52
92,3,22,322,1999,274.62
92,3,22,322,2000,275.58
92,3,22,322,2001,276.45
92,3,22,322,2002,279.35
92,3,22,322,2003,280.78
92,3,22,322,2004,275.32
92,3,22,322,2005,273.74
92,3,22,322,2006,266.86
92,3,22,322,2007,262.19
92,3,22,322,2008,255.32
92,3,22,322,2009,248.63
92,3,22,322,2010,243.05
92,3,22,322,2011,241.37
92,3,22,322,2012,242.18
92,3,22,322,2013,237.82
92,3,22,322,2014,238.13
92,3,22,322,2015,240.86
92,3,22,322,2016,243.29
92,3,27,322,1990,276.59
92,3,27,322,1991,259.64
92,3,27,322,1992,246.26
92,3,27,322,1993,234.75
92,3,27,322,1994,221.82
92,3,27,322,1995,212.35
92,3,27,322,1996,208.2
92,3,27,322,1997,205.43
92,3,27,322,1998,204.32
92,3,27,322,1999,204.24
92,3,27,322,2000,202.31
92,3,27,322,2001,198.71
92,3,27,322,2002,199.11
92,3,27,322,2003,198.53
92,3,27,322,2004,193.01
92,3,27,322,2005,189.87
92,3,27,322,2006,183.41
92,3,27,322,2007,178.55
92,3,27,322,2008,171.99
92,3,27,322,2009,165.19
92,3,27,322,2010,158.49
92,3,27,322,2011,154.09
92,3,27,322,2012,151.12
92,3,27,322,2013,144.18
92,3,27,322,2014,141.57
92,3,27,322,2015,140.11
92,3,27,322,2016,138.55
93,1,22,322,1990,568.23
93,1,22,322,1991,553.64
93,1,22,322,1992,530.35
93,1,22,322,1993,511.14
93,1,22,322,1994,480.54
93,1,22,322,1995,462.68
93,1,22,322,1996,446.98
93,1,22,322,1997,430.2
93,1,22,322,1998,416.56
93,1,22,322,1999,403.84
93,1,22,322,2000,388.03
93,1,22,322,2001,375.96
93,1,22,322,2002,365.65
93,1,22,322,2003,354.57
93,1,22,322,2004,345.9
93,1,22,322,2005,336.8
93,1,22,322,2006,328.78
93,1,22,322,2007,322.53
93,1,22,322,2008,319.81
93,1,22,322,2009,316.93
93,1,22,322,2010,313.76
93,1,22,322,2011,314.7
93,1,22,322,2012,317.8
93,1,22,322,2013,319.87
93,1,22,322,2014,320.9
93,1,22,322,2015,331.23
93,1,22,322,2016,337.53
93,1,27,322,1990,437.26
93,1,27,322,1991,424.07
93,1,27,322,1992,403.05
93,1,27,322,1993,386.12
93,1,27,322,1994,361
93,1,27,322,1995,343.82
93,1,27,322,1996,329.65
93,1,27,322,1997,314.35
93,1,27,322,1998,302.08
93,1,27,322,1999,291.08
93,1,27,322,2000,277.88
93,1,27,322,2001,267.22
93,1,27,322,2002,257.82
93,1,27,322,2003,248.87
93,1,27,322,2004,241.19
93,1,27,322,2005,232.23
93,1,27,322,2006,224.93
93,1,27,322,2007,219.55
93,1,27,322,2008,216.65
93,1,27,322,2009,214.23
93,1,27,322,2010,210.59
93,1,27,322,2011,209.48
93,1,27,322,2012,209.64
93,1,27,322,2013,209.45
93,1,27,322,2014,207.29
93,1,27,322,2015,211.92
93,1,27,322,2016,214.09
93,2,22,322,1990,429.77
93,2,22,322,1991,423.88
93,2,22,322,1992,414
93,2,22,322,1993,407.68
93,2,22,322,1994,387.82
93,2,22,322,1995,374.38
93,2,22,322,1996,364.63
93,2,22,322,1997,354.28
93,2,22,322,1998,346.47
93,2,22,322,1999,341.45
93,2,22,322,2000,329.71
93,2,22,322,2001,319.74
93,2,22,322,2002,310.14
93,2,22,322,2003,297.5
93,2,22,322,2004,291.77
93,2,22,322,2005,280.02
93,2,22,322,2006,271.25
93,2,22,322,2007,263.94
93,2,22,322,2008,257.77
93,2,22,322,2009,250.63
93,2,22,322,2010,244.88
93,2,22,322,2011,245.55
93,2,22,322,2012,250.29
93,2,22,322,2013,248.93
93,2,22,322,2014,245.46
93,2,22,322,2015,248.16
93,2,22,322,2016,248.98
93,2,27,322,1990,242.84
93,2,27,322,1991,236.31
93,2,27,322,1992,225.84
93,2,27,322,1993,218.49
93,2,27,322,1994,205
93,2,27,322,1995,194.08
93,2,27,322,1996,186.87
93,2,27,322,1997,179.67
93,2,27,322,1998,173.73
93,2,27,322,1999,169.44
93,2,27,322,2000,162.66
93,2,27,322,2001,156.46
93,2,27,322,2002,151.12
93,2,27,322,2003,145.4
93,2,27,322,2004,141.86
93,2,27,322,2005,134.42
93,2,27,322,2006,129.15
93,2,27,322,2007,124.8
93,2,27,322,2008,122.04
93,2,27,322,2009,119.52
93,2,27,322,2010,116.56
93,2,27,322,2011,116.79
93,2,27,322,2012,118.57
93,2,27,322,2013,117.89
93,2,27,322,2014,115.33
93,2,27,322,2015,115.97
93,2,27,322,2016,115.89
93,3,22,322,1990,498.17
93,3,22,322,1991,487.99
93,3,22,322,1992,471.48
93,3,22,322,1993,458.79
93,3,22,322,1994,433.63
93,3,22,322,1995,418.01
93,3,22,322,1996,405.31
93,3,22,322,1997,391.8
93,3,22,322,1998,381.11
93,3,22,322,1999,372.29
93,3,22,322,2000,358.55
93,3,22,322,2001,347.55
93,3,22,322,2002,337.62
93,3,22,322,2003,325.77
93,3,22,322,2004,318.6
93,3,22,322,2005,308.17
93,3,22,322,2006,299.8
93,3,22,322,2007,293.05
93,3,22,322,2008,288.62
93,3,22,322,2009,283.62
93,3,22,322,2010,279.18
93,3,22,322,2011,280.01
93,3,22,322,2012,283.95
93,3,22,322,2013,284.33
93,3,22,322,2014,283.14
93,3,22,322,2015,289.69
93,3,22,322,2016,293.29
93,3,27,322,1990,325.49
93,3,27,322,1991,316
93,3,27,322,1992,300.91
93,3,27,322,1993,289.33
93,3,27,322,1994,271.04
93,3,27,322,1995,257.33
93,3,27,322,1996,247.15
93,3,27,322,1997,236.52
93,3,27,322,1998,227.97
93,3,27,322,1999,221.09
93,3,27,322,2000,211.74
93,3,27,322,2001,203.99
93,3,27,322,2002,197.03
93,3,27,322,2003,190.11
93,3,27,322,2004,184.99
93,3,27,322,2005,176.94
93,3,27,322,2006,170.99
93,3,27,322,2007,166.41
93,3,27,322,2008,163.74
93,3,27,322,2009,161.34
93,3,27,322,2010,158.19
93,3,27,322,2011,157.92
93,3,27,322,2012,159.03
93,3,27,322,2013,158.69
93,3,27,322,2014,156.46
93,3,27,322,2015,158.99
93,3,27,322,2016,160.03
94,1,22,322,1990,393.7
94,1,22,322,1991,389.46
94,1,22,322,1992,375.57
94,1,22,322,1993,362.07
94,1,22,322,1994,347.33
94,1,22,322,1995,332.81
94,1,22,322,1996,315.35
94,1,22,322,1997,306.91
94,1,22,322,1998,301.64
94,1,22,322,1999,291.19
94,1,22,322,2000,284.07
94,1,22,322,2001,275.43
94,1,22,322,2002,268.87
94,1,22,322,2003,262.5
94,1,22,322,2004,249.78
94,1,22,322,2005,243.71
94,1,22,322,2006,236.47
94,1,22,322,2007,231.22
94,1,22,322,2008,227.12
94,1,22,322,2009,226.2
94,1,22,322,2010,222.91
94,1,22,322,2011,220.72
94,1,22,322,2012,222.91
94,1,22,322,2013,225.42
94,1,22,322,2014,223.9
94,1,22,322,2015,227.8
94,1,22,322,2016,231.46
94,1,27,322,1990,376.65
94,1,27,322,1991,368.88
94,1,27,322,1992,352.15
94,1,27,322,1993,336.72
94,1,27,322,1994,319.85
94,1,27,322,1995,302.57
94,1,27,322,1996,283.34
94,1,27,322,1997,272.86
94,1,27,322,1998,265.7
94,1,27,322,1999,255.38
94,1,27,322,2000,246.92
94,1,27,322,2001,237
94,1,27,322,2002,228.82
94,1,27,322,2003,220.55
94,1,27,322,2004,207.46
94,1,27,322,2005,199.76
94,1,27,322,2006,190.47
94,1,27,322,2007,182.5
94,1,27,322,2008,176.89
94,1,27,322,2009,173.67
94,1,27,322,2010,168.14
94,1,27,322,2011,164.12
94,1,27,322,2012,162.8
94,1,27,322,2013,162.15
94,1,27,322,2014,158.66
94,1,27,322,2015,158.57
94,1,27,322,2016,158.68
94,2,22,322,1990,302.41
94,2,22,322,1991,297.38
94,2,22,322,1992,289.69
94,2,22,322,1993,281.77
94,2,22,322,1994,272.2
94,2,22,322,1995,267.87
94,2,22,322,1996,256.96
94,2,22,322,1997,252.15
94,2,22,322,1998,243.7
94,2,22,322,1999,236.46
94,2,22,322,2000,228.1
94,2,22,322,2001,218.56
94,2,22,322,2002,213.86
94,2,22,322,2003,204.99
94,2,22,322,2004,191.16
94,2,22,322,2005,184.92
94,2,22,322,2006,180.07
94,2,22,322,2007,175.71
94,2,22,322,2008,170.57
94,2,22,322,2009,170.07
94,2,22,322,2010,168.37
94,2,22,322,2011,165.44
94,2,22,322,2012,166.58
94,2,22,322,2013,164.92
94,2,22,322,2014,160.55
94,2,22,322,2015,161.36
94,2,22,322,2016,163.17
94,2,27,322,1990,206.58
94,2,27,322,1991,201.45
94,2,27,322,1992,193.63
94,2,27,322,1993,184.32
94,2,27,322,1994,173.87
94,2,27,322,1995,167.64
94,2,27,322,1996,158.88
94,2,27,322,1997,154.81
94,2,27,322,1998,148.37
94,2,27,322,1999,142.62
94,2,27,322,2000,137.48
94,2,27,322,2001,130.16
94,2,27,322,2002,125.95
94,2,27,322,2003,119.59
94,2,27,322,2004,111.55
94,2,27,322,2005,106.57
94,2,27,322,2006,101.97
94,2,27,322,2007,97.61
94,2,27,322,2008,93.4
94,2,27,322,2009,92.01
94,2,27,322,2010,89.46
94,2,27,322,2011,86.77
94,2,27,322,2012,85.59
94,2,27,322,2013,84.14
94,2,27,322,2014,81.35
94,2,27,322,2015,80.5
94,2,27,322,2016,80.43
94,3,22,322,1990,347
94,3,22,322,1991,342.37
94,3,22,322,1992,331.64
94,3,22,322,1993,320.99
94,3,22,322,1994,308.89
94,3,22,322,1995,299.59
94,3,22,322,1996,285.47
94,3,22,322,1997,278.89
94,3,22,322,1998,271.99
94,3,22,322,1999,263.2
94,3,22,322,2000,255.45
94,3,22,322,2001,246.35
94,3,22,322,2002,240.75
94,3,22,322,2003,233.12
94,3,22,322,2004,219.84
94,3,22,322,2005,213.7
94,3,22,322,2006,207.7
94,3,22,322,2007,202.94
94,3,22,322,2008,198.35
94,3,22,322,2009,197.68
94,3,22,322,2010,195.22
94,3,22,322,2011,192.68
94,3,22,322,2012,194.36
94,3,22,322,2013,194.79
94,3,22,322,2014,191.86
94,3,22,322,2015,194.23
94,3,22,322,2016,196.98
94,3,27,322,1990,275.74
94,3,27,322,1991,269.35
94,3,27,322,1992,257.67
94,3,27,322,1993,245.85
94,3,27,322,1994,232.67
94,3,27,322,1995,221.4
94,3,27,322,1996,208.34
94,3,27,322,1997,201.8
94,3,27,322,1998,195.21
94,3,27,322,1999,188.12
94,3,27,322,2000,181.9
94,3,27,322,2001,173.86
94,3,27,322,2002,168.25
94,3,27,322,2003,161.15
94,3,27,322,2004,151.16
94,3,27,322,2005,145.17
94,3,27,322,2006,138.73
94,3,27,322,2007,132.94
94,3,27,322,2008,128.31
94,3,27,322,2009,126.34
94,3,27,322,2010,122.46
94,3,27,322,2011,119.25
94,3,27,322,2012,118.11
94,3,27,322,2013,117.1
94,3,27,322,2014,114.07
94,3,27,322,2015,113.64
94,3,27,322,2016,113.78
95,1,22,322,1990,738.03
95,1,22,322,1991,739.81
95,1,22,322,1992,748.54
95,1,22,322,1993,777.73
95,1,22,322,1994,793.91
95,1,22,322,1995,822.01
95,1,22,322,1996,838.32
95,1,22,322,1997,844.78
95,1,22,322,1998,842.82
95,1,22,322,1999,812.72
95,1,22,322,2000,770.1
95,1,22,322,2001,730.03
95,1,22,322,2002,698.23
95,1,22,322,2003,672.09
95,1,22,322,2004,640.92
95,1,22,322,2005,619.63
95,1,22,322,2006,595.68
95,1,22,322,2007,580.68
95,1,22,322,2008,569.42
95,1,22,322,2009,557.79
95,1,22,322,2010,553.16
95,1,22,322,2011,555.06
95,1,22,322,2012,562.32
95,1,22,322,2013,570.57
95,1,22,322,2014,583.95
95,1,22,322,2015,597.93
95,1,22,322,2016,602.34
95,1,27,322,1990,686.28
95,1,27,322,1991,677.88
95,1,27,322,1992,677
95,1,27,322,1993,698.5
95,1,27,322,1994,706.02
95,1,27,322,1995,722.98
95,1,27,322,1996,730.1
95,1,27,322,1997,729.57
95,1,27,322,1998,723.51
95,1,27,322,1999,694.42
95,1,27,322,2000,652.16
95,1,27,322,2001,609.68
95,1,27,322,2002,577.3
95,1,27,322,2003,552.41
95,1,27,322,2004,522.39
95,1,27,322,2005,499.64
95,1,27,322,2006,474.41
95,1,27,322,2007,456.42
95,1,27,322,2008,442.39
95,1,27,322,2009,427.25
95,1,27,322,2010,416.76
95,1,27,322,2011,411.05
95,1,27,322,2012,408.31
95,1,27,322,2013,406.51
95,1,27,322,2014,408.63
95,1,27,322,2015,410.96
95,1,27,322,2016,406.99
95,2,22,322,1990,756.87
95,2,22,322,1991,762.94
95,2,22,322,1992,769.69
95,2,22,322,1993,794.97
95,2,22,322,1994,803.49
95,2,22,322,1995,828.85
95,2,22,322,1996,844.44
95,2,22,322,1997,851.89
95,2,22,322,1998,847.6
95,2,22,322,1999,817.19
95,2,22,322,2000,765.97
95,2,22,322,2001,731.89
95,2,22,322,2002,703.42
95,2,22,322,2003,676.38
95,2,22,322,2004,638.6
95,2,22,322,2005,613.8
95,2,22,322,2006,586.95
95,2,22,322,2007,571.89
95,2,22,322,2008,558.22
95,2,22,322,2009,540.02
95,2,22,322,2010,533.54
95,2,22,322,2011,533.78
95,2,22,322,2012,543.25
95,2,22,322,2013,549.3
95,2,22,322,2014,555.04
95,2,22,322,2015,559.56
95,2,22,322,2016,552.9
95,2,27,322,1990,475.86
95,2,27,322,1991,471.26
95,2,27,322,1992,467.13
95,2,27,322,1993,476.58
95,2,27,322,1994,477.89
95,2,27,322,1995,487.35
95,2,27,322,1996,492.92
95,2,27,322,1997,494.48
95,2,27,322,1998,490.94
95,2,27,322,1999,473.67
95,2,27,322,2000,442.38
95,2,27,322,2001,418.25
95,2,27,322,2002,399.65
95,2,27,322,2003,385.02
95,2,27,322,2004,364.93
95,2,27,322,2005,349.58
95,2,27,322,2006,333.22
95,2,27,322,2007,322.61
95,2,27,322,2008,313.2
95,2,27,322,2009,301.44
95,2,27,322,2010,294.38
95,2,27,322,2011,290.25
95,2,27,322,2012,289.92
95,2,27,322,2013,289.39
95,2,27,322,2014,290.12
95,2,27,322,2015,289.87
95,2,27,322,2016,285.32
95,3,22,322,1990,747.71
95,3,22,322,1991,751.7
95,3,22,322,1992,759.41
95,3,22,322,1993,786.6
95,3,22,322,1994,798.83
95,3,22,322,1995,825.52
95,3,22,322,1996,841.46
95,3,22,322,1997,848.43
95,3,22,322,1998,845.27
95,3,22,322,1999,815.01
95,3,22,322,2000,767.98
95,3,22,322,2001,730.98
95,3,22,322,2002,700.89
95,3,22,322,2003,674.29
95,3,22,322,2004,639.74
95,3,22,322,2005,616.65
95,3,22,322,2006,591.22
95,3,22,322,2007,576.19
95,3,22,322,2008,563.71
95,3,22,322,2009,548.73
95,3,22,322,2010,543.18
95,3,22,322,2011,544.24
95,3,22,322,2012,552.63
95,3,22,322,2013,559.76
95,3,22,322,2014,569.27
95,3,22,322,2015,578.46
95,3,22,322,2016,577.27
95,3,27,322,1990,557.02
95,3,27,322,1991,551.04
95,3,27,322,1992,548.73
95,3,27,322,1993,563.72
95,3,27,322,1994,568.31
95,3,27,322,1995,581.48
95,3,27,322,1996,588.42
95,3,27,322,1997,589.85
95,3,27,322,1998,586.07
95,3,27,322,1999,564.44
95,3,27,322,2000,529.32
95,3,27,322,2001,497.91
95,3,27,322,2002,473.96
95,3,27,322,2003,455.35
95,3,27,322,2004,431.34
95,3,27,322,2005,413.21
95,3,27,322,2006,393.58
95,3,27,322,2007,380.17
95,3,27,322,2008,369.13
95,3,27,322,2009,356.08
95,3,27,322,2010,347.78
95,3,27,322,2011,343.21
95,3,27,322,2012,342.06
95,3,27,322,2013,341.16
95,3,27,322,2014,342.68
95,3,27,322,2015,343.87
95,3,27,322,2016,339.85
97,1,22,322,1990,1042.06
97,1,22,322,1991,1035.96
97,1,22,322,1992,1029.46
97,1,22,322,1993,1015.73
97,1,22,322,1994,1000.04
97,1,22,322,1995,1005.55
97,1,22,322,1996,1013.37
97,1,22,322,1997,1020.43
97,1,22,322,1998,1038.78
97,1,22,322,1999,1049.91
97,1,22,322,2000,1057.38
97,1,22,322,2001,1086.39
97,1,22,322,2002,1122.88
97,1,22,322,2003,1159.13
97,1,22,322,2004,1166.2
97,1,22,322,2005,1172.63
97,1,22,322,2006,1189.32
97,1,22,322,2007,1216.61
97,1,22,322,2008,1221.6
97,1,22,322,2009,1227.9
97,1,22,322,2010,1217.97
97,1,22,322,2011,1210.35
97,1,22,322,2012,1199.72
97,1,22,322,2013,1195.71
97,1,22,322,2014,1176.67
97,1,22,322,2015,1163.22
97,1,22,322,2016,1151.59
97,1,27,322,1990,1115.65
97,1,27,322,1991,1117.28
97,1,27,322,1992,1124.13
97,1,27,322,1993,1122.58
97,1,27,322,1994,1121.82
97,1,27,322,1995,1142.28
97,1,27,322,1996,1152.96
97,1,27,322,1997,1155.93
97,1,27,322,1998,1173.23
97,1,27,322,1999,1186.59
97,1,27,322,2000,1198.13
97,1,27,322,2001,1234.37
97,1,27,322,2002,1277.81
97,1,27,322,2003,1318.41
97,1,27,322,2004,1325.05
97,1,27,322,2005,1328.52
97,1,27,322,2006,1343.99
97,1,27,322,2007,1371.34
97,1,27,322,2008,1372.14
97,1,27,322,2009,1372.65
97,1,27,322,2010,1355.27
97,1,27,322,2011,1342.41
97,1,27,322,2012,1325.94
97,1,27,322,2013,1317.06
97,1,27,322,2014,1290.37
97,1,27,322,2015,1268.37
97,1,27,322,2016,1244.98
97,2,22,322,1990,754.98
97,2,22,322,1991,746.79
97,2,22,322,1992,736.12
97,2,22,322,1993,725.21
97,2,22,322,1994,709.52
97,2,22,322,1995,710.87
97,2,22,322,1996,713.59
97,2,22,322,1997,717.46
97,2,22,322,1998,734.14
97,2,22,322,1999,742.7
97,2,22,322,2000,751.12
97,2,22,322,2001,773.71
97,2,22,322,2002,801.91
97,2,22,322,2003,831.84
97,2,22,322,2004,841.3
97,2,22,322,2005,852.6
97,2,22,322,2006,869.57
97,2,22,322,2007,898.42
97,2,22,322,2008,899.86
97,2,22,322,2009,914.37
97,2,22,322,2010,921.09
97,2,22,322,2011,918.2
97,2,22,322,2012,903.22
97,2,22,322,2013,893.34
97,2,22,322,2014,872.31
97,2,22,322,2015,861.01
97,2,22,322,2016,849.31
97,2,27,322,1990,765.2
97,2,27,322,1991,759.49
97,2,27,322,1992,754.37
97,2,27,322,1993,746.97
97,2,27,322,1994,735.91
97,2,27,322,1995,738.4
97,2,27,322,1996,732.55
97,2,27,322,1997,720.07
97,2,27,322,1998,720.95
97,2,27,322,1999,716.63
97,2,27,322,2000,716.14
97,2,27,322,2001,732.44
97,2,27,322,2002,753.45
97,2,27,322,2003,774.04
97,2,27,322,2004,774.45
97,2,27,322,2005,776.7
97,2,27,322,2006,786.52
97,2,27,322,2007,805.33
97,2,27,322,2008,801.58
97,2,27,322,2009,809.48
97,2,27,322,2010,806.76
97,2,27,322,2011,798.95
97,2,27,322,2012,780.59
97,2,27,322,2013,768.28
97,2,27,322,2014,746.46
97,2,27,322,2015,730.45
97,2,27,322,2016,713.68
97,3,22,322,1990,895.67
97,3,22,322,1991,888.46
97,3,22,322,1992,879.8
97,3,22,322,1993,867.48
97,3,22,322,1994,851.76
97,3,22,322,1995,855.13
97,3,22,322,1996,860.3
97,3,22,322,1997,865.7
97,3,22,322,1998,883.17
97,3,22,322,1999,892.97
97,3,22,322,2000,900.93
97,3,22,322,2001,926.65
97,3,22,322,2002,958.9
97,3,22,322,2003,991.92
97,3,22,322,2004,1000.21
97,3,22,322,2005,1009.13
97,3,22,322,2006,1025.95
97,3,22,322,2007,1054.03
97,3,22,322,2008,1057.21
97,3,22,322,2009,1067.73
97,3,22,322,2010,1066.32
97,3,22,322,2011,1061.11
97,3,22,322,2012,1048.26
97,3,22,322,2013,1041.26
97,3,22,322,2014,1021.21
97,3,22,322,2015,1008.88
97,3,22,322,2016,997.23
97,3,27,322,1990,924.1
97,3,27,322,1991,921.4
97,3,27,322,1992,921.45
97,3,27,322,1993,916.09
97,3,27,322,1994,908.77
97,3,27,322,1995,918.19
97,3,27,322,1996,918.5
97,3,27,322,1997,912.24
97,3,27,322,1998,919.31
97,3,27,322,1999,922.39
97,3,27,322,2000,926.07
97,3,27,322,2001,950.33
97,3,27,322,2002,980.77
97,3,27,322,2003,1009.51
97,3,27,322,2004,1012.3
97,3,27,322,2005,1015.17
97,3,27,322,2006,1027.16
97,3,27,322,2007,1049.46
97,3,27,322,2008,1047.24
97,3,27,322,2009,1051.84
97,3,27,322,2010,1043.37
97,3,27,322,2011,1033.11
97,3,27,322,2012,1015
97,3,27,322,2013,1003.74
97,3,27,322,2014,979.06
97,3,27,322,2015,960.64
97,3,27,322,2016,941.77
98,1,22,322,1990,1696.72
98,1,22,322,1991,1533.39
98,1,22,322,1992,1390.3
98,1,22,322,1993,1289.79
98,1,22,322,1994,1208.67
98,1,22,322,1995,1148.99
98,1,22,322,1996,1079.58
98,1,22,322,1997,977.93
98,1,22,322,1998,874.08
98,1,22,322,1999,773.26
98,1,22,322,2000,671.79
98,1,22,322,2001,604.34
98,1,22,322,2002,542.26
98,1,22,322,2003,496.52
98,1,22,322,2004,463.54
98,1,22,322,2005,435.36
98,1,22,322,2006,414.34
98,1,22,322,2007,403.49
98,1,22,322,2008,395.54
98,1,22,322,2009,397.61
98,1,22,322,2010,397.15
98,1,22,322,2011,388.34
98,1,22,322,2012,387.01
98,1,22,322,2013,390.52
98,1,22,322,2014,389.66
98,1,22,322,2015,396.76
98,1,22,322,2016,405.93
98,1,27,322,1990,1966.87
98,1,27,322,1991,1812.61
98,1,27,322,1992,1681.1
98,1,27,322,1993,1594.6
98,1,27,322,1994,1522.59
98,1,27,322,1995,1467.65
98,1,27,322,1996,1388.58
98,1,27,322,1997,1266.14
98,1,27,322,1998,1134.19
98,1,27,322,1999,1001.55
98,1,27,322,2000,866.55
98,1,27,322,2001,774.79
98,1,27,322,2002,691.99
98,1,27,322,2003,628.09
98,1,27,322,2004,580.92
98,1,27,322,2005,538.73
98,1,27,322,2006,506.56
98,1,27,322,2007,486.66
98,1,27,322,2008,468.08
98,1,27,322,2009,462.87
98,1,27,322,2010,455.83
98,1,27,322,2011,439.4
98,1,27,322,2012,431.69
98,1,27,322,2013,428.91
98,1,27,322,2014,420.82
98,1,27,322,2015,421
98,1,27,322,2016,422.1
98,2,22,322,1990,1121.11
98,2,22,322,1991,1024.65
98,2,22,322,1992,939.99
98,2,22,322,1993,886.38
98,2,22,322,1994,830.96
98,2,22,322,1995,782.93
98,2,22,322,1996,730.09
98,2,22,322,1997,662.81
98,2,22,322,1998,605.27
98,2,22,322,1999,536.42
98,2,22,322,2000,471.95
98,2,22,322,2001,423.84
98,2,22,322,2002,378.37
98,2,22,322,2003,352.29
98,2,22,322,2004,335.49
98,2,22,322,2005,317.9
98,2,22,322,2006,300.72
98,2,22,322,2007,291.52
98,2,22,322,2008,283.1
98,2,22,322,2009,283.76
98,2,22,322,2010,284.57
98,2,22,322,2011,279.1
98,2,22,322,2012,280.76
98,2,22,322,2013,280
98,2,22,322,2014,277.56
98,2,22,322,2015,280.27
98,2,22,322,2016,284.49
98,2,27,322,1990,1190.73
98,2,27,322,1991,1101.7
98,2,27,322,1992,1024.31
98,2,27,322,1993,976.46
98,2,27,322,1994,923.7
98,2,27,322,1995,874.85
98,2,27,322,1996,817.35
98,2,27,322,1997,742.07
98,2,27,322,1998,674.63
98,2,27,322,1999,594.1
98,2,27,322,2000,518.26
98,2,27,322,2001,460.66
98,2,27,322,2002,406.1
98,2,27,322,2003,371.45
98,2,27,322,2004,348
98,2,27,322,2005,324.11
98,2,27,322,2006,301.89
98,2,27,322,2007,287.71
98,2,27,322,2008,273.96
98,2,27,322,2009,268.88
98,2,27,322,2010,263.03
98,2,27,322,2011,252.77
98,2,27,322,2012,248.4
98,2,27,322,2013,242.68
98,2,27,322,2014,234.94
98,2,27,322,2015,231.69
98,2,27,322,2016,229.66
98,3,22,322,1990,1405.02
98,3,22,322,1991,1275.59
98,3,22,322,1992,1162.13
98,3,22,322,1993,1085.4
98,3,22,322,1994,1017.31
98,3,22,322,1995,963.54
98,3,22,322,1996,902.53
98,3,22,322,1997,818.29
98,3,22,322,1998,737.9
98,3,22,322,1999,653.27
98,3,22,322,2000,570.55
98,3,22,322,2001,512.89
98,3,22,322,2002,459.22
98,3,22,322,2003,423.44
98,3,22,322,2004,398.65
98,3,22,322,2005,375.84
98,3,22,322,2006,356.76
98,3,22,322,2007,346.75
98,3,22,322,2008,338.55
98,3,22,322,2009,339.91
98,3,22,322,2010,340.1
98,3,22,322,2011,332.98
98,3,22,322,2012,333.17
98,3,22,322,2013,334.52
98,3,22,322,2014,332.87
98,3,22,322,2015,337.75
98,3,22,322,2016,344.42
98,3,27,322,1990,1553.39
98,3,27,322,1991,1431.85
98,3,27,322,1992,1326.82
98,3,27,322,1993,1259.24
98,3,27,322,1994,1196.62
98,3,27,322,1995,1144.03
98,3,27,322,1996,1076.27
98,3,27,322,1997,978.72
98,3,27,322,1998,881.48
98,3,27,322,1999,777.38
98,3,27,322,2000,674.95
98,3,27,322,2001,602.76
98,3,27,322,2002,535.37
98,3,27,322,2003,487.42
98,3,27,322,2004,453.18
98,3,27,322,2005,421.3
98,3,27,322,2006,394.22
98,3,27,322,2007,377.28
98,3,27,322,2008,361.43
98,3,27,322,2009,356.04
98,3,27,322,2010,349.25
98,3,27,322,2011,336.04
98,3,27,322,2012,330.03
98,3,27,322,2013,325.33
98,3,27,322,2014,317.29
98,3,27,322,2015,315.52
98,3,27,322,2016,314.96
99,1,22,322,1990,924.76
99,1,22,322,1991,950.29
99,1,22,322,1992,934.35
99,1,22,322,1993,964.79
99,1,22,322,1994,952.4
99,1,22,322,1995,971.15
99,1,22,322,1996,991.52
99,1,22,322,1997,953.46
99,1,22,322,1998,943.29
99,1,22,322,1999,902.36
99,1,22,322,2000,867.15
99,1,22,322,2001,861.9
99,1,22,322,2002,859.61
99,1,22,322,2003,889.32
99,1,22,322,2004,864.38
99,1,22,322,2005,820.79
99,1,22,322,2006,810.5
99,1,22,322,2007,827.43
99,1,22,322,2008,800.46
99,1,22,322,2009,776.53
99,1,22,322,2010,775.7
99,1,22,322,2011,776.81
99,1,22,322,2012,772.6
99,1,22,322,2013,742.69
99,1,22,322,2014,720.18
99,1,22,322,2015,715.38
99,1,22,322,2016,714.45
99,1,27,322,1990,976.96
99,1,27,322,1991,992.38
99,1,27,322,1992,964.43
99,1,27,322,1993,986.07
99,1,27,322,1994,966.75
99,1,27,322,1995,982.89
99,1,27,322,1996,1003.05
99,1,27,322,1997,967.63
99,1,27,322,1998,961.36
99,1,27,322,1999,922.27
99,1,27,322,2000,888.17
99,1,27,322,2001,882.82
99,1,27,322,2002,881.4
99,1,27,322,2003,913.89
99,1,27,322,2004,885.91
99,1,27,322,2005,833.67
99,1,27,322,2006,819.63
99,1,27,322,2007,835.53
99,1,27,322,2008,803.81
99,1,27,322,2009,770.94
99,1,27,322,2010,762.71
99,1,27,322,2011,760.29
99,1,27,322,2012,751.83
99,1,27,322,2013,715.36
99,1,27,322,2014,686.14
99,1,27,322,2015,675.06
99,1,27,322,2016,667.86
99,2,22,322,1990,642.96
99,2,22,322,1991,613.45
99,2,22,322,1992,623.51
99,2,22,322,1993,650.1
99,2,22,322,1994,639.61
99,2,22,322,1995,653.69
99,2,22,322,1996,662.54
99,2,22,322,1997,667.46
99,2,22,322,1998,672.12
99,2,22,322,1999,666.13
99,2,22,322,2000,644.84
99,2,22,322,2001,654.12
99,2,22,322,2002,664.32
99,2,22,322,2003,692.63
99,2,22,322,2004,672.18
99,2,22,322,2005,653.43
99,2,22,322,2006,646.11
99,2,22,322,2007,655.12
99,2,22,322,2008,629.14
99,2,22,322,2009,608.28
99,2,22,322,2010,607.88
99,2,22,322,2011,606.46
99,2,22,322,2012,598.56
99,2,22,322,2013,588.56
99,2,22,322,2014,566.38
99,2,22,322,2015,565.55
99,2,22,322,2016,564.47
99,2,27,322,1990,651.9
99,2,27,322,1991,605.8
99,2,27,322,1992,605.12
99,2,27,322,1993,622.34
99,2,27,322,1994,601.63
99,2,27,322,1995,605.85
99,2,27,322,1996,606.81
99,2,27,322,1997,603.75
99,2,27,322,1998,599.16
99,2,27,322,1999,584.86
99,2,27,322,2000,562.84
99,2,27,322,2001,569.51
99,2,27,322,2002,579.24
99,2,27,322,2003,605.85
99,2,27,322,2004,574.81
99,2,27,322,2005,546.82
99,2,27,322,2006,534.11
99,2,27,322,2007,535.95
99,2,27,322,2008,508.95
99,2,27,322,2009,479.25
99,2,27,322,2010,466.23
99,2,27,322,2011,457.89
99,2,27,322,2012,442.04
99,2,27,322,2013,429.38
99,2,27,322,2014,404.48
99,2,27,322,2015,396.19
99,2,27,322,2016,390.43
99,3,22,322,1990,779.55
99,3,22,322,1991,776.63
99,3,22,322,1992,774.06
99,3,22,322,1993,802.51
99,3,22,322,1994,791.11
99,3,22,322,1995,807.47
99,3,22,322,1996,821.88
99,3,22,322,1997,805.96
99,3,22,322,1998,803.42
99,3,22,322,1999,780.5
99,3,22,322,2000,752.45
99,3,22,322,2001,754.64
99,3,22,322,2002,758.75
99,3,22,322,2003,787.65
99,3,22,322,2004,764.97
99,3,22,322,2005,734.18
99,3,22,322,2006,725.4
99,3,22,322,2007,738.22
99,3,22,322,2008,711.75
99,3,22,322,2009,689.41
99,3,22,322,2010,688.82
99,3,22,322,2011,688.6
99,3,22,322,2012,682.48
99,3,22,322,2013,662.9
99,3,22,322,2014,640.59
99,3,22,322,2015,637.88
99,3,22,322,2016,636.91
99,3,27,322,1990,802.16
99,3,27,322,1991,784.92
99,3,27,322,1992,770.49
99,3,27,322,1993,789.84
99,3,27,322,1994,769.47
99,3,27,322,1995,778.33
99,3,27,322,1996,788.68
99,3,27,322,1997,769.31
99,3,27,322,1998,762.81
99,3,27,322,1999,735.63
99,3,27,322,2000,706.95
99,3,27,322,2001,706.88
99,3,27,322,2002,710.65
99,3,27,322,2003,738.44
99,3,27,322,2004,709.06
99,3,27,322,2005,668.89
99,3,27,322,2006,655.66
99,3,27,322,2007,664.25
99,3,27,322,2008,635.29
99,3,27,322,2009,604.29
99,3,27,322,2010,593.31
99,3,27,322,2011,588
99,3,27,322,2012,576.19
99,3,27,322,2013,551.98
99,3,27,322,2014,524.65
99,3,27,322,2015,514.87
99,3,27,322,2016,508.62
101,1,22,322,1990,332.78
101,1,22,322,1991,331.95
101,1,22,322,1992,330.98
101,1,22,322,1993,333.6
101,1,22,322,1994,335
101,1,22,322,1995,334.49
101,1,22,322,1996,328.03
101,1,22,322,1997,319.96
101,1,22,322,1998,311.59
101,1,22,322,1999,299.16
101,1,22,322,2000,286.27
101,1,22,322,2001,276.83
101,1,22,322,2002,270.32
101,1,22,322,2003,267.15
101,1,22,322,2004,265.01
101,1,22,322,2005,265.06
101,1,22,322,2006,264.85
101,1,22,322,2007,268.16
101,1,22,322,2008,269.12
101,1,22,322,2009,268.17
101,1,22,322,2010,266.92
101,1,22,322,2011,266.3
101,1,22,322,2012,266.5
101,1,22,322,2013,266.8
101,1,22,322,2014,270.04
101,1,22,322,2015,275.28
101,1,22,322,2016,277.36
101,1,27,322,1990,377.5
101,1,27,322,1991,372.78
101,1,27,322,1992,368.04
101,1,27,322,1993,367.48
101,1,27,322,1994,365.59
101,1,27,322,1995,361.02
101,1,27,322,1996,349.95
101,1,27,322,1997,337.26
101,1,27,322,1998,324.22
101,1,27,322,1999,307.51
101,1,27,322,2000,289.94
101,1,27,322,2001,276.03
101,1,27,322,2002,265.03
101,1,27,322,2003,257.05
101,1,27,322,2004,250.53
101,1,27,322,2005,246.04
101,1,27,322,2006,240.69
101,1,27,322,2007,238.69
101,1,27,322,2008,234.73
101,1,27,322,2009,229.46
101,1,27,322,2010,223.93
101,1,27,322,2011,218.78
101,1,27,322,2012,215.35
101,1,27,322,2013,212.26
101,1,27,322,2014,211.48
101,1,27,322,2015,212.33
101,1,27,322,2016,210.88
101,2,22,322,1990,253.61
101,2,22,322,1991,255.92
101,2,22,322,1992,258.88
101,2,22,322,1993,266.7
101,2,22,322,1994,271.14
101,2,22,322,1995,274.37
101,2,22,322,1996,275.05
101,2,22,322,1997,274.83
101,2,22,322,1998,271.86
101,2,22,322,1999,263.62
101,2,22,322,2000,257.11
101,2,22,322,2001,253.22
101,2,22,322,2002,249.61
101,2,22,322,2003,247.47
101,2,22,322,2004,246
101,2,22,322,2005,245.18
101,2,22,322,2006,244.4
101,2,22,322,2007,246.27
101,2,22,322,2008,246.27
101,2,22,322,2009,246.09
101,2,22,322,2010,246.69
101,2,22,322,2011,247.6
101,2,22,322,2012,249.22
101,2,22,322,2013,249.23
101,2,22,322,2014,250.89
101,2,22,322,2015,254.14
101,2,22,322,2016,253.57
101,2,27,322,1990,221.34
101,2,27,322,1991,219.43
101,2,27,322,1992,218.5
101,2,27,322,1993,221.77
101,2,27,322,1994,221.7
101,2,27,322,1995,221
101,2,27,322,1996,218.44
101,2,27,322,1997,215.23
101,2,27,322,1998,209.87
101,2,27,322,1999,200.8
101,2,27,322,2000,192.07
101,2,27,322,2001,186.73
101,2,27,322,2002,181.71
101,2,27,322,2003,177.68
101,2,27,322,2004,173.96
101,2,27,322,2005,170.93
101,2,27,322,2006,167.47
101,2,27,322,2007,166.07
101,2,27,322,2008,163.4
101,2,27,322,2009,161.42
101,2,27,322,2010,159.18
101,2,27,322,2011,156.98
101,2,27,322,2012,156.35
101,2,27,322,2013,155.09
101,2,27,322,2014,154.23
101,2,27,322,2015,154.33
101,2,27,322,2016,152.37
101,3,22,322,1990,292.86
101,3,22,322,1991,293.61
101,3,22,322,1992,294.61
101,3,22,322,1993,299.83
101,3,22,322,1994,302.76
101,3,22,322,1995,304.13
101,3,22,322,1996,301.27
101,3,22,322,1997,297.17
101,3,22,322,1998,291.53
101,3,22,322,1999,281.21
101,3,22,322,2000,271.55
101,3,22,322,2001,264.91
101,3,22,322,2002,259.87
101,3,22,322,2003,257.22
101,3,22,322,2004,255.42
101,3,22,322,2005,255.03
101,3,22,322,2006,254.54
101,3,22,322,2007,257.12
101,3,22,322,2008,257.59
101,3,22,322,2009,257.03
101,3,22,322,2010,256.71
101,3,22,322,2011,256.86
101,3,22,322,2012,257.78
101,3,22,322,2013,257.93
101,3,22,322,2014,260.38
101,3,22,322,2015,264.61
101,3,22,322,2016,265.36
101,3,27,322,1990,286.01
101,3,27,322,1991,282.77
101,3,27,322,1992,280.06
101,3,27,322,1993,281.69
101,3,27,322,1994,280.99
101,3,27,322,1995,278.56
101,3,27,322,1996,272.4
101,3,27,322,1997,265.39
101,3,27,322,1998,256.89
101,3,27,322,1999,244.83
101,3,27,322,2000,232.78
101,3,27,322,2001,224.04
101,3,27,322,2002,216.66
101,3,27,322,2003,211.19
101,3,27,322,2004,206.56
101,3,27,322,2005,203.05
101,3,27,322,2006,198.87
101,3,27,322,2007,197.35
101,3,27,322,2008,194.18
101,3,27,322,2009,190.82
101,3,27,322,2010,187.27
101,3,27,322,2011,183.93
101,3,27,322,2012,182.3
101,3,27,322,2013,180.45
101,3,27,322,2014,179.67
101,3,27,322,2015,180.13
101,3,27,322,2016,178.41
102,1,22,322,1990,492.46
102,1,22,322,1991,487.26
102,1,22,322,1992,479.08
102,1,22,322,1993,478.09
102,1,22,322,1994,472.58
102,1,22,322,1995,465.21
102,1,22,322,1996,452.98
102,1,22,322,1997,439.59
102,1,22,322,1998,434.13
102,1,22,322,1999,428.72
102,1,22,322,2000,422.05
102,1,22,322,2001,418.49
102,1,22,322,2002,418.64
102,1,22,322,2003,417.51
102,1,22,322,2004,413.56
102,1,22,322,2005,413.48
102,1,22,322,2006,412.02
102,1,22,322,2007,411.51
102,1,22,322,2008,412.33
102,1,22,322,2009,411.25
102,1,22,322,2010,412.17
102,1,22,322,2011,416.38
102,1,22,322,2012,421.81
102,1,22,322,2013,429.89
102,1,22,322,2014,436.31
102,1,22,322,2015,442.17
102,1,22,322,2016,448.94
102,1,27,322,1990,510.04
102,1,27,322,1991,502.76
102,1,27,322,1992,493.03
102,1,27,322,1993,490.69
102,1,27,322,1994,483.65
102,1,27,322,1995,474.04
102,1,27,322,1996,459.74
102,1,27,322,1997,443.92
102,1,27,322,1998,436.01
102,1,27,322,1999,428.01
102,1,27,322,2000,418.98
102,1,27,322,2001,412.51
102,1,27,322,2002,409.07
102,1,27,322,2003,403.71
102,1,27,322,2004,395.37
102,1,27,322,2005,390.87
102,1,27,322,2006,384.64
102,1,27,322,2007,379.26
102,1,27,322,2008,375.13
102,1,27,322,2009,369.11
102,1,27,322,2010,364.32
102,1,27,322,2011,362.56
102,1,27,322,2012,361.4
102,1,27,322,2013,362.34
102,1,27,322,2014,363.29
102,1,27,322,2015,364.33
102,1,27,322,2016,365.47
102,2,22,322,1990,357.48
102,2,22,322,1991,356.25
102,2,22,322,1992,354.28
102,2,22,322,1993,359.27
102,2,22,322,1994,360.41
102,2,22,322,1995,362.52
102,2,22,322,1996,361.56
102,2,22,322,1997,360.4
102,2,22,322,1998,363.39
102,2,22,322,1999,366.41
102,2,22,322,2000,364.45
102,2,22,322,2001,365.14
102,2,22,322,2002,366.9
102,2,22,322,2003,367.16
102,2,22,322,2004,364.49
102,2,22,322,2005,365.12
102,2,22,322,2006,364.58
102,2,22,322,2007,365.02
102,2,22,322,2008,367.01
102,2,22,322,2009,365.26
102,2,22,322,2010,365.69
102,2,22,322,2011,369.22
102,2,22,322,2012,372.79
102,2,22,322,2013,378.11
102,2,22,322,2014,382.99
102,2,22,322,2015,385.49
102,2,22,322,2016,389.53
102,2,27,322,1990,297.14
102,2,27,322,1991,294.1
102,2,27,322,1992,290.26
102,2,27,322,1993,292.37
102,2,27,322,1994,291.23
102,2,27,322,1995,290.77
102,2,27,322,1996,288.22
102,2,27,322,1997,285.93
102,2,27,322,1998,286.65
102,2,27,322,1999,286.64
102,2,27,322,2000,283.86
102,2,27,322,2001,283.53
102,2,27,322,2002,283.79
102,2,27,322,2003,283
102,2,27,322,2004,279.76
102,2,27,322,2005,278.77
102,2,27,322,2006,276.43
102,2,27,322,2007,274.92
102,2,27,322,2008,274.36
102,2,27,322,2009,271.22
102,2,27,322,2010,268.04
102,2,27,322,2011,267.88
102,2,27,322,2012,267.56
102,2,27,322,2013,268.56
102,2,27,322,2014,269.97
102,2,27,322,2015,270.16
102,2,27,322,2016,270.5
102,3,22,322,1990,423.27
102,3,22,322,1991,420.16
102,3,22,322,1992,415.22
102,3,22,322,1993,417.32
102,3,22,322,1994,415.24
102,3,22,322,1995,412.74
102,3,22,322,1996,406.3
102,3,22,322,1997,399.17
102,3,22,322,1998,398.05
102,3,22,322,1999,396.96
102,3,22,322,2000,392.71
102,3,22,322,2001,391.34
102,3,22,322,2002,392.31
102,3,22,322,2003,391.89
102,3,22,322,2004,388.6
102,3,22,322,2005,388.89
102,3,22,322,2006,387.9
102,3,22,322,2007,387.88
102,3,22,322,2008,389.3
102,3,22,322,2009,387.88
102,3,22,322,2010,388.55
102,3,22,322,2011,392.42
102,3,22,322,2012,396.91
102,3,22,322,2013,403.6
102,3,22,322,2014,409.24
102,3,22,322,2015,413.4
102,3,22,322,2016,418.78
102,3,27,322,1990,386.37
102,3,27,322,1991,381.55
102,3,27,322,1992,375.13
102,3,27,322,1993,375.29
102,3,27,322,1994,371.65
102,3,27,322,1995,367.15
102,3,27,322,1996,359.78
102,3,27,322,1997,351.87
102,3,27,322,1998,349.09
102,3,27,322,1999,345.87
102,3,27,322,2000,340.83
102,3,27,322,2001,338.22
102,3,27,322,2002,337.25
102,3,27,322,2003,334.86
102,3,27,322,2004,329.71
102,3,27,322,2005,327.51
102,3,27,322,2006,323.79
102,3,27,322,2007,320.82
102,3,27,322,2008,318.84
102,3,27,322,2009,314.55
102,3,27,322,2010,310.84
102,3,27,322,2011,310.18
102,3,27,322,2012,309.69
102,3,27,322,2013,310.82
102,3,27,322,2014,312.07
102,3,27,322,2015,312.85
102,3,27,322,2016,313.63
105,1,22,322,1990,928.66
105,1,22,322,1991,892.86
105,1,22,322,1992,874.85
105,1,22,322,1993,869.99
105,1,22,322,1994,857.17
105,1,22,322,1995,863.98
105,1,22,322,1996,873.01
105,1,22,322,1997,867.01
105,1,22,322,1998,865.11
105,1,22,322,1999,857.82
105,1,22,322,2000,842.29
105,1,22,322,2001,840.11
105,1,22,322,2002,831.97
105,1,22,322,2003,817.58
105,1,22,322,2004,819.64
105,1,22,322,2005,806.02
105,1,22,322,2006,785.69
105,1,22,322,2007,785.58
105,1,22,322,2008,773.82
105,1,22,322,2009,760.83
105,1,22,322,2010,760.22
105,1,22,322,2011,763.38
105,1,22,322,2012,765.55
105,1,22,322,2013,757.18
105,1,22,322,2014,757.89
105,1,22,322,2015,748.9
105,1,22,322,2016,743.25
105,1,27,322,1990,1167.87
105,1,27,322,1991,1127.27
105,1,27,322,1992,1108.77
105,1,27,322,1993,1101.1
105,1,27,322,1994,1084.49
105,1,27,322,1995,1084.02
105,1,27,322,1996,1082.98
105,1,27,322,1997,1059.1
105,1,27,322,1998,1045.06
105,1,27,322,1999,1032.39
105,1,27,322,2000,1023.27
105,1,27,322,2001,1004.48
105,1,27,322,2002,985.06
105,1,27,322,2003,963.74
105,1,27,322,2004,964.71
105,1,27,322,2005,947.57
105,1,27,322,2006,932.05
105,1,27,322,2007,931.95
105,1,27,322,2008,923.53
105,1,27,322,2009,911.67
105,1,27,322,2010,914.66
105,1,27,322,2011,919.91
105,1,27,322,2012,921.93
105,1,27,322,2013,908.08
105,1,27,322,2014,907.26
105,1,27,322,2015,892.67
105,1,27,322,2016,879.1
105,2,22,322,1990,700.87
105,2,22,322,1991,677.59
105,2,22,322,1992,665.6
105,2,22,322,1993,670.57
105,2,22,322,1994,666.46
105,2,22,322,1995,660.4
105,2,22,322,1996,654.74
105,2,22,322,1997,637.25
105,2,22,322,1998,617.41
105,2,22,322,1999,611.91
105,2,22,322,2000,589.25
105,2,22,322,2001,593.68
105,2,22,322,2002,594.97
105,2,22,322,2003,585.97
105,2,22,322,2004,583.25
105,2,22,322,2005,572.13
105,2,22,322,2006,556.02
105,2,22,322,2007,545.19
105,2,22,322,2008,535.07
105,2,22,322,2009,517.79
105,2,22,322,2010,516.34
105,2,22,322,2011,513.49
105,2,22,322,2012,511.01
105,2,22,322,2013,510.17
105,2,22,322,2014,516.89
105,2,22,322,2015,514.95
105,2,22,322,2016,513.73
105,2,27,322,1990,760.09
105,2,27,322,1991,736.42
105,2,27,322,1992,724.48
105,2,27,322,1993,732.71
105,2,27,322,1994,731.34
105,2,27,322,1995,727.71
105,2,27,322,1996,728.12
105,2,27,322,1997,713.17
105,2,27,322,1998,699.11
105,2,27,322,1999,700.79
105,2,27,322,2000,682.85
105,2,27,322,2001,684.15
105,2,27,322,2002,683.39
105,2,27,322,2003,670.44
105,2,27,322,2004,666.53
105,2,27,322,2005,653.8
105,2,27,322,2006,634.87
105,2,27,322,2007,622.81
105,2,27,322,2008,611.91
105,2,27,322,2009,594.45
105,2,27,322,2010,593.85
105,2,27,322,2011,591.76
105,2,27,322,2012,588.76
105,2,27,322,2013,586.07
105,2,27,322,2014,589.2
105,2,27,322,2015,584.19
105,2,27,322,2016,578.27
105,3,22,322,1990,810.91
105,3,22,322,1991,781.69
105,3,22,322,1992,767.03
105,3,22,322,1993,767.45
105,3,22,322,1994,759.15
105,3,22,322,1995,759.14
105,3,22,322,1996,759.98
105,3,22,322,1997,747.07
105,3,22,322,1998,734.72
105,3,22,322,1999,727.52
105,3,22,322,2000,707.74
105,3,22,322,2001,709.21
105,3,22,322,2002,706.56
105,3,22,322,2003,695.64
105,3,22,322,2004,695.77
105,3,22,322,2005,683.88
105,3,22,322,2006,665.99
105,3,22,322,2007,660.31
105,3,22,322,2008,649.28
105,3,22,322,2009,633.9
105,3,22,322,2010,632.79
105,3,22,322,2011,632.76
105,3,22,322,2012,632.51
105,3,22,322,2013,628.12
105,3,22,322,2014,632.03
105,3,22,322,2015,626.75
105,3,22,322,2016,623.44
105,3,27,322,1990,941.84
105,3,27,322,1991,910.36
105,3,27,322,1992,895.37
105,3,27,322,1993,896.93
105,3,27,322,1994,887.82
105,3,27,322,1995,886.03
105,3,27,322,1996,887.49
105,3,27,322,1997,869.62
105,3,27,322,1998,855.58
105,3,27,322,1999,850.97
105,3,27,322,2000,837.11
105,3,27,322,2001,830.5
105,3,27,322,2002,823
105,3,27,322,2003,807.56
105,3,27,322,2004,807.49
105,3,27,322,2005,793.99
105,3,27,322,2006,776.58
105,3,27,322,2007,770.04
105,3,27,322,2008,759.55
105,3,27,322,2009,744.21
105,3,27,322,2010,744.68
105,3,27,322,2011,745.48
105,3,27,322,2012,744.65
105,3,27,322,2013,737.49
105,3,27,322,2014,738.83
105,3,27,322,2015,729.07
105,3,27,322,2016,719.33
106,1,22,322,1990,1293.13
106,1,22,322,1991,1205.08
106,1,22,322,1992,1123.51
106,1,22,322,1993,1075.72
106,1,22,322,1994,1065.8
106,1,22,322,1995,1034.59
106,1,22,322,1996,973.53
106,1,22,322,1997,981.67
106,1,22,322,1998,975.4
106,1,22,322,1999,891.24
106,1,22,322,2000,867.97
106,1,22,322,2001,842.58
106,1,22,322,2002,875.34
106,1,22,322,2003,870.03
106,1,22,322,2004,846.71
106,1,22,322,2005,875.79
106,1,22,322,2006,834.09
106,1,22,322,2007,849.85
106,1,22,322,2008,861.53
106,1,22,322,2009,868.45
106,1,22,322,2010,854.67
106,1,22,322,2011,859.48
106,1,22,322,2012,878.04
106,1,22,322,2013,899.06
106,1,22,322,2014,892.33
106,1,22,322,2015,891.25
106,1,22,322,2016,901.33
106,1,27,322,1990,1591.55
106,1,27,322,1991,1494.47
106,1,27,322,1992,1409.97
106,1,27,322,1993,1357.3
106,1,27,322,1994,1339.73
106,1,27,322,1995,1325.64
106,1,27,322,1996,1266.52
106,1,27,322,1997,1268.6
106,1,27,322,1998,1253.4
106,1,27,322,1999,1158.66
106,1,27,322,2000,1123.31
106,1,27,322,2001,1091.17
106,1,27,322,2002,1108.98
106,1,27,322,2003,1082.12
106,1,27,322,2004,1037.53
106,1,27,322,2005,1049
106,1,27,322,2006,998.99
106,1,27,322,2007,1005.86
106,1,27,322,2008,1008.67
106,1,27,322,2009,1007.57
106,1,27,322,2010,989.61
106,1,27,322,2011,986.63
106,1,27,322,2012,998.29
106,1,27,322,2013,1008.83
106,1,27,322,2014,992.92
106,1,27,322,2015,983.22
106,1,27,322,2016,984.11
106,2,22,322,1990,984.96
106,2,22,322,1991,931.96
106,2,22,322,1992,883.77
106,2,22,322,1993,861.78
106,2,22,322,1994,856.77
106,2,22,322,1995,811.04
106,2,22,322,1996,719.59
106,2,22,322,1997,729.55
106,2,22,322,1998,707.97
106,2,22,322,1999,659.82
106,2,22,322,2000,628.04
106,2,22,322,2001,626.3
106,2,22,322,2002,658.75
106,2,22,322,2003,634.99
106,2,22,322,2004,612.53
106,2,22,322,2005,626.48
106,2,22,322,2006,597.78
106,2,22,322,2007,597.85
106,2,22,322,2008,603.9
106,2,22,322,2009,593.95
106,2,22,322,2010,603.65
106,2,22,322,2011,602.96
106,2,22,322,2012,632.32
106,2,22,322,2013,629.94
106,2,22,322,2014,637.5
106,2,22,322,2015,641.29
106,2,22,322,2016,654.36
106,2,27,322,1990,1073.21
106,2,27,322,1991,1021.11
106,2,27,322,1992,975.47
106,2,27,322,1993,953.4
106,2,27,322,1994,945.87
106,2,27,322,1995,904.55
106,2,27,322,1996,822.16
106,2,27,322,1997,832.83
106,2,27,322,1998,816.27
106,2,27,322,1999,778.03
106,2,27,322,2000,749.07
106,2,27,322,2001,750.24
106,2,27,322,2002,781.94
106,2,27,322,2003,748.59
106,2,27,322,2004,715.23
106,2,27,322,2005,721.36
106,2,27,322,2006,686.58
106,2,27,322,2007,679.65
106,2,27,322,2008,681.47
106,2,27,322,2009,665.57
106,2,27,322,2010,668.99
106,2,27,322,2011,660.74
106,2,27,322,2012,684.66
106,2,27,322,2013,674.43
106,2,27,322,2014,673.13
106,2,27,322,2015,668.77
106,2,27,322,2016,672.92
106,3,22,322,1990,1137.97
106,3,22,322,1991,1067.53
106,3,22,322,1992,1002.72
106,3,22,322,1993,967.86
106,3,22,322,1994,960.29
106,3,22,322,1995,921.56
106,3,22,322,1996,844.81
106,3,22,322,1997,853.49
106,3,22,322,1998,839.02
106,3,22,322,1999,772.91
106,3,22,322,2000,745.06
106,3,22,322,2001,731.71
106,3,22,322,2002,764.33
106,3,22,322,2003,749.63
106,3,22,322,2004,726.84
106,3,22,322,2005,748.27
106,3,22,322,2006,713.28
106,3,22,322,2007,721.05
106,3,22,322,2008,729.88
106,3,22,322,2009,728.2
106,3,22,322,2010,726.46
106,3,22,322,2011,728.49
106,3,22,322,2012,752.59
106,3,22,322,2013,761.69
106,3,22,322,2014,762.29
106,3,22,322,2015,763.72
106,3,22,322,2016,775.35
106,3,27,322,1990,1308.33
106,3,27,322,1991,1234.74
106,3,27,322,1992,1170.12
106,3,27,322,1993,1132.73
106,3,27,322,1994,1120.41
106,3,27,322,1995,1091.11
106,3,27,322,1996,1020.67
106,3,27,322,1997,1026.47
106,3,27,322,1998,1011.88
106,3,27,322,1999,948.57
106,3,27,322,2000,917.82
106,3,27,322,2001,903.62
106,3,27,322,2002,929.3
106,3,27,322,2003,900.22
106,3,27,322,2004,862.51
106,3,27,322,2005,872.52
106,3,27,322,2006,830.75
106,3,27,322,2007,830.14
106,3,27,322,2008,833.27
106,3,27,322,2009,824.81
106,3,27,322,2010,818.42
106,3,27,322,2011,813.29
106,3,27,322,2012,832.15
106,3,27,322,2013,832.84
106,3,27,322,2014,824.76
106,3,27,322,2015,818
106,3,27,322,2016,820.86
107,1,22,322,1990,926.64
107,1,22,322,1991,919.25
107,1,22,322,1992,910.78
107,1,22,322,1993,904.35
107,1,22,322,1994,902.69
107,1,22,322,1995,911.59
107,1,22,322,1996,912.19
107,1,22,322,1997,919.63
107,1,22,322,1998,928.77
107,1,22,322,1999,938.47
107,1,22,322,2000,950.17
107,1,22,322,2001,950.37
107,1,22,322,2002,970.56
107,1,22,322,2003,983.62
107,1,22,322,2004,996.44
107,1,22,322,2005,1008.28
107,1,22,322,2006,1005.65
107,1,22,322,2007,1001.72
107,1,22,322,2008,988.82
107,1,22,322,2009,983.95
107,1,22,322,2010,982.39
107,1,22,322,2011,988.75
107,1,22,322,2012,997.43
107,1,22,322,2013,1002
107,1,22,322,2014,1012.9
107,1,22,322,2015,1026.66
107,1,22,322,2016,1040.56
107,1,27,322,1990,1088.8
107,1,27,322,1991,1073.25
107,1,27,322,1992,1059.62
107,1,27,322,1993,1045.98
107,1,27,322,1994,1041.97
107,1,27,322,1995,1041.72
107,1,27,322,1996,1030.79
107,1,27,322,1997,1026.63
107,1,27,322,1998,1026.14
107,1,27,322,1999,1025.62
107,1,27,322,2000,1028.26
107,1,27,322,2001,1020.57
107,1,27,322,2002,1030.85
107,1,27,322,2003,1034.09
107,1,27,322,2004,1038.2
107,1,27,322,2005,1042.95
107,1,27,322,2006,1031.99
107,1,27,322,2007,1019.86
107,1,27,322,2008,997.7
107,1,27,322,2009,982.91
107,1,27,322,2010,969.72
107,1,27,322,2011,965.97
107,1,27,322,2012,963.98
107,1,27,322,2013,957.14
107,1,27,322,2014,955.26
107,1,27,322,2015,956.88
107,1,27,322,2016,956.74
107,2,22,322,1990,620.87
107,2,22,322,1991,617.08
107,2,22,322,1992,610.64
107,2,22,322,1993,617.55
107,2,22,322,1994,624.49
107,2,22,322,1995,633
107,2,22,322,1996,635.8
107,2,22,322,1997,640.54
107,2,22,322,1998,648.46
107,2,22,322,1999,658.17
107,2,22,322,2000,668.34
107,2,22,322,2001,674.4
107,2,22,322,2002,694.72
107,2,22,322,2003,714.68
107,2,22,322,2004,722.64
107,2,22,322,2005,723.55
107,2,22,322,2006,714.4
107,2,22,322,2007,710.29
107,2,22,322,2008,702.7
107,2,22,322,2009,699.62
107,2,22,322,2010,700.06
107,2,22,322,2011,710.54
107,2,22,322,2012,713.77
107,2,22,322,2013,721.22
107,2,22,322,2014,739.31
107,2,22,322,2015,757.08
107,2,22,322,2016,770.45
107,2,27,322,1990,619.67
107,2,27,322,1991,615.41
107,2,27,322,1992,608.96
107,2,27,322,1993,615.93
107,2,27,322,1994,623.4
107,2,27,322,1995,631.94
107,2,27,322,1996,631.42
107,2,27,322,1997,630.96
107,2,27,322,1998,634.87
107,2,27,322,1999,640.57
107,2,27,322,2000,644.21
107,2,27,322,2001,649.52
107,2,27,322,2002,663.19
107,2,27,322,2003,674.01
107,2,27,322,2004,670.48
107,2,27,322,2005,664.66
107,2,27,322,2006,649.01
107,2,27,322,2007,638.61
107,2,27,322,2008,626.19
107,2,27,322,2009,618.05
107,2,27,322,2010,613.43
107,2,27,322,2011,616.47
107,2,27,322,2012,614.99
107,2,27,322,2013,615.89
107,2,27,322,2014,627.31
107,2,27,322,2015,635.75
107,2,27,322,2016,639.76
107,3,22,322,1990,768
107,3,22,322,1991,762.54
107,3,22,322,1992,755.14
107,3,22,322,1993,755.6
107,3,22,322,1994,758.36
107,3,22,322,1995,767.01
107,3,22,322,1996,768.69
107,3,22,322,1997,774.67
107,3,22,322,1998,783.13
107,3,22,322,1999,792.79
107,3,22,322,2000,803.66
107,3,22,322,2001,806.86
107,3,22,322,2002,827.07
107,3,22,322,2003,843.69
107,3,22,322,2004,853.98
107,3,22,322,2005,860.13
107,3,22,322,2006,854.09
107,3,22,322,2007,850.07
107,3,22,322,2008,839.94
107,3,22,322,2009,836
107,3,22,322,2010,835.49
107,3,22,322,2011,843.99
107,3,22,322,2012,849.79
107,3,22,322,2013,855.81
107,3,22,322,2014,870.41
107,3,22,322,2015,886.22
107,3,22,322,2016,899.79
107,3,27,322,1990,822.95
107,3,27,322,1991,814.23
107,3,27,322,1992,804.91
107,3,27,322,1993,802.74
107,3,27,322,1994,804.2
107,3,27,322,1995,809.23
107,3,27,322,1996,804.35
107,3,27,322,1997,802.49
107,3,27,322,1998,804.52
107,3,27,322,1999,807.43
107,3,27,322,2000,810.52
107,3,27,322,2001,809.32
107,3,27,322,2002,821.96
107,3,27,322,2003,830.23
107,3,27,322,2004,830.77
107,3,27,322,2005,830.28
107,3,27,322,2006,817.9
107,3,27,322,2007,807.91
107,3,27,322,2008,792.45
107,3,27,322,2009,782.16
107,3,27,322,2010,773.76
107,3,27,322,2011,774.22
107,3,27,322,2012,772.72
107,3,27,322,2013,770.21
107,3,27,322,2014,775.03
107,3,27,322,2015,780.26
107,3,27,322,2016,782.51
108,1,22,322,1990,2779.45
108,1,22,322,1991,2668.52
108,1,22,322,1992,2494.19
108,1,22,322,1993,2265.58
108,1,22,322,1994,2045.46
108,1,22,322,1995,1904.68
108,1,22,322,1996,1851.18
108,1,22,322,1997,1842.12
108,1,22,322,1998,1875.41
108,1,22,322,1999,1866.13
108,1,22,322,2000,1820.75
108,1,22,322,2001,1777.95
108,1,22,322,2002,1717.35
108,1,22,322,2003,1587.98
108,1,22,322,2004,1489.83
108,1,22,322,2005,1421.23
108,1,22,322,2006,1340.35
108,1,22,322,2007,1278.04
108,1,22,322,2008,1245.22
108,1,22,322,2009,1220.79
108,1,22,322,2010,1193.84
108,1,22,322,2011,1180.52
108,1,22,322,2012,1178.13
108,1,22,322,2013,1149.98
108,1,22,322,2014,1123.39
108,1,22,322,2015,1120.35
108,1,22,322,2016,1123.25
108,1,27,322,1990,2174.75
108,1,27,322,1991,2168.97
108,1,27,322,1992,2150.55
108,1,27,322,1993,2105.94
108,1,27,322,1994,2071
108,1,27,322,1995,2064.42
108,1,27,322,1996,2081.08
108,1,27,322,1997,2118.67
108,1,27,322,1998,2159.64
108,1,27,322,1999,2150.04
108,1,27,322,2000,2114.43
108,1,27,322,2001,2112.84
108,1,27,322,2002,2066.49
108,1,27,322,2003,1970.06
108,1,27,322,2004,1889.36
108,1,27,322,2005,1833.46
108,1,27,322,2006,1749.82
108,1,27,322,2007,1689.98
108,1,27,322,2008,1643.35
108,1,27,322,2009,1607.76
108,1,27,322,2010,1565.69
108,1,27,322,2011,1555.92
108,1,27,322,2012,1549.78
108,1,27,322,2013,1534.68
108,1,27,322,2014,1515.23
108,1,27,322,2015,1511.91
108,1,27,322,2016,1509.69
108,2,22,322,1990,2327.8
108,2,22,322,1991,2223.98
108,2,22,322,1992,2063.52
108,2,22,322,1993,1871.6
108,2,22,322,1994,1637.36
108,2,22,322,1995,1486.28
108,2,22,322,1996,1395.5
108,2,22,322,1997,1348.61
108,2,22,322,1998,1346.04
108,2,22,322,1999,1366.51
108,2,22,322,2000,1335.16
108,2,22,322,2001,1314.89
108,2,22,322,2002,1263.97
108,2,22,322,2003,1196.66
108,2,22,322,2004,1113.55
108,2,22,322,2005,1037.99
108,2,22,322,2006,978.43
108,2,22,322,2007,923.43
108,2,22,322,2008,905.99
108,2,22,322,2009,890
108,2,22,322,2010,862.16
108,2,22,322,2011,844.31
108,2,22,322,2012,830.01
108,2,22,322,2013,815.17
108,2,22,322,2014,797.3
108,2,22,322,2015,779.97
108,2,22,322,2016,768.83
108,2,27,322,1990,1682.37
108,2,27,322,1991,1672.36
108,2,27,322,1992,1639.45
108,2,27,322,1993,1581.03
108,2,27,322,1994,1474.59
108,2,27,322,1995,1398.49
108,2,27,322,1996,1347.2
108,2,27,322,1997,1350.27
108,2,27,322,1998,1382.04
108,2,27,322,1999,1407.38
108,2,27,322,2000,1392.08
108,2,27,322,2001,1394.53
108,2,27,322,2002,1365.44
108,2,27,322,2003,1323.36
108,2,27,322,2004,1268.57
108,2,27,322,2005,1223.77
108,2,27,322,2006,1182.77
108,2,27,322,2007,1151.24
108,2,27,322,2008,1138.27
108,2,27,322,2009,1115.22
108,2,27,322,2010,1080.03
108,2,27,322,2011,1069.41
108,2,27,322,2012,1068.47
108,2,27,322,2013,1067.01
108,2,27,322,2014,1055.4
108,2,27,322,2015,1032.92
108,2,27,322,2016,1013.21
108,3,22,322,1990,2555.34
108,3,22,322,1991,2447.9
108,3,22,322,1992,2280.4
108,3,22,322,1993,2069.97
108,3,22,322,1994,1842.81
108,3,22,322,1995,1696.91
108,3,22,322,1996,1624.9
108,3,22,322,1997,1597.05
108,3,22,322,1998,1612.56
108,3,22,322,1999,1618.05
108,3,22,322,2000,1579.62
108,3,22,322,2001,1547.97
108,3,22,322,2002,1492.13
108,3,22,322,2003,1393.54
108,3,22,322,2004,1302.77
108,3,22,322,2005,1230.58
108,3,22,322,2006,1160.16
108,3,22,322,2007,1101.3
108,3,22,322,2008,1075.94
108,3,22,322,2009,1055.53
108,3,22,322,2010,1027.98
108,3,22,322,2011,1012.25
108,3,22,322,2012,1003.81
108,3,22,322,2013,982.27
108,3,22,322,2014,959.99
108,3,22,322,2015,949.71
108,3,22,322,2016,945.52
108,3,27,322,1990,1927.33
108,3,27,322,1991,1919.62
108,3,27,322,1992,1893.45
108,3,27,322,1993,1840.78
108,3,27,322,1994,1767.93
108,3,27,322,1995,1724.48
108,3,27,322,1996,1706.18
108,3,27,322,1997,1727.22
108,3,27,322,1998,1765.15
108,3,27,322,1999,1773.75
108,3,27,322,2000,1748.93
108,3,27,322,2001,1749.35
108,3,27,322,2002,1711.68
108,3,27,322,2003,1642.16
108,3,27,322,2004,1573.99
108,3,27,322,2005,1523.38
108,3,27,322,2006,1463.68
108,3,27,322,2007,1420.29
108,3,27,322,2008,1392.49
108,3,27,322,2009,1364.7
108,3,27,322,2010,1327.56
108,3,27,322,2011,1316.76
108,3,27,322,2012,1313.08
108,3,27,322,2013,1304.62
108,3,27,322,2014,1288.74
108,3,27,322,2015,1274.31
108,3,27,322,2016,1261.96
109,1,22,322,1990,761.39
109,1,22,322,1991,745.93
109,1,22,322,1992,744.13
109,1,22,322,1993,752.23
109,1,22,322,1994,761.32
109,1,22,322,1995,762.03
109,1,22,322,1996,767.61
109,1,22,322,1997,784.34
109,1,22,322,1998,789.36
109,1,22,322,1999,789.64
109,1,22,322,2000,785.24
109,1,22,322,2001,777.63
109,1,22,322,2002,764.31
109,1,22,322,2003,752.39
109,1,22,322,2004,740.39
109,1,22,322,2005,725.48
109,1,22,322,2006,714.95
109,1,22,322,2007,706.29
109,1,22,322,2008,705.44
109,1,22,322,2009,706.24
109,1,22,322,2010,705.63
109,1,22,322,2011,706.05
109,1,22,322,2012,713.14
109,1,22,322,2013,723.52
109,1,22,322,2014,735.1
109,1,22,322,2015,743.85
109,1,22,322,2016,757.16
109,1,27,322,1990,857.65
109,1,27,322,1991,852.66
109,1,27,322,1992,862.12
109,1,27,322,1993,875.15
109,1,27,322,1994,882.75
109,1,27,322,1995,879.42
109,1,27,322,1996,878.49
109,1,27,322,1997,886.39
109,1,27,322,1998,882.22
109,1,27,322,1999,874.6
109,1,27,322,2000,861.51
109,1,27,322,2001,845.28
109,1,27,322,2002,824.16
109,1,27,322,2003,804.15
109,1,27,322,2004,783.38
109,1,27,322,2005,756.68
109,1,27,322,2006,738
109,1,27,322,2007,714.99
109,1,27,322,2008,695.41
109,1,27,322,2009,681.32
109,1,27,322,2010,665.53
109,1,27,322,2011,654.89
109,1,27,322,2012,650.29
109,1,27,322,2013,645.95
109,1,27,322,2014,642.07
109,1,27,322,2015,635.54
109,1,27,322,2016,630.74
109,2,22,322,1990,570.69
109,2,22,322,1991,556.14
109,2,22,322,1992,547.12
109,2,22,322,1993,550.64
109,2,22,322,1994,554.2
109,2,22,322,1995,553.32
109,2,22,322,1996,552.39
109,2,22,322,1997,563.29
109,2,22,322,1998,572.83
109,2,22,322,1999,571.6
109,2,22,322,2000,572.27
109,2,22,322,2001,567.49
109,2,22,322,2002,560.95
109,2,22,322,2003,557.89
109,2,22,322,2004,554.13
109,2,22,322,2005,549.58
109,2,22,322,2006,539.8
109,2,22,322,2007,534.82
109,2,22,322,2008,536.67
109,2,22,322,2009,538.04
109,2,22,322,2010,538.53
109,2,22,322,2011,539.67
109,2,22,322,2012,544.57
109,2,22,322,2013,551.76
109,2,22,322,2014,557.8
109,2,22,322,2015,560.09
109,2,22,322,2016,565.09
109,2,27,322,1990,607.45
109,2,27,322,1991,597.47
109,2,27,322,1992,592.58
109,2,27,322,1993,597.2
109,2,27,322,1994,598.18
109,2,27,322,1995,593.67
109,2,27,322,1996,584.57
109,2,27,322,1997,586.19
109,2,27,322,1998,588.35
109,2,27,322,1999,578.21
109,2,27,322,2000,571.17
109,2,27,322,2001,556.83
109,2,27,322,2002,542.91
109,2,27,322,2003,532.25
109,2,27,322,2004,521.37
109,2,27,322,2005,510.82
109,2,27,322,2006,493.59
109,2,27,322,2007,479.16
109,2,27,322,2008,468.6
109,2,27,322,2009,459.52
109,2,27,322,2010,449.42
109,2,27,322,2011,442.71
109,2,27,322,2012,438.68
109,2,27,322,2013,436.13
109,2,27,322,2014,431.98
109,2,27,322,2015,423.86
109,2,27,322,2016,417.44
109,3,22,322,1990,666.77
109,3,22,322,1991,651.74
109,3,22,322,1992,646.35
109,3,22,322,1993,652.15
109,3,22,322,1994,658.48
109,3,22,322,1995,658.37
109,3,22,322,1996,660.68
109,3,22,322,1997,674.45
109,3,22,322,1998,681.67
109,3,22,322,1999,681.16
109,3,22,322,2000,679.25
109,3,22,322,2001,673.05
109,3,22,322,2002,663.12
109,3,22,322,2003,655.62
109,3,22,322,2004,647.74
109,3,22,322,2005,638
109,3,22,322,2006,627.84
109,3,22,322,2007,621.01
109,3,22,322,2008,621.52
109,3,22,322,2009,622.61
109,3,22,322,2010,622.55
109,3,22,322,2011,623.31
109,3,22,322,2012,629.3
109,3,22,322,2013,638.08
109,3,22,322,2014,646.89
109,3,22,322,2015,652.41
109,3,22,322,2016,661.57
109,3,27,322,1990,728.57
109,3,27,322,1991,720.7
109,3,27,322,1992,722.6
109,3,27,322,1993,730.91
109,3,27,322,1994,734.69
109,3,27,322,1995,730.36
109,3,27,322,1996,725.04
109,3,27,322,1997,729.34
109,3,27,322,1998,728
109,3,27,322,1999,718.99
109,3,27,322,2000,708.81
109,3,27,322,2001,693.52
109,3,27,322,2002,676.04
109,3,27,322,2003,660.75
109,3,27,322,2004,644.92
109,3,27,322,2005,626.21
109,3,27,322,2006,608.42
109,3,27,322,2007,589.82
109,3,27,322,2008,574.8
109,3,27,322,2009,563.35
109,3,27,322,2010,550.49
109,3,27,322,2011,541.91
109,3,27,322,2012,537.59
109,3,27,322,2013,534.03
109,3,27,322,2014,529.83
109,3,27,322,2015,522.41
109,3,27,322,2016,516.83
110,1,22,322,1990,942.68
110,1,22,322,1991,940.98
110,1,22,322,1992,936.49
110,1,22,322,1993,938.58
110,1,22,322,1994,929.37
110,1,22,322,1995,933.39
110,1,22,322,1996,926.58
110,1,22,322,1997,933.47
110,1,22,322,1998,928.05
110,1,22,322,1999,892.2
110,1,22,322,2000,833.5
110,1,22,322,2001,838.77
110,1,22,322,2002,843.68
110,1,22,322,2003,832.85
110,1,22,322,2004,819.81
110,1,22,322,2005,836.9
110,1,22,322,2006,823.76
110,1,22,322,2007,824.31
110,1,22,322,2008,835.86
110,1,22,322,2009,840.08
110,1,22,322,2010,874.36
110,1,22,322,2011,893.33
110,1,22,322,2012,913.81
110,1,22,322,2013,943.37
110,1,22,322,2014,943.31
110,1,22,322,2015,951.66
110,1,22,322,2016,928.12
110,1,27,322,1990,1061.24
110,1,27,322,1991,1069.35
110,1,27,322,1992,1072.8
110,1,27,322,1993,1080.75
110,1,27,322,1994,1079.44
110,1,27,322,1995,1091.97
110,1,27,322,1996,1091.38
110,1,27,322,1997,1102.33
110,1,27,322,1998,1099.28
110,1,27,322,1999,1059.48
110,1,27,322,2000,994.61
110,1,27,322,2001,999.89
110,1,27,322,2002,1003.88
110,1,27,322,2003,989.35
110,1,27,322,2004,969.57
110,1,27,322,2005,986.41
110,1,27,322,2006,968.24
110,1,27,322,2007,964.39
110,1,27,322,2008,970.25
110,1,27,322,2009,968.38
110,1,27,322,2010,999.84
110,1,27,322,2011,1014.36
110,1,27,322,2012,1030.31
110,1,27,322,2013,1056.28
110,1,27,322,2014,1051.29
110,1,27,322,2015,1055.83
110,1,27,322,2016,1034.24
110,2,22,322,1990,662.97
110,2,22,322,1991,668.05
110,2,22,322,1992,667.88
110,2,22,322,1993,676.07
110,2,22,322,1994,672.33
110,2,22,322,1995,669.14
110,2,22,322,1996,657.6
110,2,22,322,1997,650.76
110,2,22,322,1998,631.91
110,2,22,322,1999,616.68
110,2,22,322,2000,576.81
110,2,22,322,2001,573.87
110,2,22,322,2002,579.39
110,2,22,322,2003,582.19
110,2,22,322,2004,569.87
110,2,22,322,2005,570.09
110,2,22,322,2006,565.54
110,2,22,322,2007,558.72
110,2,22,322,2008,570.35
110,2,22,322,2009,578.7
110,2,22,322,2010,609.52
110,2,22,322,2011,628.72
110,2,22,322,2012,648.01
110,2,22,322,2013,669.35
110,2,22,322,2014,676.76
110,2,22,322,2015,665.82
110,2,22,322,2016,626.98
110,2,27,322,1990,723.78
110,2,27,322,1991,730.07
110,2,27,322,1992,727.96
110,2,27,322,1993,733.58
110,2,27,322,1994,731.1
110,2,27,322,1995,728.66
110,2,27,322,1996,720.83
110,2,27,322,1997,717.05
110,2,27,322,1998,700.84
110,2,27,322,1999,687.18
110,2,27,322,2000,645.19
110,2,27,322,2001,642.95
110,2,27,322,2002,649.8
110,2,27,322,2003,652.23
110,2,27,322,2004,637.84
110,2,27,322,2005,636.84
110,2,27,322,2006,629.53
110,2,27,322,2007,619.62
110,2,27,322,2008,629.98
110,2,27,322,2009,635.76
110,2,27,322,2010,667.55
110,2,27,322,2011,684.38
110,2,27,322,2012,701.93
110,2,27,322,2013,720.68
110,2,27,322,2014,725.86
110,2,27,322,2015,713.4
110,2,27,322,2016,682.4
110,3,22,322,1990,802.32
110,3,22,322,1991,803.99
110,3,22,322,1992,801.65
110,3,22,322,1993,806.79
110,3,22,322,1994,800.31
110,3,22,322,1995,800.68
110,3,22,322,1996,791.49
110,3,22,322,1997,791.46
110,3,22,322,1998,779.25
110,3,22,322,1999,753.71
110,3,22,322,2000,704.44
110,3,22,322,2001,705.53
110,3,22,322,2002,710.71
110,3,22,322,2003,706.71
110,3,22,322,2004,694.02
110,3,22,322,2005,702.6
110,3,22,322,2006,693.79
110,3,22,322,2007,690.63
110,3,22,322,2008,702.23
110,3,22,322,2009,708.53
110,3,22,322,2010,741.08
110,3,22,322,2011,760.16
110,3,22,322,2012,780.03
110,3,22,322,2013,805.44
110,3,22,322,2014,809.13
110,3,22,322,2015,807.76
110,3,22,322,2016,776.51
110,3,27,322,1990,889.05
110,3,27,322,1991,895.81
110,3,27,322,1992,895.82
110,3,27,322,1993,902.19
110,3,27,322,1994,899.98
110,3,27,322,1995,904.36
110,3,27,322,1996,899.9
110,3,27,322,1997,903.1
110,3,27,322,1998,893.19
110,3,27,322,1999,866.55
110,3,27,322,2000,812.9
110,3,27,322,2001,813.86
110,3,27,322,2002,819.65
110,3,27,322,2003,813.82
110,3,27,322,2004,796.97
110,3,27,322,2005,804.08
110,3,27,322,2006,791.7
110,3,27,322,2007,784.83
110,3,27,322,2008,793.5
110,3,27,322,2009,795.8
110,3,27,322,2010,827.77
110,3,27,322,2011,843.59
110,3,27,322,2012,860.31
110,3,27,322,2013,882.79
110,3,27,322,2014,883.09
110,3,27,322,2015,878.43
110,3,27,322,2016,851.57
111,1,22,322,1990,1549.35
111,1,22,322,1991,1494.4
111,1,22,322,1992,1449.24
111,1,22,322,1993,1424.91
111,1,22,322,1994,1410.3
111,1,22,322,1995,1393.71
111,1,22,322,1996,1364.48
111,1,22,322,1997,1315.97
111,1,22,322,1998,1242.55
111,1,22,322,1999,1208.47
111,1,22,322,2000,1174.54
111,1,22,322,2001,1146.03
111,1,22,322,2002,1136.1
111,1,22,322,2003,1151.4
111,1,22,322,2004,1189.23
111,1,22,322,2005,1203.08
111,1,22,322,2006,1190.11
111,1,22,322,2007,1148.35
111,1,22,322,2008,1106.5
111,1,22,322,2009,1071.52
111,1,22,322,2010,1048.31
111,1,22,322,2011,1031.47
111,1,22,322,2012,1003.46
111,1,22,322,2013,957.46
111,1,22,322,2014,898.72
111,1,22,322,2015,839.11
111,1,22,322,2016,789.9
111,1,27,322,1990,1255.57
111,1,27,322,1991,1215.96
111,1,27,322,1992,1185.38
111,1,27,322,1993,1172.23
111,1,27,322,1994,1169.02
111,1,27,322,1995,1165.86
111,1,27,322,1996,1154.66
111,1,27,322,1997,1131.38
111,1,27,322,1998,1089.22
111,1,27,322,1999,1075.85
111,1,27,322,2000,1059.09
111,1,27,322,2001,1044.43
111,1,27,322,2002,1043.86
111,1,27,322,2003,1063.04
111,1,27,322,2004,1103.37
111,1,27,322,2005,1126.31
111,1,27,322,2006,1129.52
111,1,27,322,2007,1106.7
111,1,27,322,2008,1082.14
111,1,27,322,2009,1061.59
111,1,27,322,2010,1051.29
111,1,27,322,2011,1045.25
111,1,27,322,2012,1029.82
111,1,27,322,2013,996.98
111,1,27,322,2014,953.48
111,1,27,322,2015,908.01
111,1,27,322,2016,867.18
111,2,22,322,1990,1589.06
111,2,22,322,1991,1498.11
111,2,22,322,1992,1412.16
111,2,22,322,1993,1347.19
111,2,22,322,1994,1289.94
111,2,22,322,1995,1232.02
111,2,22,322,1996,1168.94
111,2,22,322,1997,1094.92
111,2,22,322,1998,1011.92
111,2,22,322,1999,956.71
111,2,22,322,2000,911.31
111,2,22,322,2001,875.51
111,2,22,322,2002,855.7
111,2,22,322,2003,855.13
111,2,22,322,2004,872.12
111,2,22,322,2005,870.84
111,2,22,322,2006,852.3
111,2,22,322,2007,814.31
111,2,22,322,2008,779.55
111,2,22,322,2009,749.91
111,2,22,322,2010,724.98
111,2,22,322,2011,712.17
111,2,22,322,2012,682.99
111,2,22,322,2013,649.61
111,2,22,322,2014,609.35
111,2,22,322,2015,568.62
111,2,22,322,2016,536.75
111,2,27,322,1990,1270.71
111,2,27,322,1991,1203.33
111,2,27,322,1992,1142.33
111,2,27,322,1993,1100.82
111,2,27,322,1994,1065.15
111,2,27,322,1995,1029.62
111,2,27,322,1996,991.5
111,2,27,322,1997,945.17
111,2,27,322,1998,891.06
111,2,27,322,1999,857.58
111,2,27,322,2000,828.69
111,2,27,322,2001,806.47
111,2,27,322,2002,795.92
111,2,27,322,2003,801.23
111,2,27,322,2004,821.51
111,2,27,322,2005,829.65
111,2,27,322,2006,824.49
111,2,27,322,2007,800.44
111,2,27,322,2008,777.75
111,2,27,322,2009,757.68
111,2,27,322,2010,740.92
111,2,27,322,2011,734.78
111,2,27,322,2012,713.09
111,2,27,322,2013,686.95
111,2,27,322,2014,654.53
111,2,27,322,2015,620.62
111,2,27,322,2016,592.1
111,3,22,322,1990,1569.08
111,3,22,322,1991,1496.25
111,3,22,322,1992,1430.81
111,3,22,322,1993,1386.26
111,3,22,322,1994,1350.42
111,3,22,322,1995,1313.24
111,3,22,322,1996,1267.13
111,3,22,322,1997,1205.87
111,3,22,322,1998,1127.63
111,3,22,322,1999,1082.97
111,3,22,322,2000,1043.27
111,3,22,322,2001,1011.08
111,3,22,322,2002,996.16
111,3,22,322,2003,1003.47
111,3,22,322,2004,1030.82
111,3,22,322,2005,1037.04
111,3,22,322,2006,1021.2
111,3,22,322,2007,981.25
111,3,22,322,2008,942.88
111,3,22,322,2009,910.51
111,3,22,322,2010,886.38
111,3,22,322,2011,871.5
111,3,22,322,2012,842.84
111,3,22,322,2013,803.1
111,3,22,322,2014,753.57
111,3,22,322,2015,703.39
111,3,22,322,2016,662.83
111,3,27,322,1990,1262.88
111,3,27,322,1991,1209.6
111,3,27,322,1992,1164.06
111,3,27,322,1993,1136.98
111,3,27,322,1994,1117.77
111,3,27,322,1995,1098.64
111,3,27,322,1996,1074.18
111,3,27,322,1997,1039.5
111,3,27,322,1998,991.35
111,3,27,322,1999,967.97
111,3,27,322,2000,945.14
111,3,27,322,2001,926.7
111,3,27,322,2002,921.14
111,3,27,322,2003,933.42
111,3,27,322,2004,963.73
111,3,27,322,2005,979.34
111,3,27,322,2006,978.37
111,3,27,322,2007,954.87
111,3,27,322,2008,931.17
111,3,27,322,2009,910.78
111,3,27,322,2010,897.19
111,3,27,322,2011,891.02
111,3,27,322,2012,872.43
111,3,27,322,2013,842.83
111,3,27,322,2014,804.71
111,3,27,322,2015,764.85
111,3,27,322,2016,730.01
112,1,22,322,1990,1652.02
112,1,22,322,1991,1533.06
112,1,22,322,1992,1467.71
112,1,22,322,1993,1429.38
112,1,22,322,1994,1402.92
112,1,22,322,1995,1401.97
112,1,22,322,1996,1394.11
112,1,22,322,1997,1401.37
112,1,22,322,1998,1411.26
112,1,22,322,1999,1411.92
112,1,22,322,2000,1410.25
112,1,22,322,2001,1408.55
112,1,22,322,2002,1423.12
112,1,22,322,2003,1406.17
112,1,22,322,2004,1390.65
112,1,22,322,2005,1381.88
112,1,22,322,2006,1356.63
112,1,22,322,2007,1339.65
112,1,22,322,2008,1332.42
112,1,22,322,2009,1343.78
112,1,22,322,2010,1374.89
112,1,22,322,2011,1404.33
112,1,22,322,2012,1441.06
112,1,22,322,2013,1466.45
112,1,22,322,2014,1467.78
112,1,22,322,2015,1467.92
112,1,22,322,2016,1431.97
112,1,27,322,1990,1846.61
112,1,27,322,1991,1765.36
112,1,27,322,1992,1729.4
112,1,27,322,1993,1712.29
112,1,27,322,1994,1711.17
112,1,27,322,1995,1732.68
112,1,27,322,1996,1743.73
112,1,27,322,1997,1767.48
112,1,27,322,1998,1792.01
112,1,27,322,1999,1801.92
112,1,27,322,2000,1802.29
112,1,27,322,2001,1801.42
112,1,27,322,2002,1814.78
112,1,27,322,2003,1792.86
112,1,27,322,2004,1772.01
112,1,27,322,2005,1761
112,1,27,322,2006,1731.7
112,1,27,322,2007,1710.81
112,1,27,322,2008,1693.56
112,1,27,322,2009,1695.82
112,1,27,322,2010,1712.22
112,1,27,322,2011,1732.47
112,1,27,322,2012,1761.67
112,1,27,322,2013,1782.53
112,1,27,322,2014,1781.36
112,1,27,322,2015,1779.01
112,1,27,322,2016,1733.1
112,2,22,322,1990,1430.07
112,2,22,322,1991,1329.74
112,2,22,322,1992,1267.35
112,2,22,322,1993,1245.19
112,2,22,322,1994,1218.42
112,2,22,322,1995,1205.13
112,2,22,322,1996,1175.54
112,2,22,322,1997,1164.16
112,2,22,322,1998,1156.83
112,2,22,322,1999,1139.84
112,2,22,322,2000,1135.89
112,2,22,322,2001,1135.48
112,2,22,322,2002,1145.3
112,2,22,322,2003,1147.19
112,2,22,322,2004,1128.45
112,2,22,322,2005,1115.7
112,2,22,322,2006,1089.13
112,2,22,322,2007,1069.1
112,2,22,322,2008,1066.78
112,2,22,322,2009,1061
112,2,22,322,2010,1088.62
112,2,22,322,2011,1100.58
112,2,22,322,2012,1128.94
112,2,22,322,2013,1140.21
112,2,22,322,2014,1148.72
112,2,22,322,2015,1138.79
112,2,22,322,2016,1096.08
112,2,27,322,1990,1407.13
112,2,27,322,1991,1337.45
112,2,27,322,1992,1296.38
112,2,27,322,1993,1279.48
112,2,27,322,1994,1262.32
112,2,27,322,1995,1258.94
112,2,27,322,1996,1237.11
112,2,27,322,1997,1233.85
112,2,27,322,1998,1231.76
112,2,27,322,1999,1216.76
112,2,27,322,2000,1213.53
112,2,27,322,2001,1209.78
112,2,27,322,2002,1214.46
112,2,27,322,2003,1215.69
112,2,27,322,2004,1197.56
112,2,27,322,2005,1186.66
112,2,27,322,2006,1162.16
112,2,27,322,2007,1144.32
112,2,27,322,2008,1145.46
112,2,27,322,2009,1138.69
112,2,27,322,2010,1163.98
112,2,27,322,2011,1169.01
112,2,27,322,2012,1191.74
112,2,27,322,2013,1203.52
112,2,27,322,2014,1215.32
112,2,27,322,2015,1210.87
112,2,27,322,2016,1163.34
112,3,22,322,1990,1539.62
112,3,22,322,1991,1430.25
112,3,22,322,1992,1366.46
112,3,22,322,1993,1336.29
112,3,22,322,1994,1309.66
112,3,22,322,1995,1302.47
112,3,22,322,1996,1283.64
112,3,22,322,1997,1281.5
112,3,22,322,1998,1282.71
112,3,22,322,1999,1274.51
112,3,22,322,2000,1271.76
112,3,22,322,2001,1270.7
112,3,22,322,2002,1282.93
112,3,22,322,2003,1275.62
112,3,22,322,2004,1258.64
112,3,22,322,2005,1248.01
112,3,22,322,2006,1222.26
112,3,22,322,2007,1203.89
112,3,22,322,2008,1199.26
112,3,22,322,2009,1202.15
112,3,22,322,2010,1231.64
112,3,22,322,2011,1252.45
112,3,22,322,2012,1285.09
112,3,22,322,2013,1303.55
112,3,22,322,2014,1308.58
112,3,22,322,2015,1303.82
112,3,22,322,2016,1264.61
112,3,27,322,1990,1610.14
112,3,27,322,1991,1535.59
112,3,27,322,1992,1497.87
112,3,27,322,1993,1480.79
112,3,27,322,1994,1470.22
112,3,27,322,1995,1478.87
112,3,27,322,1996,1473.21
112,3,27,322,1997,1483.36
112,3,27,322,1998,1494.13
112,3,27,322,1999,1490.81
112,3,27,322,2000,1489.9
112,3,27,322,2001,1487.72
112,3,27,322,2002,1498.34
112,3,27,322,2003,1489.05
112,3,27,322,2004,1469.98
112,3,27,322,2005,1459.53
112,3,27,322,2006,1432.38
112,3,27,322,2007,1412.88
112,3,27,322,2008,1405.81
112,3,27,322,2009,1404.24
112,3,27,322,2010,1426.55
112,3,27,322,2011,1439.79
112,3,27,322,2012,1466.43
112,3,27,322,2013,1483.17
112,3,27,322,2014,1488.96
112,3,27,322,2015,1486.48
112,3,27,322,2016,1439.73
113,1,22,322,1990,2194.98
113,1,22,322,1991,2154.27
113,1,22,322,1992,2114.49
113,1,22,322,1993,2115.51
113,1,22,322,1994,2052.41
113,1,22,322,1995,2013.6
113,1,22,322,1996,1964.33
113,1,22,322,1997,2017.19
113,1,22,322,1998,2007.56
113,1,22,322,1999,1878.33
113,1,22,322,2000,1711.8
113,1,22,322,2001,1656.07
113,1,22,322,2002,1679.72
113,1,22,322,2003,1668.94
113,1,22,322,2004,1666.07
113,1,22,322,2005,1656.81
113,1,22,322,2006,1595.93
113,1,22,322,2007,1549.69
113,1,22,322,2008,1511.63
113,1,22,322,2009,1477.8
113,1,22,322,2010,1458.25
113,1,22,322,2011,1426.15
113,1,22,322,2012,1399.01
113,1,22,322,2013,1354.71
113,1,22,322,2014,1320.42
113,1,22,322,2015,1289.83
113,1,22,322,2016,1214.02
113,1,27,322,1990,2270.23
113,1,27,322,1991,2225.65
113,1,27,322,1992,2201.69
113,1,27,322,1993,2225.88
113,1,27,322,1994,2222.29
113,1,27,322,1995,2148.72
113,1,27,322,1996,2206.82
113,1,27,322,1997,2277.92
113,1,27,322,1998,2266.54
113,1,27,322,1999,2145.98
113,1,27,322,2000,2027.8
113,1,27,322,2001,1960.21
113,1,27,322,2002,1983.25
113,1,27,322,2003,1992.83
113,1,27,322,2004,2013
113,1,27,322,2005,2011.37
113,1,27,322,2006,1960.75
113,1,27,322,2007,1931.7
113,1,27,322,2008,1911.88
113,1,27,322,2009,1888.17
113,1,27,322,2010,1880.61
113,1,27,322,2011,1844.36
113,1,27,322,2012,1799.48
113,1,27,322,2013,1736.85
113,1,27,322,2014,1682.2
113,1,27,322,2015,1633.6
113,1,27,322,2016,1526.53
113,2,22,322,1990,1539.55
113,2,22,322,1991,1521.78
113,2,22,322,1992,1449.66
113,2,22,322,1993,1396.17
113,2,22,322,1994,1372.07
113,2,22,322,1995,1358.02
113,2,22,322,1996,1331.74
113,2,22,322,1997,1356.88
113,2,22,322,1998,1324.63
113,2,22,322,1999,1272.87
113,2,22,322,2000,1173.65
113,2,22,322,2001,1111.73
113,2,22,322,2002,1078.18
113,2,22,322,2003,1090.1
113,2,22,322,2004,1093.33
113,2,22,322,2005,1091.58
113,2,22,322,2006,1081.15
113,2,22,322,2007,1075.7
113,2,22,322,2008,1056.21
113,2,22,322,2009,1032.06
113,2,22,322,2010,1005.07
113,2,22,322,2011,966.14
113,2,22,322,2012,942.48
113,2,22,322,2013,907.12
113,2,22,322,2014,879.87
113,2,22,322,2015,852.15
113,2,22,322,2016,770
113,2,27,322,1990,1491.89
113,2,27,322,1991,1474.38
113,2,27,322,1992,1421.03
113,2,27,322,1993,1381.87
113,2,27,322,1994,1370.25
113,2,27,322,1995,1365.99
113,2,27,322,1996,1347.69
113,2,27,322,1997,1382.35
113,2,27,322,1998,1363.48
113,2,27,322,1999,1322.33
113,2,27,322,2000,1257.52
113,2,27,322,2001,1224.24
113,2,27,322,2002,1222.45
113,2,27,322,2003,1263.74
113,2,27,322,2004,1292.61
113,2,27,322,2005,1303.55
113,2,27,322,2006,1302.49
113,2,27,322,2007,1315.08
113,2,27,322,2008,1316.27
113,2,27,322,2009,1311
113,2,27,322,2010,1300.43
113,2,27,322,2011,1262.27
113,2,27,322,2012,1229.37
113,2,27,322,2013,1176.97
113,2,27,322,2014,1131.53
113,2,27,322,2015,1088.23
113,2,27,322,2016,973.8
113,3,22,322,1990,1861.88
113,3,22,322,1991,1832.25
113,3,22,322,1992,1776.31
113,3,22,322,1993,1750.5
113,3,22,322,1994,1708.13
113,3,22,322,1995,1682.64
113,3,22,322,1996,1647.04
113,3,22,322,1997,1687.2
113,3,22,322,1998,1666.7
113,3,22,322,1999,1576.18
113,3,22,322,2000,1443.21
113,3,22,322,2001,1383.37
113,3,22,322,2002,1377.39
113,3,22,322,2003,1377.38
113,3,22,322,2004,1377.12
113,3,22,322,2005,1371.36
113,3,22,322,2006,1336.65
113,3,22,322,2007,1311.44
113,3,22,322,2008,1283.06
113,3,22,322,2009,1254.39
113,3,22,322,2010,1231.47
113,3,22,322,2011,1196.23
113,3,22,322,2012,1171.07
113,3,22,322,2013,1131.49
113,3,22,322,2014,1100.94
113,3,22,322,2015,1071.99
113,3,22,322,2016,993.29
113,3,27,322,1990,1868.96
113,3,27,322,1991,1837
113,3,27,322,1992,1797.29
113,3,27,322,1993,1788.16
113,3,27,322,1994,1779.66
113,3,27,322,1995,1748.6
113,3,27,322,1996,1760.52
113,3,27,322,1997,1813.76
113,3,27,322,1998,1800.37
113,3,27,322,1999,1721.6
113,3,27,322,2000,1630.55
113,3,27,322,2001,1581.06
113,3,27,322,2002,1593.09
113,3,27,322,2003,1618.51
113,3,27,322,2004,1642.69
113,3,27,322,2005,1647.28
113,3,27,322,2006,1622.24
113,3,27,322,2007,1615.16
113,3,27,322,2008,1606.42
113,3,27,322,2009,1592.21
113,3,27,322,2010,1583.55
113,3,27,322,2011,1546.66
113,3,27,322,2012,1507.33
113,3,27,322,2013,1449.46
113,3,27,322,2014,1399.18
113,3,27,322,2015,1353.2
113,3,27,322,2016,1242.48
114,1,22,322,1990,9378.23
114,1,22,322,1991,9003.62
114,1,22,322,1992,8598.3
114,1,22,322,1993,8171.01
114,1,22,322,1994,7721.15
114,1,22,322,1995,7497.61
114,1,22,322,1996,7377.97
114,1,22,322,1997,7342.85
114,1,22,322,1998,7027.95
114,1,22,322,1999,6527.61
114,1,22,322,2000,5988.63
114,1,22,322,2001,5642.06
114,1,22,322,2002,5428.73
114,1,22,322,2003,5278.73
114,1,22,322,2004,5166.97
114,1,22,322,2005,5095.23
114,1,22,322,2006,4979.66
114,1,22,322,2007,4845.02
114,1,22,322,2008,4713.54
114,1,22,322,2009,4535.7
114,1,22,322,2010,4332.02
114,1,22,322,2011,4050.35
114,1,22,322,2012,3686.8
114,1,22,322,2013,3398.36
114,1,22,322,2014,3212.31
114,1,22,322,2015,3023.74
114,1,22,322,2016,2875.15
114,1,27,322,1990,5843.38
114,1,27,322,1991,5727.61
114,1,27,322,1992,5579.15
114,1,27,322,1993,5410.24
114,1,27,322,1994,5190.31
114,1,27,322,1995,5102.49
114,1,27,322,1996,5034.96
114,1,27,322,1997,5026.28
114,1,27,322,1998,4854.97
114,1,27,322,1999,4579.41
114,1,27,322,2000,4274.51
114,1,27,322,2001,4065.66
114,1,27,322,2002,3933.37
114,1,27,322,2003,3844.93
114,1,27,322,2004,3774.63
114,1,27,322,2005,3733.96
114,1,27,322,2006,3671.49
114,1,27,322,2007,3595.33
114,1,27,322,2008,3525.94
114,1,27,322,2009,3434.39
114,1,27,322,2010,3344.77
114,1,27,322,2011,3191.41
114,1,27,322,2012,2980.15
114,1,27,322,2013,2811.39
114,1,27,322,2014,2701.01
114,1,27,322,2015,2586.92
114,1,27,322,2016,2492.66
114,2,22,322,1990,8980.84
114,2,22,322,1991,8569.74
114,2,22,322,1992,8119.65
114,2,22,322,1993,7656.67
114,2,22,322,1994,7192.3
114,2,22,322,1995,6863.23
114,2,22,322,1996,6650.94
114,2,22,322,1997,6488.17
114,2,22,322,1998,6181.29
114,2,22,322,1999,5722.19
114,2,22,322,2000,5221.92
114,2,22,322,2001,4891.85
114,2,22,322,2002,4689.54
114,2,22,322,2003,4553.94
114,2,22,322,2004,4447.12
114,2,22,322,2005,4363
114,2,22,322,2006,4254.27
114,2,22,322,2007,4129.21
114,2,22,322,2008,4020.72
114,2,22,322,2009,3863.07
114,2,22,322,2010,3664.97
114,2,22,322,2011,3392.36
114,2,22,322,2012,3085.62
114,2,22,322,2013,2804.93
114,2,22,322,2014,2587.92
114,2,22,322,2015,2398.23
114,2,22,322,2016,2260.97
114,2,27,322,1990,5831.47
114,2,27,322,1991,5671.81
114,2,27,322,1992,5475.87
114,2,27,322,1993,5265.14
114,2,27,322,1994,5035.62
114,2,27,322,1995,4855.53
114,2,27,322,1996,4734.92
114,2,27,322,1997,4642.29
114,2,27,322,1998,4461.68
114,2,27,322,1999,4193.32
114,2,27,322,2000,3886.16
114,2,27,322,2001,3679.57
114,2,27,322,2002,3545.94
114,2,27,322,2003,3458.42
114,2,27,322,2004,3388.18
114,2,27,322,2005,3334.65
114,2,27,322,2006,3267.92
114,2,27,322,2007,3189.44
114,2,27,322,2008,3125.49
114,2,27,322,2009,3035.78
114,2,27,322,2010,2935.37
114,2,27,322,2011,2774.46
114,2,27,322,2012,2584.52
114,2,27,322,2013,2405.56
114,2,27,322,2014,2264.14
114,2,27,322,2015,2138.65
114,2,27,322,2016,2042.77
114,3,22,322,1990,9176.61
114,3,22,322,1991,8783.57
114,3,22,322,1992,8355.6
114,3,22,322,1993,7910.24
114,3,22,322,1994,7453.05
114,3,22,322,1995,7176.06
114,3,22,322,1996,7009.53
114,3,22,322,1997,6909.8
114,3,22,322,1998,6599.05
114,3,22,322,1999,6119.68
114,3,22,322,2000,5600.38
114,3,22,322,2001,5262.24
114,3,22,322,2002,5054.58
114,3,22,322,2003,4911.97
114,3,22,322,2004,4802.79
114,3,22,322,2005,4724.86
114,3,22,322,2006,4612.84
114,3,22,322,2007,4483.1
114,3,22,322,2008,4363.28
114,3,22,322,2009,4195.68
114,3,22,322,2010,3994.84
114,3,22,322,2011,3717.78
114,3,22,322,2012,3383
114,3,22,322,2013,3098.52
114,3,22,322,2014,2896.86
114,3,22,322,2015,2707.76
114,3,22,322,2016,2564.9
114,3,27,322,1990,5834.35
114,3,27,322,1991,5696.6
114,3,27,322,1992,5524.43
114,3,27,322,1993,5334.74
114,3,27,322,1994,5110.97
114,3,27,322,1995,4976.69
114,3,27,322,1996,4883.54
114,3,27,322,1997,4833.45
114,3,27,322,1998,4657.63
114,3,27,322,1999,4385.92
114,3,27,322,2000,4079.79
114,3,27,322,2001,3872.47
114,3,27,322,2002,3739.61
114,3,27,322,2003,3651.66
114,3,27,322,2004,3581.63
114,3,27,322,2005,3534.68
114,3,27,322,2006,3470.03
114,3,27,322,2007,3392.63
114,3,27,322,2008,3325.82
114,3,27,322,2009,3235.1
114,3,27,322,2010,3140.13
114,3,27,322,2011,2983.18
114,3,27,322,2012,2782.5
114,3,27,322,2013,2608.67
114,3,27,322,2014,2483.02
114,3,27,322,2015,2363.29
114,3,27,322,2016,2268.06
115,1,22,322,1990,996.56
115,1,22,322,1991,969.69
115,1,22,322,1992,947.56
115,1,22,322,1993,920.54
115,1,22,322,1994,893.46
115,1,22,322,1995,869.63
115,1,22,322,1996,849.56
115,1,22,322,1997,830.76
115,1,22,322,1998,816.18
115,1,22,322,1999,801.64
115,1,22,322,2000,780.95
115,1,22,322,2001,759.27
115,1,22,322,2002,726.7
115,1,22,322,2003,687.52
115,1,22,322,2004,659.22
115,1,22,322,2005,637.05
115,1,22,322,2006,614.48
115,1,22,322,2007,614.35
115,1,22,322,2008,621.63
115,1,22,322,2009,634.09
115,1,22,322,2010,631.64
115,1,22,322,2011,631.98
115,1,22,322,2012,626.54
115,1,22,322,2013,621.99
115,1,22,322,2014,619.56
115,1,22,322,2015,617.69
115,1,22,322,2016,616.25
115,1,27,322,1990,842.81
115,1,27,322,1991,827.46
115,1,27,322,1992,820.75
115,1,27,322,1993,812.15
115,1,27,322,1994,804.61
115,1,27,322,1995,799.92
115,1,27,322,1996,797.56
115,1,27,322,1997,796.45
115,1,27,322,1998,796.65
115,1,27,322,1999,792.32
115,1,27,322,2000,779.23
115,1,27,322,2001,765.05
115,1,27,322,2002,739.73
115,1,27,322,2003,705.37
115,1,27,322,2004,675.55
115,1,27,322,2005,652.44
115,1,27,322,2006,637.62
115,1,27,322,2007,640.96
115,1,27,322,2008,649.43
115,1,27,322,2009,661.59
115,1,27,322,2010,656.67
115,1,27,322,2011,655.24
115,1,27,322,2012,648.38
115,1,27,322,2013,642.11
115,1,27,322,2014,637.4
115,1,27,322,2015,632.94
115,1,27,322,2016,628.55
115,2,22,322,1990,890.74
115,2,22,322,1991,861.02
115,2,22,322,1992,836.3
115,2,22,322,1993,807.9
115,2,22,322,1994,778.86
115,2,22,322,1995,753.31
115,2,22,322,1996,732.88
115,2,22,322,1997,713.97
115,2,22,322,1998,694.83
115,2,22,322,1999,668.81
115,2,22,322,2000,653.05
115,2,22,322,2001,631.89
115,2,22,322,2002,607.77
115,2,22,322,2003,579.73
115,2,22,322,2004,557.52
115,2,22,322,2005,535.38
115,2,22,322,2006,512.68
115,2,22,322,2007,504.33
115,2,22,322,2008,503.03
115,2,22,322,2009,504.33
115,2,22,322,2010,503.05
115,2,22,322,2011,498.59
115,2,22,322,2012,491.03
115,2,22,322,2013,484.41
115,2,22,322,2014,479.34
115,2,22,322,2015,475.08
115,2,22,322,2016,470.84
115,2,27,322,1990,732.55
115,2,27,322,1991,714.58
115,2,27,322,1992,701.73
115,2,27,322,1993,687.49
115,2,27,322,1994,673.6
115,2,27,322,1995,662.81
115,2,27,322,1996,655.12
115,2,27,322,1997,648.4
115,2,27,322,1998,639.81
115,2,27,322,1999,622.56
115,2,27,322,2000,614.98
115,2,27,322,2001,601.91
115,2,27,322,2002,584.14
115,2,27,322,2003,561.88
115,2,27,322,2004,544.26
115,2,27,322,2005,526.66
115,2,27,322,2006,508.49
115,2,27,322,2007,503.27
115,2,27,322,2008,502.68
115,2,27,322,2009,503.41
115,2,27,322,2010,500.6
115,2,27,322,2011,494.67
115,2,27,322,2012,485.82
115,2,27,322,2013,477.36
115,2,27,322,2014,469.92
115,2,27,322,2015,463.04
115,2,27,322,2016,456.37
115,3,22,322,1990,943.01
115,3,22,322,1991,914.68
115,3,22,322,1992,891.24
115,3,22,322,1993,863.56
115,3,22,322,1994,835.54
115,3,22,322,1995,810.89
115,3,22,322,1996,790.7
115,3,22,322,1997,771.92
115,3,22,322,1998,755.12
115,3,22,322,1999,734.86
115,3,22,322,2000,716.68
115,3,22,322,2001,695.23
115,3,22,322,2002,666.85
115,3,22,322,2003,633.21
115,3,22,322,2004,607.92
115,3,22,322,2005,585.74
115,3,22,322,2006,563.12
115,3,22,322,2007,558.89
115,3,22,322,2008,561.91
115,3,22,322,2009,568.82
115,3,22,322,2010,567.02
115,3,22,322,2011,564.99
115,3,22,322,2012,558.51
115,3,22,322,2013,552.94
115,3,22,322,2014,549.19
115,3,22,322,2015,546.12
115,3,22,322,2016,543.26
115,3,27,322,1990,785.44
115,3,27,322,1991,769.11
115,3,27,322,1992,759.5
115,3,27,322,1993,748.21
115,3,27,322,1994,737.66
115,3,27,322,1995,730.12
115,3,27,322,1996,725.2
115,3,27,322,1997,721.33
115,3,27,322,1998,717.01
115,3,27,322,1999,705.97
115,3,27,322,2000,696.24
115,3,27,322,2001,682.62
115,3,27,322,2002,660.72
115,3,27,322,2003,632.2
115,3,27,322,2004,608.63
115,3,27,322,2005,588.52
115,3,27,322,2006,571.75
115,3,27,322,2007,570.83
115,3,27,322,2008,574.82
115,3,27,322,2009,581.31
115,3,27,322,2010,577.57
115,3,27,322,2011,573.83
115,3,27,322,2012,565.97
115,3,27,322,2013,558.6
115,3,27,322,2014,552.52
115,3,27,322,2015,546.88
115,3,27,322,2016,541.29
116,1,22,322,1990,1030.91
116,1,22,322,1991,983.69
116,1,22,322,1992,950.78
116,1,22,322,1993,934.73
116,1,22,322,1994,902.83
116,1,22,322,1995,885.47
116,1,22,322,1996,853.25
116,1,22,322,1997,831.21
116,1,22,322,1998,811.69
116,1,22,322,1999,784.64
116,1,22,322,2000,758.25
116,1,22,322,2001,756.49
116,1,22,322,2002,749.83
116,1,22,322,2003,752.74
116,1,22,322,2004,748.04
116,1,22,322,2005,736.07
116,1,22,322,2006,723.83
116,1,22,322,2007,721.55
116,1,22,322,2008,715.79
116,1,22,322,2009,692.96
116,1,22,322,2010,690.37
116,1,22,322,2011,684.04
116,1,22,322,2012,681.28
116,1,22,322,2013,677.59
116,1,22,322,2014,683.02
116,1,22,322,2015,680.43
116,1,22,322,2016,679.25
116,1,27,322,1990,1116.18
116,1,27,322,1991,1072.01
116,1,27,322,1992,1039.14
116,1,27,322,1993,1019.45
116,1,27,322,1994,989.82
116,1,27,322,1995,973.93
116,1,27,322,1996,950.66
116,1,27,322,1997,937.62
116,1,27,322,1998,925.2
116,1,27,322,1999,905.89
116,1,27,322,2000,882.75
116,1,27,322,2001,888.09
116,1,27,322,2002,889.11
116,1,27,322,2003,900.34
116,1,27,322,2004,903.45
116,1,27,322,2005,894.31
116,1,27,322,2006,871.57
116,1,27,322,2007,860.66
116,1,27,322,2008,846.5
116,1,27,322,2009,811.09
116,1,27,322,2010,801.02
116,1,27,322,2011,790.39
116,1,27,322,2012,785.95
116,1,27,322,2013,778.4
116,1,27,322,2014,782.2
116,1,27,322,2015,773.99
116,1,27,322,2016,766.04
116,2,22,322,1990,791.11
116,2,22,322,1991,757.74
116,2,22,322,1992,728
116,2,22,322,1993,705.74
116,2,22,322,1994,679.62
116,2,22,322,1995,647.89
116,2,22,322,1996,616.16
116,2,22,322,1997,595.38
116,2,22,322,1998,577.75
116,2,22,322,1999,557.99
116,2,22,322,2000,540.79
116,2,22,322,2001,547.05
116,2,22,322,2002,546.51
116,2,22,322,2003,542.54
116,2,22,322,2004,531.06
116,2,22,322,2005,517.43
116,2,22,322,2006,504.67
116,2,22,322,2007,499.01
116,2,22,322,2008,488.33
116,2,22,322,2009,474.43
116,2,22,322,2010,465.1
116,2,22,322,2011,458.02
116,2,22,322,2012,459.72
116,2,22,322,2013,456.56
116,2,22,322,2014,456.44
116,2,22,322,2015,451.36
116,2,22,322,2016,447.77
116,2,27,322,1990,809.03
116,2,27,322,1991,779.49
116,2,27,322,1992,757.9
116,2,27,322,1993,735
116,2,27,322,1994,713.39
116,2,27,322,1995,686.46
116,2,27,322,1996,660.51
116,2,27,322,1997,644.55
116,2,27,322,1998,633.59
116,2,27,322,1999,619.72
116,2,27,322,2000,607.92
116,2,27,322,2001,619.51
116,2,27,322,2002,622.29
116,2,27,322,2003,625.1
116,2,27,322,2004,617.4
116,2,27,322,2005,606.13
116,2,27,322,2006,590.61
116,2,27,322,2007,581.61
116,2,27,322,2008,567.71
116,2,27,322,2009,550.07
116,2,27,322,2010,535.86
116,2,27,322,2011,526.56
116,2,27,322,2012,527.2
116,2,27,322,2013,521.3
116,2,27,322,2014,518.84
116,2,27,322,2015,510.66
116,2,27,322,2016,502.43
116,3,22,322,1990,909.3
116,3,22,322,1991,869.03
116,3,22,322,1992,837.62
116,3,22,322,1993,818.25
116,3,22,322,1994,789.15
116,3,22,322,1995,764.36
116,3,22,322,1996,732.27
116,3,22,322,1997,710.84
116,3,22,322,1998,692.32
116,3,22,322,1999,669.02
116,3,22,322,2000,647.34
116,3,22,322,2001,649.69
116,3,22,322,2002,646.12
116,3,22,322,2003,645.48
116,3,22,322,2004,637.28
116,3,22,322,2005,624.45
116,3,22,322,2006,611.96
116,3,22,322,2007,608.03
116,3,22,322,2008,599.85
116,3,22,322,2009,581.65
116,3,22,322,2010,575.69
116,3,22,322,2011,568.98
116,3,22,322,2012,568.46
116,3,22,322,2013,565.01
116,3,22,322,2014,567.56
116,3,22,322,2015,563.66
116,3,22,322,2016,561.22
116,3,27,322,1990,957.87
116,3,27,322,1991,921.12
116,3,27,322,1992,894.35
116,3,27,322,1993,873.2
116,3,27,322,1994,848
116,3,27,322,1995,826.41
116,3,27,322,1996,801.9
116,3,27,322,1997,787.71
116,3,27,322,1998,776.06
116,3,27,322,1999,759.52
116,3,27,322,2000,742.22
116,3,27,322,2001,750.55
116,3,27,322,2002,752.29
116,3,27,322,2003,758.43
116,3,27,322,2004,755.41
116,3,27,322,2005,744.58
116,3,27,322,2006,725.7
116,3,27,322,2007,715.81
116,3,27,322,2008,701.72
116,3,27,322,2009,675.58
116,3,27,322,2010,663.2
116,3,27,322,2011,653.09
116,3,27,322,2012,651.63
116,3,27,322,2013,645.06
116,3,27,322,2014,645.63
116,3,27,322,2015,637.14
116,3,27,322,2016,628.8
117,1,22,322,1990,1263.27
117,1,22,322,1991,1241.28
117,1,22,322,1992,1219.16
117,1,22,322,1993,1208.74
117,1,22,322,1994,1200.83
117,1,22,322,1995,1182.58
117,1,22,322,1996,1154.89
117,1,22,322,1997,1152.5
117,1,22,322,1998,1150.26
117,1,22,322,1999,1119.01
117,1,22,322,2000,1069.5
117,1,22,322,2001,1049.21
117,1,22,322,2002,1029.16
117,1,22,322,2003,1005.77
117,1,22,322,2004,981.65
117,1,22,322,2005,964.05
117,1,22,322,2006,934.27
117,1,22,322,2007,926.73
117,1,22,322,2008,918.33
117,1,22,322,2009,918.56
117,1,22,322,2010,921.96
117,1,22,322,2011,931.42
117,1,22,322,2012,949.25
117,1,22,322,2013,963.46
117,1,22,322,2014,975.03
117,1,22,322,2015,975.62
117,1,22,322,2016,970.1
117,1,27,322,1990,1389.89
117,1,27,322,1991,1382.67
117,1,27,322,1992,1371.35
117,1,27,322,1993,1369.62
117,1,27,322,1994,1368.39
117,1,27,322,1995,1355.87
117,1,27,322,1996,1341.54
117,1,27,322,1997,1345.43
117,1,27,322,1998,1352.32
117,1,27,322,1999,1330.42
117,1,27,322,2000,1290.3
117,1,27,322,2001,1265.94
117,1,27,322,2002,1249.53
117,1,27,322,2003,1224.08
117,1,27,322,2004,1199.3
117,1,27,322,2005,1175.9
117,1,27,322,2006,1144.35
117,1,27,322,2007,1134.05
117,1,27,322,2008,1119.76
117,1,27,322,2009,1113.13
117,1,27,322,2010,1109.25
117,1,27,322,2011,1108.37
117,1,27,322,2012,1120.15
117,1,27,322,2013,1126.67
117,1,27,322,2014,1131.69
117,1,27,322,2015,1123.71
117,1,27,322,2016,1106.62
117,2,22,322,1990,939.91
117,2,22,322,1991,922.37
117,2,22,322,1992,911
117,2,22,322,1993,902.23
117,2,22,322,1994,897.39
117,2,22,322,1995,882.93
117,2,22,322,1996,873.42
117,2,22,322,1997,854.91
117,2,22,322,1998,846.53
117,2,22,322,1999,820.2
117,2,22,322,2000,785.4
117,2,22,322,2001,781.53
117,2,22,322,2002,773.61
117,2,22,322,2003,758.99
117,2,22,322,2004,740.42
117,2,22,322,2005,731.25
117,2,22,322,2006,712.83
117,2,22,322,2007,711.08
117,2,22,322,2008,708.78
117,2,22,322,2009,701.09
117,2,22,322,2010,696.24
117,2,22,322,2011,702.92
117,2,22,322,2012,715.48
117,2,22,322,2013,721.59
117,2,22,322,2014,724.62
117,2,22,322,2015,720.21
117,2,22,322,2016,707.39
117,2,27,322,1990,950.91
117,2,27,322,1991,948.14
117,2,27,322,1992,947.55
117,2,27,322,1993,944.84
117,2,27,322,1994,945.23
117,2,27,322,1995,936.23
117,2,27,322,1996,932.06
117,2,27,322,1997,915.85
117,2,27,322,1998,909.25
117,2,27,322,1999,888.48
117,2,27,322,2000,858.09
117,2,27,322,2001,856.62
117,2,27,322,2002,852.1
117,2,27,322,2003,840.51
117,2,27,322,2004,826.3
117,2,27,322,2005,819.27
117,2,27,322,2006,803
117,2,27,322,2007,802.33
117,2,27,322,2008,801.19
117,2,27,322,2009,791.06
117,2,27,322,2010,783.3
117,2,27,322,2011,787.1
117,2,27,322,2012,797.27
117,2,27,322,2013,799.36
117,2,27,322,2014,799.92
117,2,27,322,2015,793.82
117,2,27,322,2016,775.36
117,3,22,322,1990,1100.84
117,3,22,322,1991,1081.37
117,3,22,322,1992,1064.86
117,3,22,322,1993,1055.45
117,3,22,322,1994,1049.24
117,3,22,322,1995,1033.05
117,3,22,322,1996,1014.59
117,3,22,322,1997,1004.35
117,3,22,322,1998,999.22
117,3,22,322,1999,970.59
117,3,22,322,2000,928.53
117,3,22,322,2001,916.49
117,3,22,322,2002,902.52
117,3,22,322,2003,883.55
117,3,22,322,2004,862.23
117,3,22,322,2005,848.84
117,3,22,322,2006,824.69
117,3,22,322,2007,820.02
117,3,22,322,2008,814.64
117,3,22,322,2009,810.93
117,3,22,322,2010,810.23
117,3,22,322,2011,818.31
117,3,22,322,2012,833.51
117,3,22,322,2013,843.68
117,3,22,322,2014,851
117,3,22,322,2015,849.09
117,3,22,322,2016,839.91
117,3,27,322,1990,1159.17
117,3,27,322,1991,1155.02
117,3,27,322,1992,1149.83
117,3,27,322,1993,1148.03
117,3,27,322,1994,1148.17
117,3,27,322,1995,1138.21
117,3,27,322,1996,1128.93
117,3,27,322,1997,1122.55
117,3,27,322,1998,1122.19
117,3,27,322,1999,1101.24
117,3,27,322,2000,1066.01
117,3,27,322,2001,1054.37
117,3,27,322,2002,1044.29
117,3,27,322,2003,1026.96
117,3,27,322,2004,1008.44
117,3,27,322,2005,994.53
117,3,27,322,2006,970.67
117,3,27,322,2007,965.36
117,3,27,322,2008,958.27
117,3,27,322,2009,950.1
117,3,27,322,2010,944.47
117,3,27,322,2011,946.63
117,3,27,322,2012,957.67
117,3,27,322,2013,962.2
117,3,27,322,2014,964.96
117,3,27,322,2015,957.81
117,3,27,322,2016,940.02
118,1,22,322,1990,1778.45
118,1,22,322,1991,1723.15
118,1,22,322,1992,1695.33
118,1,22,322,1993,1690.68
118,1,22,322,1994,1679.81
118,1,22,322,1995,1658.42
118,1,22,322,1996,1639.68
118,1,22,322,1997,1623.37
118,1,22,322,1998,1610.47
118,1,22,322,1999,1605.03
118,1,22,322,2000,1593.39
118,1,22,322,2001,1590.33
118,1,22,322,2002,1588.77
118,1,22,322,2003,1579.31
118,1,22,322,2004,1549.27
118,1,22,322,2005,1500.08
118,1,22,322,2006,1474.41
118,1,22,322,2007,1448.28
118,1,22,322,2008,1424.55
118,1,22,322,2009,1393.04
118,1,22,322,2010,1360.07
118,1,22,322,2011,1321.08
118,1,22,322,2012,1291.96
118,1,22,322,2013,1264.47
118,1,22,322,2014,1234.87
118,1,22,322,2015,1198.59
118,1,22,322,2016,1149.42
118,1,27,322,1990,1621.37
118,1,27,322,1991,1598.44
118,1,27,322,1992,1593.67
118,1,27,322,1993,1605.37
118,1,27,322,1994,1603.47
118,1,27,322,1995,1591.31
118,1,27,322,1996,1591.91
118,1,27,322,1997,1599.56
118,1,27,322,1998,1612.79
118,1,27,322,1999,1627.85
118,1,27,322,2000,1637.74
118,1,27,322,2001,1649.2
118,1,27,322,2002,1659.1
118,1,27,322,2003,1660.36
118,1,27,322,2004,1642.11
118,1,27,322,2005,1608.17
118,1,27,322,2006,1598.77
118,1,27,322,2007,1591.04
118,1,27,322,2008,1584.32
118,1,27,322,2009,1568.98
118,1,27,322,2010,1552.43
118,1,27,322,2011,1528.31
118,1,27,322,2012,1509.78
118,1,27,322,2013,1491.43
118,1,27,322,2014,1466.2
118,1,27,322,2015,1430.45
118,1,27,322,2016,1370.61
118,2,22,322,1990,1408.32
118,2,22,322,1991,1361.75
118,2,22,322,1992,1328.95
118,2,22,322,1993,1321.67
118,2,22,322,1994,1311.82
118,2,22,322,1995,1291.58
118,2,22,322,1996,1266.72
118,2,22,322,1997,1244.1
118,2,22,322,1998,1222.05
118,2,22,322,1999,1212.56
118,2,22,322,2000,1194.68
118,2,22,322,2001,1185.32
118,2,22,322,2002,1166.97
118,2,22,322,2003,1143.49
118,2,22,322,2004,1111.08
118,2,22,322,2005,1072.06
118,2,22,322,2006,1043.39
118,2,22,322,2007,1015.05
118,2,22,322,2008,988.6
118,2,22,322,2009,959.52
118,2,22,322,2010,932.79
118,2,22,322,2011,902.03
118,2,22,322,2012,880.43
118,2,22,322,2013,860.56
118,2,22,322,2014,842.51
118,2,22,322,2015,820.93
118,2,22,322,2016,791.72
118,2,27,322,1990,1215.05
118,2,27,322,1991,1185.73
118,2,27,322,1992,1174.72
118,2,27,322,1993,1182.18
118,2,27,322,1994,1182.66
118,2,27,322,1995,1173.29
118,2,27,322,1996,1166.2
118,2,27,322,1997,1164.92
118,2,27,322,1998,1164.65
118,2,27,322,1999,1171.88
118,2,27,322,2000,1169.59
118,2,27,322,2001,1171.71
118,2,27,322,2002,1164.63
118,2,27,322,2003,1149.11
118,2,27,322,2004,1124.78
118,2,27,322,2005,1095.14
118,2,27,322,2006,1078.63
118,2,27,322,2007,1061.71
118,2,27,322,2008,1045.05
118,2,27,322,2009,1025.55
118,2,27,322,2010,1008.08
118,2,27,322,2011,986.15
118,2,27,322,2012,971.9
118,2,27,322,2013,958.15
118,2,27,322,2014,943.86
118,2,27,322,2015,922.86
118,2,27,322,2016,889.47
118,3,22,322,1990,1596.44
118,3,22,322,1991,1545.38
118,3,22,322,1992,1515.04
118,3,22,322,1993,1508.99
118,3,22,322,1994,1498.54
118,3,22,322,1995,1477.64
118,3,22,322,1996,1455.8
118,3,22,322,1997,1436.32
118,3,22,322,1998,1418.84
118,3,22,322,1999,1411.3
118,3,22,322,2000,1396.45
118,3,22,322,2001,1390.11
118,3,22,322,2002,1380.02
118,3,22,322,2003,1363.37
118,3,22,322,2004,1331.92
118,3,22,322,2005,1287.55
118,3,22,322,2006,1260.22
118,3,22,322,2007,1232.82
118,3,22,322,2008,1207.55
118,3,22,322,2009,1177.09
118,3,22,322,2010,1147.11
118,3,22,322,2011,1112.02
118,3,22,322,2012,1086.58
118,3,22,322,2013,1062.89
118,3,22,322,2014,1039.06
118,3,22,322,2015,1010.1
118,3,22,322,2016,970.9
118,3,27,322,1990,1413.63
118,3,27,322,1991,1386.43
118,3,27,322,1992,1378.43
118,3,27,322,1993,1387.84
118,3,27,322,1994,1387.1
118,3,27,322,1995,1376.34
118,3,27,322,1996,1373.02
118,3,27,322,1997,1376.22
118,3,27,322,1998,1382.53
118,3,27,322,1999,1393.37
118,3,27,322,2000,1396.51
118,3,27,322,2001,1402.81
118,3,27,322,2002,1403.86
118,3,27,322,2003,1396.02
118,3,27,322,2004,1373.94
118,3,27,322,2005,1341.39
118,3,27,322,2006,1327.97
118,3,27,322,2007,1314.78
118,3,27,322,2008,1302.12
118,3,27,322,2009,1283.87
118,3,27,322,2010,1266.23
118,3,27,322,2011,1242.55
118,3,27,322,2012,1226
118,3,27,322,2013,1210
118,3,27,322,2014,1190.63
118,3,27,322,2015,1162.43
118,3,27,322,2016,1116.87
119,1,22,322,1990,1010.55
119,1,22,322,1991,963.62
119,1,22,322,1992,931.23
119,1,22,322,1993,893.15
119,1,22,322,1994,877.43
119,1,22,322,1995,869.29
119,1,22,322,1996,862.39
119,1,22,322,1997,837.13
119,1,22,322,1998,814.96
119,1,22,322,1999,786.47
119,1,22,322,2000,760.46
119,1,22,322,2001,753.79
119,1,22,322,2002,757.77
119,1,22,322,2003,747.5
119,1,22,322,2004,738.22
119,1,22,322,2005,724.87
119,1,22,322,2006,707.74
119,1,22,322,2007,701.67
119,1,22,322,2008,690.44
119,1,22,322,2009,691.28
119,1,22,322,2010,683.49
119,1,22,322,2011,680.36
119,1,22,322,2012,674.39
119,1,22,322,2013,669.23
119,1,22,322,2014,667.94
119,1,22,322,2015,667.23
119,1,22,322,2016,669.52
119,1,27,322,1990,1272.89
119,1,27,322,1991,1244.13
119,1,27,322,1992,1221.49
119,1,27,322,1993,1184.52
119,1,27,322,1994,1169.78
119,1,27,322,1995,1148.63
119,1,27,322,1996,1134.13
119,1,27,322,1997,1093.43
119,1,27,322,1998,1057.46
119,1,27,322,1999,1019.01
119,1,27,322,2000,974.99
119,1,27,322,2001,955.11
119,1,27,322,2002,950.73
119,1,27,322,2003,926.64
119,1,27,322,2004,902.68
119,1,27,322,2005,869.86
119,1,27,322,2006,839.09
119,1,27,322,2007,823.9
119,1,27,322,2008,806.79
119,1,27,322,2009,808.07
119,1,27,322,2010,801.77
119,1,27,322,2011,796.69
119,1,27,322,2012,787.72
119,1,27,322,2013,780.57
119,1,27,322,2014,777.5
119,1,27,322,2015,774.85
119,1,27,322,2016,772.47
119,2,22,322,1990,829.52
119,2,22,322,1991,792.6
119,2,22,322,1992,753.66
119,2,22,322,1993,723.66
119,2,22,322,1994,704.33
119,2,22,322,1995,671.25
119,2,22,322,1996,642.05
119,2,22,322,1997,611.84
119,2,22,322,1998,583.4
119,2,22,322,1999,570.76
119,2,22,322,2000,542.53
119,2,22,322,2001,533.29
119,2,22,322,2002,533.53
119,2,22,322,2003,524.82
119,2,22,322,2004,513.14
119,2,22,322,2005,507.63
119,2,22,322,2006,494.32
119,2,22,322,2007,479.27
119,2,22,322,2008,471.56
119,2,22,322,2009,458.52
119,2,22,322,2010,449.41
119,2,22,322,2011,440.25
119,2,22,322,2012,429.85
119,2,22,322,2013,422.4
119,2,22,322,2014,417.24
119,2,22,322,2015,413.3
119,2,22,322,2016,411.26
119,2,27,322,1990,920.67
119,2,27,322,1991,900.76
119,2,27,322,1992,875.96
119,2,27,322,1993,850.82
119,2,27,322,1994,830.36
119,2,27,322,1995,789.88
119,2,27,322,1996,754.62
119,2,27,322,1997,716.7
119,2,27,322,1998,683.03
119,2,27,322,1999,674.05
119,2,27,322,2000,643.24
119,2,27,322,2001,633.46
119,2,27,322,2002,631.99
119,2,27,322,2003,618.06
119,2,27,322,2004,597.97
119,2,27,322,2005,586.7
119,2,27,322,2006,566.01
119,2,27,322,2007,545.08
119,2,27,322,2008,536.14
119,2,27,322,2009,523.23
119,2,27,322,2010,515.45
119,2,27,322,2011,507.96
119,2,27,322,2012,498.98
119,2,27,322,2013,493.41
119,2,27,322,2014,489.98
119,2,27,322,2015,487.79
119,2,27,322,2016,485.9
119,3,22,322,1990,919.73
119,3,22,322,1991,877.81
119,3,22,322,1992,842.13
119,3,22,322,1993,808.08
119,3,22,322,1994,790.54
119,3,22,322,1995,769.87
119,3,22,322,1996,751.77
119,3,22,322,1997,724.01
119,3,22,322,1998,698.67
119,3,22,322,1999,678.11
119,3,22,322,2000,650.95
119,3,22,322,2001,642.91
119,3,22,322,2002,644.93
119,3,22,322,2003,635.37
119,3,22,322,2004,624.8
119,3,22,322,2005,615.34
119,3,22,322,2006,600.09
119,3,22,322,2007,589.45
119,3,22,322,2008,579.96
119,3,22,322,2009,573.76
119,3,22,322,2010,565.26
119,3,22,322,2011,559.02
119,3,22,322,2012,550.73
119,3,22,322,2013,544.32
119,3,22,322,2014,540.98
119,3,22,322,2015,538.54
119,3,22,322,2016,538.52
119,3,27,322,1990,1078.57
119,3,27,322,1991,1052.87
119,3,27,322,1992,1028.72
119,3,27,322,1993,997.23
119,3,27,322,1994,978.22
119,3,27,322,1995,946.92
119,3,27,322,1996,921.99
119,3,27,322,1997,883.27
119,3,27,322,1998,849.14
119,3,27,322,1999,826.51
119,3,27,322,2000,790.59
119,3,27,322,2001,776.64
119,3,27,322,2002,773.89
119,3,27,322,2003,754.74
119,3,27,322,2004,732.52
119,3,27,322,2005,712.55
119,3,27,322,2006,687.34
119,3,27,322,2007,669.29
119,3,27,322,2008,656.49
119,3,27,322,2009,649.62
119,3,27,322,2010,641.45
119,3,27,322,2011,635.46
119,3,27,322,2012,626.86
119,3,27,322,2013,620.6
119,3,27,322,2014,617.17
119,3,27,322,2015,614.68
119,3,27,322,2016,612.73
121,1,22,322,1990,12144
121,1,22,322,1991,11447.44
121,1,22,322,1992,10778.96
121,1,22,322,1993,10147.49
121,1,22,322,1994,9519.02
121,1,22,322,1995,8912.1
121,1,22,322,1996,8329.01
121,1,22,322,1997,7810.65
121,1,22,322,1998,7278.78
121,1,22,322,1999,6805.04
121,1,22,322,2000,6299.44
121,1,22,322,2001,5892.53
121,1,22,322,2002,5517.03
121,1,22,322,2003,5206.74
121,1,22,322,2004,4927.14
121,1,22,322,2005,4689.35
121,1,22,322,2006,4442.21
121,1,22,322,2007,4202.39
121,1,22,322,2008,3997.9
121,1,22,322,2009,3778.07
121,1,22,322,2010,3570.82
121,1,22,322,2011,3373.5
121,1,22,322,2012,3187.18
121,1,22,322,2013,3012.44
121,1,22,322,2014,2815.14
121,1,22,322,2015,2665.06
121,1,22,322,2016,2540.17
121,1,27,322,1990,7797.83
121,1,27,322,1991,7444.91
121,1,27,322,1992,7098.86
121,1,27,322,1993,6766.12
121,1,27,322,1994,6417.03
121,1,27,322,1995,6085.68
121,1,27,322,1996,5753.59
121,1,27,322,1997,5474.38
121,1,27,322,1998,5185.47
121,1,27,322,1999,4938.57
121,1,27,322,2000,4665.37
121,1,27,322,2001,4443.25
121,1,27,322,2002,4243.36
121,1,27,322,2003,4069.59
121,1,27,322,2004,3905.6
121,1,27,322,2005,3772.56
121,1,27,322,2006,3630.33
121,1,27,322,2007,3489.38
121,1,27,322,2008,3370.03
121,1,27,322,2009,3234.59
121,1,27,322,2010,3100.4
121,1,27,322,2011,2966.39
121,1,27,322,2012,2836.79
121,1,27,322,2013,2711.47
121,1,27,322,2014,2547.92
121,1,27,322,2015,2436.25
121,1,27,322,2016,2342.61
121,2,22,322,1990,12036.05
121,2,22,322,1991,11303.57
121,2,22,322,1992,10614.76
121,2,22,322,1993,9988.35
121,2,22,322,1994,9360.16
121,2,22,322,1995,8745.91
121,2,22,322,1996,8154.19
121,2,22,322,1997,7605.21
121,2,22,322,1998,7041.42
121,2,22,322,1999,6546.6
121,2,22,322,2000,6055.73
121,2,22,322,2001,5618.98
121,2,22,322,2002,5218.57
121,2,22,322,2003,4872.26
121,2,22,322,2004,4570.2
121,2,22,322,2005,4292.77
121,2,22,322,2006,4008.36
121,2,22,322,2007,3742.23
121,2,22,322,2008,3482.51
121,2,22,322,2009,3244.96
121,2,22,322,2010,3026.96
121,2,22,322,2011,2824.81
121,2,22,322,2012,2642.73
121,2,22,322,2013,2478.64
121,2,22,322,2014,2306.45
121,2,22,322,2015,2169.52
121,2,22,322,2016,2058.66
121,2,27,322,1990,7749.62
121,2,27,322,1991,7375.29
121,2,27,322,1992,7019.72
121,2,27,322,1993,6686.68
121,2,27,322,1994,6331.63
121,2,27,322,1995,5975.15
121,2,27,322,1996,5619.38
121,2,27,322,1997,5294.12
121,2,27,322,1998,4954.75
121,2,27,322,1999,4671.43
121,2,27,322,2000,4389.27
121,2,27,322,2001,4138.86
121,2,27,322,2002,3921.36
121,2,27,322,2003,3721.21
121,2,27,322,2004,3547.58
121,2,27,322,2005,3390.21
121,2,27,322,2006,3221.77
121,2,27,322,2007,3066.35
121,2,27,322,2008,2904.18
121,2,27,322,2009,2751.35
121,2,27,322,2010,2605.61
121,2,27,322,2011,2465.51
121,2,27,322,2012,2336.49
121,2,27,322,2013,2216.72
121,2,27,322,2014,2078.91
121,2,27,322,2015,1975.48
121,2,27,322,2016,1890.78
121,3,22,322,1990,12090.21
121,3,22,322,1991,11375.75
121,3,22,322,1992,10697.14
121,3,22,322,1993,10068.19
121,3,22,322,1994,9439.86
121,3,22,322,1995,8829.29
121,3,22,322,1996,8241.89
121,3,22,322,1997,7708.27
121,3,22,322,1998,7160.5
121,3,22,322,1999,6676.25
121,3,22,322,2000,6177.98
121,3,22,322,2001,5756.19
121,3,22,322,2002,5368.27
121,3,22,322,2003,5040.03
121,3,22,322,2004,4749.22
121,3,22,322,2005,4491.66
121,3,22,322,2006,4225.92
121,3,22,322,2007,3972.97
121,3,22,322,2008,3740.92
121,3,22,322,2009,3512.24
121,3,22,322,2010,3299.6
121,3,22,322,2011,3099.84
121,3,22,322,2012,2915.6
121,3,22,322,2013,2746.14
121,3,22,322,2014,2561.33
121,3,22,322,2015,2417.78
121,3,22,322,2016,2299.85
121,3,27,322,1990,7768.62
121,3,27,322,1991,7405.57
121,3,27,322,1992,7055.44
121,3,27,322,1993,6722.81
121,3,27,322,1994,6370.81
121,3,27,322,1995,6026.42
121,3,27,322,1996,5682.05
121,3,27,322,1997,5379.17
121,3,27,322,1998,5064.18
121,3,27,322,1999,4798.48
121,3,27,322,2000,4520.21
121,3,27,322,2001,4283.92
121,3,27,322,2002,4075.58
121,3,27,322,2003,3888.92
121,3,27,322,2004,3720.73
121,3,27,322,2005,3576.23
121,3,27,322,2006,3421.44
121,3,27,322,2007,3274.04
121,3,27,322,2008,3133.85
121,3,27,322,2009,2990.05
121,3,27,322,2010,2850.39
121,3,27,322,2011,2713.66
121,3,27,322,2012,2584.61
121,3,27,322,2013,2462.24
121,3,27,322,2014,2312.09
121,3,27,322,2015,2204.69
121,3,27,322,2016,2115.58
122,1,22,322,1990,3096.6
122,1,22,322,1991,2967.97
122,1,22,322,1992,2849.89
122,1,22,322,1993,2752.13
122,1,22,322,1994,2652.69
122,1,22,322,1995,2534.4
122,1,22,322,1996,2474.34
122,1,22,322,1997,2293.37
122,1,22,322,1998,2155.33
122,1,22,322,1999,2062
122,1,22,322,2000,1958.18
122,1,22,322,2001,1887.81
122,1,22,322,2002,1832.1
122,1,22,322,2003,1768.02
122,1,22,322,2004,1713.75
122,1,22,322,2005,1658.31
122,1,22,322,2006,1590.65
122,1,22,322,2007,1524.76
122,1,22,322,2008,1454.85
122,1,22,322,2009,1386.54
122,1,22,322,2010,1321.27
122,1,22,322,2011,1243.63
122,1,22,322,2012,1175.87
122,1,22,322,2013,1116.11
122,1,22,322,2014,1059.42
122,1,22,322,2015,1026.77
122,1,22,322,2016,992.51
122,1,27,322,1990,2403.26
122,1,27,322,1991,2333.77
122,1,27,322,1992,2268.19
122,1,27,322,1993,2212.61
122,1,27,322,1994,2155.58
122,1,27,322,1995,2092.43
122,1,27,322,1996,2064.87
122,1,27,322,1997,1951.77
122,1,27,322,1998,1871.58
122,1,27,322,1999,1821.28
122,1,27,322,2000,1757.83
122,1,27,322,2001,1715.44
122,1,27,322,2002,1682.83
122,1,27,322,2003,1641.17
122,1,27,322,2004,1606.59
122,1,27,322,2005,1566.23
122,1,27,322,2006,1516.49
122,1,27,322,2007,1467.24
122,1,27,322,2008,1411.05
122,1,27,322,2009,1357.13
122,1,27,322,2010,1303.34
122,1,27,322,2011,1238.03
122,1,27,322,2012,1179.47
122,1,27,322,2013,1127.43
122,1,27,322,2014,1077.01
122,1,27,322,2015,1048.68
122,1,27,322,2016,1018.31
122,2,22,322,1990,2845.75
122,2,22,322,1991,2701.32
122,2,22,322,1992,2588.27
122,2,22,322,1993,2469.33
122,2,22,322,1994,2371.5
122,2,22,322,1995,2229.31
122,2,22,322,1996,2155.06
122,2,22,322,1997,1969.65
122,2,22,322,1998,1844.93
122,2,22,322,1999,1755.66
122,2,22,322,2000,1654.77
122,2,22,322,2001,1581.6
122,2,22,322,2002,1519.03
122,2,22,322,2003,1449.23
122,2,22,322,2004,1405.26
122,2,22,322,2005,1346.16
122,2,22,322,2006,1285
122,2,22,322,2007,1246.19
122,2,22,322,2008,1189.72
122,2,22,322,2009,1133.81
122,2,22,322,2010,1077.88
122,2,22,322,2011,1018.65
122,2,22,322,2012,967.03
122,2,22,322,2013,924.16
122,2,22,322,2014,876.02
122,2,22,322,2015,840.69
122,2,22,322,2016,807.12
122,2,27,322,1990,2160.26
122,2,27,322,1991,2074.88
122,2,27,322,1992,2009.65
122,2,27,322,1993,1944.17
122,2,27,322,1994,1887.09
122,2,27,322,1995,1804.54
122,2,27,322,1996,1764.09
122,2,27,322,1997,1642.53
122,2,27,322,1998,1565.07
122,2,27,322,1999,1507.2
122,2,27,322,2000,1444.57
122,2,27,322,2001,1395.43
122,2,27,322,2002,1357.76
122,2,27,322,2003,1310.64
122,2,27,322,2004,1279.73
122,2,27,322,2005,1236.29
122,2,27,322,2006,1191.41
122,2,27,322,2007,1163.25
122,2,27,322,2008,1119.6
122,2,27,322,2009,1076.29
122,2,27,322,2010,1032.14
122,2,27,322,2011,982.84
122,2,27,322,2012,939.64
122,2,27,322,2013,901.83
122,2,27,322,2014,858.8
122,2,27,322,2015,827.04
122,2,27,322,2016,796.46
122,3,22,322,1990,2971.83
122,3,22,322,1991,2835.32
122,3,22,322,1992,2719.72
122,3,22,322,1993,2611.4
122,3,22,322,1994,2512.74
122,3,22,322,1995,2382.52
122,3,22,322,1996,2315.35
122,3,22,322,1997,2132.12
122,3,22,322,1998,2000.67
122,3,22,322,1999,1909.32
122,3,22,322,2000,1806.92
122,3,22,322,2001,1735.11
122,3,22,322,2002,1675.94
122,3,22,322,2003,1608.97
122,3,22,322,2004,1559.8
122,3,22,322,2005,1502.5
122,3,22,322,2006,1438.05
122,3,22,322,2007,1385.65
122,3,22,322,2008,1322.42
122,3,22,322,2009,1260.28
122,3,22,322,2010,1199.66
122,3,22,322,2011,1131.19
122,3,22,322,2012,1071.48
122,3,22,322,2013,1020.15
122,3,22,322,2014,967.72
122,3,22,322,2015,933.72
122,3,22,322,2016,899.8
122,3,27,322,1990,2279.65
122,3,27,322,1991,2202.16
122,3,27,322,1992,2136.59
122,3,27,322,1993,2076.41
122,3,27,322,1994,2019.38
122,3,27,322,1995,1946.59
122,3,27,322,1996,1912.6
122,3,27,322,1997,1795.11
122,3,27,322,1998,1715.93
122,3,27,322,1999,1661.38
122,3,27,322,2000,1598.3
122,3,27,322,2001,1552.28
122,3,27,322,2002,1517.17
122,3,27,322,2003,1472.78
122,3,27,322,2004,1439.72
122,3,27,322,2005,1397.82
122,3,27,322,2006,1350.5
122,3,27,322,2007,1311.61
122,3,27,322,2008,1261.78
122,3,27,322,2009,1213.22
122,3,27,322,2010,1164.48
122,3,27,322,2011,1107.27
122,3,27,322,2012,1056.53
122,3,27,322,2013,1011.56
122,3,27,322,2014,964.84
122,3,27,322,2015,934.66
122,3,27,322,2016,904.07
123,1,22,322,1990,7196.24
123,1,22,322,1991,6594.14
123,1,22,322,1992,5954.13
123,1,22,322,1993,5464.36
123,1,22,322,1994,4911.22
123,1,22,322,1995,4365.93
123,1,22,322,1996,3992.64
123,1,22,322,1997,3623.05
123,1,22,322,1998,3284.76
123,1,22,322,1999,2986.03
123,1,22,322,2000,2712.87
123,1,22,322,2001,2490.23
123,1,22,322,2002,2319.3
123,1,22,322,2003,2196.12
123,1,22,322,2004,2106.12
123,1,22,322,2005,2042.68
123,1,22,322,2006,1981.84
123,1,22,322,2007,1922.79
123,1,22,322,2008,1875.5
123,1,22,322,2009,1853.15
123,1,22,322,2010,1828.11
123,1,22,322,2011,1785.65
123,1,22,322,2012,1733.4
123,1,22,322,2013,1677.74
123,1,22,322,2014,1616.79
123,1,22,322,2015,1561.5
123,1,22,322,2016,1506.58
123,1,27,322,1990,5667.11
123,1,27,322,1991,5323.69
123,1,27,322,1992,4964.68
123,1,27,322,1993,4701
123,1,27,322,1994,4365.51
123,1,27,322,1995,4011.8
123,1,27,322,1996,3772.78
123,1,27,322,1997,3529.57
123,1,27,322,1998,3306.73
123,1,27,322,1999,3110.99
123,1,27,322,2000,2913.43
123,1,27,322,2001,2742.29
123,1,27,322,2002,2608.49
123,1,27,322,2003,2510.64
123,1,27,322,2004,2432.52
123,1,27,322,2005,2370.91
123,1,27,322,2006,2307.29
123,1,27,322,2007,2246.86
123,1,27,322,2008,2192.66
123,1,27,322,2009,2166.96
123,1,27,322,2010,2132.36
123,1,27,322,2011,2076.72
123,1,27,322,2012,2006.39
123,1,27,322,2013,1927.85
123,1,27,322,2014,1843.69
123,1,27,322,2015,1774.96
123,1,27,322,2016,1708.38
123,2,22,322,1990,6536.51
123,2,22,322,1991,5950.52
123,2,22,322,1992,5319.86
123,2,22,322,1993,4828.14
123,2,22,322,1994,4275.97
123,2,22,322,1995,3748.77
123,2,22,322,1996,3368.66
123,2,22,322,1997,3012.17
123,2,22,322,1998,2697.93
123,2,22,322,1999,2424.73
123,2,22,322,2000,2193.47
123,2,22,322,2001,2010.32
123,2,22,322,2002,1870.7
123,2,22,322,2003,1767.76
123,2,22,322,2004,1683.84
123,2,22,322,2005,1615.13
123,2,22,322,2006,1542.71
123,2,22,322,2007,1472.94
123,2,22,322,2008,1428.01
123,2,22,322,2009,1404.54
123,2,22,322,2010,1377.04
123,2,22,322,2011,1342.63
123,2,22,322,2012,1304.71
123,2,22,322,2013,1257.85
123,2,22,322,2014,1205.47
123,2,22,322,2015,1168.33
123,2,22,322,2016,1133.5
123,2,27,322,1990,5123.67
123,2,27,322,1991,4773
123,2,27,322,1992,4399.11
123,2,27,322,1993,4113.99
123,2,27,322,1994,3759.38
123,2,27,322,1995,3399.37
123,2,27,322,1996,3134.22
123,2,27,322,1997,2878.55
123,2,27,322,1998,2649.92
123,2,27,322,1999,2448.24
123,2,27,322,2000,2272.5
123,2,27,322,2001,2131.48
123,2,27,322,2002,2021.78
123,2,27,322,2003,1933.7
123,2,27,322,2004,1853.86
123,2,27,322,2005,1782.79
123,2,27,322,2006,1706.11
123,2,27,322,2007,1629.18
123,2,27,322,2008,1580.22
123,2,27,322,2009,1552.91
123,2,27,322,2010,1514.28
123,2,27,322,2011,1465.56
123,2,27,322,2012,1410.83
123,2,27,322,2013,1347.91
123,2,27,322,2014,1280
123,2,27,322,2015,1237.02
123,2,27,322,2016,1196.77
123,3,22,322,1990,6866.25
123,3,22,322,1991,6272.2
123,3,22,322,1992,5636.87
123,3,22,322,1993,5146.14
123,3,22,322,1994,4593.5
123,3,22,322,1995,4057.27
123,3,22,322,1996,3680.56
123,3,22,322,1997,3317.52
123,3,22,322,1998,2991.26
123,3,22,322,1999,2705.3
123,3,22,322,2000,2453.1
123,3,22,322,2001,2250.18
123,3,22,322,2002,2094.89
123,3,22,322,2003,1981.81
123,3,22,322,2004,1894.82
123,3,22,322,2005,1828.74
123,3,22,322,2006,1762.15
123,3,22,322,2007,1697.78
123,3,22,322,2008,1651.69
123,3,22,322,2009,1628.79
123,3,22,322,2010,1602.52
123,3,22,322,2011,1564.06
123,3,22,322,2012,1518.94
123,3,22,322,2013,1467.69
123,3,22,322,2014,1411.02
123,3,22,322,2015,1364.81
123,3,22,322,2016,1319.94
123,3,27,322,1990,5384.29
123,3,27,322,1991,5037.5
123,3,27,322,1992,4671.35
123,3,27,322,1993,4397.23
123,3,27,322,1994,4052.44
123,3,27,322,1995,3695.63
123,3,27,322,1996,3443.39
123,3,27,322,1997,3193.48
123,3,27,322,1998,2967.03
123,3,27,322,1999,2767.34
123,3,27,322,2000,2580.31
123,3,27,322,2001,2423.99
123,3,27,322,2002,2301.91
123,3,27,322,2003,2207.65
123,3,27,322,2004,2127.4
123,3,27,322,2005,2060.06
123,3,27,322,2006,1989.43
123,3,27,322,2007,1920.04
123,3,27,322,2008,1869.12
123,3,27,322,2009,1842.77
123,3,27,322,2010,1805.84
123,3,27,322,2011,1753.47
123,3,27,322,2012,1690.86
123,3,27,322,2013,1620.63
123,3,27,322,2014,1545.15
123,3,27,322,2015,1490.92
123,3,27,322,2016,1439.1
125,1,22,322,1990,1410.24
125,1,22,322,1991,1394.68
125,1,22,322,1992,1356.81
125,1,22,322,1993,1322.01
125,1,22,322,1994,1264.15
125,1,22,322,1995,1199.23
125,1,22,322,1996,1144.84
125,1,22,322,1997,1073.88
125,1,22,322,1998,998.88
125,1,22,322,1999,956.32
125,1,22,322,2000,910.88
125,1,22,322,2001,867.07
125,1,22,322,2002,835.22
125,1,22,322,2003,785.49
125,1,22,322,2004,762.04
125,1,22,322,2005,728.39
125,1,22,322,2006,716.01
125,1,22,322,2007,678.17
125,1,22,322,2008,652.39
125,1,22,322,2009,638.54
125,1,22,322,2010,601.65
125,1,22,322,2011,564.62
125,1,22,322,2012,536.31
125,1,22,322,2013,503.09
125,1,22,322,2014,479.03
125,1,22,322,2015,457.12
125,1,22,322,2016,438.84
125,1,27,322,1990,1258.61
125,1,27,322,1991,1265.08
125,1,27,322,1992,1246.86
125,1,27,322,1993,1227.4
125,1,27,322,1994,1189.13
125,1,27,322,1995,1148.06
125,1,27,322,1996,1119.18
125,1,27,322,1997,1067.04
125,1,27,322,1998,1011.03
125,1,27,322,1999,987.34
125,1,27,322,2000,956.25
125,1,27,322,2001,924.51
125,1,27,322,2002,903.41
125,1,27,322,2003,858.87
125,1,27,322,2004,844.62
125,1,27,322,2005,816.05
125,1,27,322,2006,811.28
125,1,27,322,2007,772.54
125,1,27,322,2008,750.35
125,1,27,322,2009,735.96
125,1,27,322,2010,698.37
125,1,27,322,2011,660.47
125,1,27,322,2012,633.49
125,1,27,322,2013,600.14
125,1,27,322,2014,576.04
125,1,27,322,2015,553.37
125,1,27,322,2016,532.28
125,2,22,322,1990,1112.11
125,2,22,322,1991,1093.99
125,2,22,322,1992,1064.13
125,2,22,322,1993,1045.66
125,2,22,322,1994,1007.95
125,2,22,322,1995,963.84
125,2,22,322,1996,913.55
125,2,22,322,1997,856.35
125,2,22,322,1998,795.6
125,2,22,322,1999,749.46
125,2,22,322,2000,703.62
125,2,22,322,2001,662.91
125,2,22,322,2002,628.64
125,2,22,322,2003,604.62
125,2,22,322,2004,583.23
125,2,22,322,2005,563.45
125,2,22,322,2006,545.57
125,2,22,322,2007,513.86
125,2,22,322,2008,487.02
125,2,22,322,2009,469.59
125,2,22,322,2010,449.58
125,2,22,322,2011,421.11
125,2,22,322,2012,401.08
125,2,22,322,2013,378.64
125,2,22,322,2014,359.76
125,2,22,322,2015,342.46
125,2,22,322,2016,327.28
125,2,27,322,1990,992.35
125,2,27,322,1991,987.14
125,2,27,322,1992,972.63
125,2,27,322,1993,967
125,2,27,322,1994,947.24
125,2,27,322,1995,920.44
125,2,27,322,1996,889.85
125,2,27,322,1997,851.24
125,2,27,322,1998,806.91
125,2,27,322,1999,773.96
125,2,27,322,2000,738.14
125,2,27,322,2001,706.21
125,2,27,322,2002,676.03
125,2,27,322,2003,658.23
125,2,27,322,2004,640.91
125,2,27,322,2005,625.46
125,2,27,322,2006,610.8
125,2,27,322,2007,578.18
125,2,27,322,2008,550.84
125,2,27,322,2009,533.42
125,2,27,322,2010,515.08
125,2,27,322,2011,485.98
125,2,27,322,2012,465.97
125,2,27,322,2013,442.84
125,2,27,322,2014,424.13
125,2,27,322,2015,406.75
125,2,27,322,2016,389.95
125,3,22,322,1990,1260.2
125,3,22,322,1991,1243.28
125,3,22,322,1992,1209.36
125,3,22,322,1993,1182.72
125,3,22,322,1994,1134.95
125,3,22,322,1995,1080.46
125,3,22,322,1996,1028.09
125,3,22,322,1997,964.04
125,3,22,322,1998,896.2
125,3,22,322,1999,851.8
125,3,22,322,2000,806.13
125,3,22,322,2001,763.86
125,3,22,322,2002,730.76
125,3,22,322,2003,694
125,3,22,322,2004,671.57
125,3,22,322,2005,644.91
125,3,22,322,2006,629.72
125,3,22,322,2007,594.96
125,3,22,322,2008,568.62
125,3,22,322,2009,552.93
125,3,22,322,2010,524.57
125,3,22,322,2011,491.86
125,3,22,322,2012,467.73
125,3,22,322,2013,439.96
125,3,22,322,2014,418.5
125,3,22,322,2015,398.91
125,3,22,322,2016,382.18
125,3,27,322,1990,1121.53
125,3,27,322,1991,1121.65
125,3,27,322,1992,1105.24
125,3,27,322,1993,1092.81
125,3,27,322,1994,1064.16
125,3,27,322,1995,1030.14
125,3,27,322,1996,1000.29
125,3,27,322,1997,955.42
125,3,27,322,1998,905.54
125,3,27,322,1999,876.9
125,3,27,322,2000,843.22
125,3,27,322,2001,811.24
125,3,27,322,2002,784.82
125,3,27,322,2003,754.25
125,3,27,322,2004,738.04
125,3,27,322,2005,716.44
125,3,27,322,2006,706.33
125,3,27,322,2007,670.64
125,3,27,322,2008,645.44
125,3,27,322,2009,629.69
125,3,27,322,2010,602.52
125,3,27,322,2011,569.25
125,3,27,322,2012,545.5
125,3,27,322,2013,517.04
125,3,27,322,2014,495.67
125,3,27,322,2015,475.7
125,3,27,322,2016,456.78
126,1,22,322,1990,681.77
126,1,22,322,1991,637.42
126,1,22,322,1992,592.98
126,1,22,322,1993,552.04
126,1,22,322,1994,540.69
126,1,22,322,1995,525.8
126,1,22,322,1996,514.97
126,1,22,322,1997,509.26
126,1,22,322,1998,482.47
126,1,22,322,1999,435.59
126,1,22,322,2000,397.83
126,1,22,322,2001,370.82
126,1,22,322,2002,347.55
126,1,22,322,2003,329.26
126,1,22,322,2004,313.32
126,1,22,322,2005,301.41
126,1,22,322,2006,287.96
126,1,22,322,2007,279.33
126,1,22,322,2008,268.37
126,1,22,322,2009,261.41
126,1,22,322,2010,263.41
126,1,22,322,2011,262.4
126,1,22,322,2012,262.54
126,1,22,322,2013,264.87
126,1,22,322,2014,262.54
126,1,22,322,2015,257.9
126,1,22,322,2016,255.06
126,1,27,322,1990,659.72
126,1,27,322,1991,640.61
126,1,27,322,1992,618.77
126,1,27,322,1993,596.19
126,1,27,322,1994,594.48
126,1,27,322,1995,586.7
126,1,27,322,1996,579.34
126,1,27,322,1997,574.61
126,1,27,322,1998,549.37
126,1,27,322,1999,503.35
126,1,27,322,2000,465.4
126,1,27,322,2001,437.71
126,1,27,322,2002,413.24
126,1,27,322,2003,392.91
126,1,27,322,2004,374.39
126,1,27,322,2005,360.18
126,1,27,322,2006,343.83
126,1,27,322,2007,331.75
126,1,27,322,2008,317.07
126,1,27,322,2009,306.94
126,1,27,322,2010,307.91
126,1,27,322,2011,305.71
126,1,27,322,2012,305.41
126,1,27,322,2013,307.59
126,1,27,322,2014,303.77
126,1,27,322,2015,296.89
126,1,27,322,2016,291.23
126,2,22,322,1990,537.61
126,2,22,322,1991,496.32
126,2,22,322,1992,461.18
126,2,22,322,1993,426.66
126,2,22,322,1994,392.22
126,2,22,322,1995,369.41
126,2,22,322,1996,363.01
126,2,22,322,1997,343.27
126,2,22,322,1998,321.61
126,2,22,322,1999,300.91
126,2,22,322,2000,285.46
126,2,22,322,2001,266.96
126,2,22,322,2002,251.45
126,2,22,322,2003,238.81
126,2,22,322,2004,230.41
126,2,22,322,2005,217.63
126,2,22,322,2006,203.53
126,2,22,322,2007,192.6
126,2,22,322,2008,183.59
126,2,22,322,2009,179.21
126,2,22,322,2010,175.57
126,2,22,322,2011,170.57
126,2,22,322,2012,167.5
126,2,22,322,2013,166.06
126,2,22,322,2014,162.35
126,2,22,322,2015,158.37
126,2,22,322,2016,155.17
126,2,27,322,1990,500.86
126,2,27,322,1991,477.76
126,2,27,322,1992,457.7
126,2,27,322,1993,435.94
126,2,27,322,1994,411.71
126,2,27,322,1995,394.68
126,2,27,322,1996,390.04
126,2,27,322,1997,373.38
126,2,27,322,1998,354.04
126,2,27,322,1999,334.93
126,2,27,322,2000,320.52
126,2,27,322,2001,302.89
126,2,27,322,2002,287.82
126,2,27,322,2003,274.97
126,2,27,322,2004,266.39
126,2,27,322,2005,252.38
126,2,27,322,2006,236.92
126,2,27,322,2007,224.33
126,2,27,322,2008,213.7
126,2,27,322,2009,208.26
126,2,27,322,2010,203.96
126,2,27,322,2011,198.27
126,2,27,322,2012,194.97
126,2,27,322,2013,193.55
126,2,27,322,2014,189.34
126,2,27,322,2015,184.44
126,2,27,322,2016,179.84
126,3,22,322,1990,610.28
126,3,22,322,1991,567.41
126,3,22,322,1992,527.55
126,3,22,322,1993,489.77
126,3,22,322,1994,466.92
126,3,22,322,1995,448.07
126,3,22,322,1996,439.4
126,3,22,322,1997,426.68
126,3,22,322,1998,402.4
126,3,22,322,1999,368.53
126,3,22,322,2000,341.86
126,3,22,322,2001,319.07
126,3,22,322,2002,299.66
126,3,22,322,2003,284.18
126,3,22,322,2004,271.98
126,3,22,322,2005,259.64
126,3,22,322,2006,245.86
126,3,22,322,2007,236.07
126,3,22,322,2008,226.07
126,3,22,322,2009,220.39
126,3,22,322,2010,219.57
126,3,22,322,2011,216.55
126,3,22,322,2012,215.07
126,3,22,322,2013,215.51
126,3,22,322,2014,212.48
126,3,22,322,2015,208.16
126,3,22,322,2016,205.13
126,3,27,322,1990,578.15
126,3,27,322,1991,556.77
126,3,27,322,1992,535.5
126,3,27,322,1993,513.17
126,3,27,322,1994,500.22
126,3,27,322,1995,487.73
126,3,27,322,1996,481.61
126,3,27,322,1997,471.11
126,3,27,322,1998,448.99
126,3,27,322,1999,416.6
126,3,27,322,2000,390.5
126,3,27,322,2001,368
126,3,27,322,2002,348.38
126,3,27,322,2003,331.88
126,3,27,322,2004,318.41
126,3,27,322,2005,304.37
126,3,27,322,2006,288.56
126,3,27,322,2007,276.33
126,3,27,322,2008,263.7
126,3,27,322,2009,255.88
126,3,27,322,2010,254.23
126,3,27,322,2011,250.31
126,3,27,322,2012,248.49
126,3,27,322,2013,248.83
126,3,27,322,2014,244.71
126,3,27,322,2015,238.79
126,3,27,322,2016,233.65
127,1,22,322,1990,2425.64
127,1,22,322,1991,2353.96
127,1,22,322,1992,2280.72
127,1,22,322,1993,2231.75
127,1,22,322,1994,2214.47
127,1,22,322,1995,2198.4
127,1,22,322,1996,2195.85
127,1,22,322,1997,2179.75
127,1,22,322,1998,2136.89
127,1,22,322,1999,2051.35
127,1,22,322,2000,1954.64
127,1,22,322,2001,1855.79
127,1,22,322,2002,1735.25
127,1,22,322,2003,1641.54
127,1,22,322,2004,1547.59
127,1,22,322,2005,1457.63
127,1,22,322,2006,1393.25
127,1,22,322,2007,1330.08
127,1,22,322,2008,1277.66
127,1,22,322,2009,1243.05
127,1,22,322,2010,1168.37
127,1,22,322,2011,1130.03
127,1,22,322,2012,1091.33
127,1,22,322,2013,1061.23
127,1,22,322,2014,1023.79
127,1,22,322,2015,991.67
127,1,22,322,2016,963.34
127,1,27,322,1990,2071.81
127,1,27,322,1991,2042.67
127,1,27,322,1992,2008.52
127,1,27,322,1993,1986.78
127,1,27,322,1994,1988.87
127,1,27,322,1995,1990.51
127,1,27,322,1996,2006.48
127,1,27,322,1997,2015.6
127,1,27,322,1998,2006.42
127,1,27,322,1999,1964
127,1,27,322,2000,1910.77
127,1,27,322,2001,1852.53
127,1,27,322,2002,1771.25
127,1,27,322,2003,1704.34
127,1,27,322,2004,1628.19
127,1,27,322,2005,1554.51
127,1,27,322,2006,1499.15
127,1,27,322,2007,1449.31
127,1,27,322,2008,1403.45
127,1,27,322,2009,1368.61
127,1,27,322,2010,1285.3
127,1,27,322,2011,1246.36
127,1,27,322,2012,1213.74
127,1,27,322,2013,1192.6
127,1,27,322,2014,1149.65
127,1,27,322,2015,1110.54
127,1,27,322,2016,1074.09
127,2,22,322,1990,2108.51
127,2,22,322,1991,1997.24
127,2,22,322,1992,1890.59
127,2,22,322,1993,1810.28
127,2,22,322,1994,1754.33
127,2,22,322,1995,1699.57
127,2,22,322,1996,1666.17
127,2,22,322,1997,1619.81
127,2,22,322,1998,1548.35
127,2,22,322,1999,1454.9
127,2,22,322,2000,1353.31
127,2,22,322,2001,1256.99
127,2,22,322,2002,1171.26
127,2,22,322,2003,1099.9
127,2,22,322,2004,1028.88
127,2,22,322,2005,963.44
127,2,22,322,2006,909.51
127,2,22,322,2007,859.4
127,2,22,322,2008,820.46
127,2,22,322,2009,796.05
127,2,22,322,2010,756.71
127,2,22,322,2011,728.56
127,2,22,322,2012,705.88
127,2,22,322,2013,683.99
127,2,22,322,2014,664
127,2,22,322,2015,647.49
127,2,22,322,2016,630.8
127,2,27,322,1990,1784.81
127,2,27,322,1991,1718.99
127,2,27,322,1992,1659.7
127,2,27,322,1993,1616.23
127,2,27,322,1994,1590.28
127,2,27,322,1995,1558.13
127,2,27,322,1996,1547.32
127,2,27,322,1997,1524.32
127,2,27,322,1998,1478.13
127,2,27,322,1999,1415.67
127,2,27,322,2000,1343.36
127,2,27,322,2001,1276.16
127,2,27,322,2002,1216.26
127,2,27,322,2003,1165.34
127,2,27,322,2004,1107.54
127,2,27,322,2005,1050.72
127,2,27,322,2006,1001.81
127,2,27,322,2007,953.12
127,2,27,322,2008,912.32
127,2,27,322,2009,884.37
127,2,27,322,2010,839.03
127,2,27,322,2011,808.09
127,2,27,322,2012,784.45
127,2,27,322,2013,760.32
127,2,27,322,2014,734.1
127,2,27,322,2015,710.95
127,2,27,322,2016,685.89
127,3,22,322,1990,2263.35
127,3,22,322,1991,2171.22
127,3,22,322,1992,2080.66
127,3,22,322,1993,2015.39
127,3,22,322,1994,1977.99
127,3,22,322,1995,1941.73
127,3,22,322,1996,1922.97
127,3,22,322,1997,1890.87
127,3,22,322,1998,1832.8
127,3,22,322,1999,1742.69
127,3,22,322,2000,1642.96
127,3,22,322,2001,1544.94
127,3,22,322,2002,1441.98
127,3,22,322,2003,1359.41
127,3,22,322,2004,1276.93
127,3,22,322,2005,1199.32
127,3,22,322,2006,1139.99
127,3,22,322,2007,1083.25
127,3,22,322,2008,1037.5
127,3,22,322,2009,1007.87
127,3,22,322,2010,951.45
127,3,22,322,2011,918.14
127,3,22,322,2012,887.61
127,3,22,322,2013,861.58
127,3,22,322,2014,833.15
127,3,22,322,2015,809.08
127,3,22,322,2016,786.72
127,3,27,322,1990,1915.65
127,3,27,322,1991,1867.8
127,3,27,322,1992,1821.51
127,3,27,322,1993,1789.31
127,3,27,322,1994,1777.44
127,3,27,322,1995,1761.7
127,3,27,322,1996,1764.03
127,3,27,322,1997,1756.33
127,3,27,322,1998,1727.32
127,3,27,322,1999,1673.91
127,3,27,322,2000,1610.08
127,3,27,322,2001,1546.83
127,3,27,322,2002,1476.25
127,3,27,322,2003,1417.72
127,3,27,322,2004,1351.19
127,3,27,322,2005,1286.03
127,3,27,322,2006,1234.17
127,3,27,322,2007,1184.13
127,3,27,322,2008,1140.24
127,3,27,322,2009,1108.68
127,3,27,322,2010,1045.64
127,3,27,322,2011,1010.8
127,3,27,322,2012,982.36
127,3,27,322,2013,958.57
127,3,27,322,2014,924.45
127,3,27,322,2015,893.83
127,3,27,322,2016,863.31
128,1,22,322,1990,8070.05
128,1,22,322,1991,7952.02
128,1,22,322,1992,7947.38
128,1,22,322,1993,7816.1
128,1,22,322,1994,7594.76
128,1,22,322,1995,7386.28
128,1,22,322,1996,7249.88
128,1,22,322,1997,7110.1
128,1,22,322,1998,7117.03
128,1,22,322,1999,7087.54
128,1,22,322,2000,6846.65
128,1,22,322,2001,6297.3
128,1,22,322,2002,6377.31
128,1,22,322,2003,6286.97
128,1,22,322,2004,5952.8
128,1,22,322,2005,5543.14
128,1,22,322,2006,5148.95
128,1,22,322,2007,4715.91
128,1,22,322,2008,4352.37
128,1,22,322,2009,4022.15
128,1,22,322,2010,3732.62
128,1,22,322,2011,3474.65
128,1,22,322,2012,3252.6
128,1,22,322,2013,3065.79
128,1,22,322,2014,2860.61
128,1,22,322,2015,2738.65
128,1,22,322,2016,2632.09
128,1,27,322,1990,5877.68
128,1,27,322,1991,5893.72
128,1,27,322,1992,5945.39
128,1,27,322,1993,5900.95
128,1,27,322,1994,5822.74
128,1,27,322,1995,5707.81
128,1,27,322,1996,5639.07
128,1,27,322,1997,5598.27
128,1,27,322,1998,5625.55
128,1,27,322,1999,5624.93
128,1,27,322,2000,5487.28
128,1,27,322,2001,5171.55
128,1,27,322,2002,5187.7
128,1,27,322,2003,5114.04
128,1,27,322,2004,4922.31
128,1,27,322,2005,4665.17
128,1,27,322,2006,4404.6
128,1,27,322,2007,4121.14
128,1,27,322,2008,3879.55
128,1,27,322,2009,3661.4
128,1,27,322,2010,3476.77
128,1,27,322,2011,3306.93
128,1,27,322,2012,3151.4
128,1,27,322,2013,3022.12
128,1,27,322,2014,2886.24
128,1,27,322,2015,2803.36
128,1,27,322,2016,2729.1
128,2,22,322,1990,7541.07
128,2,22,322,1991,7406.68
128,2,22,322,1992,7292.79
128,2,22,322,1993,7101.14
128,2,22,322,1994,6840.69
128,2,22,322,1995,6514.07
128,2,22,322,1996,6293.65
128,2,22,322,1997,6069.49
128,2,22,322,1998,6028.83
128,2,22,322,1999,5977.83
128,2,22,322,2000,5585.63
128,2,22,322,2001,5056.46
128,2,22,322,2002,5135.56
128,2,22,322,2003,5054.83
128,2,22,322,2004,4713.09
128,2,22,322,2005,4331.87
128,2,22,322,2006,3993.3
128,2,22,322,2007,3650.56
128,2,22,322,2008,3350.97
128,2,22,322,2009,3082.95
128,2,22,322,2010,2871.38
128,2,22,322,2011,2684.72
128,2,22,322,2012,2507.76
128,2,22,322,2013,2361.32
128,2,22,322,2014,2204.06
128,2,22,322,2015,2105.97
128,2,22,322,2016,2015.98
128,2,27,322,1990,5701.44
128,2,27,322,1991,5697.69
128,2,27,322,1992,5625.89
128,2,27,322,1993,5478.5
128,2,27,322,1994,5281.99
128,2,27,322,1995,5011.23
128,2,27,322,1996,4832.82
128,2,27,322,1997,4703.02
128,2,27,322,1998,4691.39
128,2,27,322,1999,4666.21
128,2,27,322,2000,4439.2
128,2,27,322,2001,4125.06
128,2,27,322,2002,4153.63
128,2,27,322,2003,4094.66
128,2,27,322,2004,3881.62
128,2,27,322,2005,3634.74
128,2,27,322,2006,3413.02
128,2,27,322,2007,3186.19
128,2,27,322,2008,2989.34
128,2,27,322,2009,2816.19
128,2,27,322,2010,2681.87
128,2,27,322,2011,2552.28
128,2,27,322,2012,2422.29
128,2,27,322,2013,2314.65
128,2,27,322,2014,2193.74
128,2,27,322,2015,2119.65
128,2,27,322,2016,2045.75
128,3,22,322,1990,7803.61
128,3,22,322,1991,7676.93
128,3,22,322,1992,7616.7
128,3,22,322,1993,7454.38
128,3,22,322,1994,7212.68
128,3,22,322,1995,6943.69
128,3,22,322,1996,6763.88
128,3,22,322,1997,6580.4
128,3,22,322,1998,6562.34
128,3,22,322,1999,6521.2
128,3,22,322,2000,6202.45
128,3,22,322,2001,5663
128,3,22,322,2002,5742.25
128,3,22,322,2003,5656.62
128,3,22,322,2004,5318.45
128,3,22,322,2005,4923.29
128,3,22,322,2006,4557.57
128,3,22,322,2007,4170.8
128,3,22,322,2008,3840.08
128,3,22,322,2009,3541.78
128,3,22,322,2010,3292.21
128,3,22,322,2011,3070.78
128,3,22,322,2012,2871.85
128,3,22,322,2013,2705.73
128,3,22,322,2014,2525.1
128,3,22,322,2015,2415.4
128,3,22,322,2016,2317.37
128,3,27,322,1990,5790.17
128,3,27,322,1991,5795.69
128,3,27,322,1992,5783.21
128,3,27,322,1993,5684.62
128,3,27,322,1994,5542.75
128,3,27,322,1995,5345.28
128,3,27,322,1996,5217.97
128,3,27,322,1997,5129.73
128,3,27,322,1998,5135.52
128,3,27,322,1999,5120.7
128,3,27,322,2000,4938.23
128,3,27,322,2001,4623.62
128,3,27,322,2002,4645.44
128,3,27,322,2003,4578.96
128,3,27,322,2004,4376.36
128,3,27,322,2005,4124.53
128,3,27,322,2006,3884.29
128,3,27,322,2007,3630.08
128,3,27,322,2008,3411.95
128,3,27,322,2009,3217.65
128,3,27,322,2010,3058.92
128,3,27,322,2011,2909.32
128,3,27,322,2012,2766.97
128,3,27,322,2013,2648.51
128,3,27,322,2014,2519.17
128,3,27,322,2015,2440.42
128,3,27,322,2016,2365.74
129,1,22,322,1990,2247.45
129,1,22,322,1991,2096.66
129,1,22,322,1992,1949.68
129,1,22,322,1993,1823.46
129,1,22,322,1994,1727.37
129,1,22,322,1995,1645.13
129,1,22,322,1996,1569.61
129,1,22,322,1997,1502.85
129,1,22,322,1998,1444.12
129,1,22,322,1999,1344.68
129,1,22,322,2000,1268.97
129,1,22,322,2001,1203.53
129,1,22,322,2002,1140.79
129,1,22,322,2003,1084.72
129,1,22,322,2004,1034.58
129,1,22,322,2005,989.6
129,1,22,322,2006,947.18
129,1,22,322,2007,904.13
129,1,22,322,2008,866.64
129,1,22,322,2009,846.57
129,1,22,322,2010,818.2
129,1,22,322,2011,775.85
129,1,22,322,2012,743.4
129,1,22,322,2013,719.03
129,1,22,322,2014,679.47
129,1,22,322,2015,645.87
129,1,22,322,2016,618.27
129,1,27,322,1990,1434.9
129,1,27,322,1991,1380.94
129,1,27,322,1992,1323.83
129,1,27,322,1993,1274.01
129,1,27,322,1994,1238.06
129,1,27,322,1995,1207.19
129,1,27,322,1996,1178.89
129,1,27,322,1997,1155.08
129,1,27,322,1998,1134.52
129,1,27,322,1999,1087.07
129,1,27,322,2000,1052.29
129,1,27,322,2001,1022.28
129,1,27,322,2002,992.39
129,1,27,322,2003,964.69
129,1,27,322,2004,937.97
129,1,27,322,2005,910.96
129,1,27,322,2006,882.99
129,1,27,322,2007,852.84
129,1,27,322,2008,825.97
129,1,27,322,2009,811.08
129,1,27,322,2010,790.01
129,1,27,322,2011,751.06
129,1,27,322,2012,725.86
129,1,27,322,2013,707.77
129,1,27,322,2014,678.58
129,1,27,322,2015,653.87
129,1,27,322,2016,631.64
129,2,22,322,1990,2126.79
129,2,22,322,1991,1993.55
129,2,22,322,1992,1833.96
129,2,22,322,1993,1686.73
129,2,22,322,1994,1567.77
129,2,22,322,1995,1462.59
129,2,22,322,1996,1366.18
129,2,22,322,1997,1277.62
129,2,22,322,1998,1196.16
129,2,22,322,1999,1107.33
129,2,22,322,2000,1026.96
129,2,22,322,2001,953.87
129,2,22,322,2002,884.9
129,2,22,322,2003,825.52
129,2,22,322,2004,772.73
129,2,22,322,2005,726.99
129,2,22,322,2006,686.57
129,2,22,322,2007,644.91
129,2,22,322,2008,608.11
129,2,22,322,2009,580.36
129,2,22,322,2010,551.72
129,2,22,322,2011,520.41
129,2,22,322,2012,493.31
129,2,22,322,2013,471.54
129,2,22,322,2014,437.54
129,2,22,322,2015,408.71
129,2,22,322,2016,385.68
129,2,27,322,1990,1293.11
129,2,27,322,1991,1237.53
129,2,27,322,1992,1168.64
129,2,27,322,1993,1101.41
129,2,27,322,1994,1047.76
129,2,27,322,1995,1002.65
129,2,27,322,1996,958.89
129,2,27,322,1997,918.82
129,2,27,322,1998,881.45
129,2,27,322,1999,837.14
129,2,27,322,2000,796.14
129,2,27,322,2001,757.66
129,2,27,322,2002,719.88
129,2,27,322,2003,686.76
129,2,27,322,2004,655.93
129,2,27,322,2005,627.27
129,2,27,322,2006,599.68
129,2,27,322,2007,569.55
129,2,27,322,2008,542.52
129,2,27,322,2009,521.59
129,2,27,322,2010,499.95
129,2,27,322,2011,474.48
129,2,27,322,2012,453.86
129,2,27,322,2013,437.68
129,2,27,322,2014,411.98
129,2,27,322,2015,390.33
129,2,27,322,2016,372
129,3,22,322,1990,2187.32
129,3,22,322,1991,2045.26
129,3,22,322,1992,1891.98
129,3,22,322,1993,1755.26
129,3,22,322,1994,1647.74
129,3,22,322,1995,1554.03
129,3,22,322,1996,1468.05
129,3,22,322,1997,1390.37
129,3,22,322,1998,1320.24
129,3,22,322,1999,1226.07
129,3,22,322,2000,1148.01
129,3,22,322,2001,1078.73
129,3,22,322,2002,1012.86
129,3,22,322,2003,955.13
129,3,22,322,2004,903.66
129,3,22,322,2005,858.29
129,3,22,322,2006,816.88
129,3,22,322,2007,774.52
129,3,22,322,2008,737.38
129,3,22,322,2009,713.48
129,3,22,322,2010,684.98
129,3,22,322,2011,648.16
129,3,22,322,2012,618.38
129,3,22,322,2013,595.31
129,3,22,322,2014,558.54
129,3,22,322,2015,527.32
129,3,22,322,2016,502
129,3,27,322,1990,1361.04
129,3,27,322,1991,1305.75
129,3,27,322,1992,1242.69
129,3,27,322,1993,1184.13
129,3,27,322,1994,1139.34
129,3,27,322,1995,1101.48
129,3,27,322,1996,1065.53
129,3,27,322,1997,1033.68
129,3,27,322,1998,1004.83
129,3,27,322,1999,958.86
129,3,27,322,2000,921
129,3,27,322,2001,886.8
129,3,27,322,2002,853
129,3,27,322,2003,822.65
129,3,27,322,2004,793.97
129,3,27,322,2005,766.23
129,3,27,322,2006,738.49
129,3,27,322,2007,708.41
129,3,27,322,2008,681.52
129,3,27,322,2009,663.73
129,3,27,322,2010,642.43
129,3,27,322,2011,610.42
129,3,27,322,2012,587.54
129,3,27,322,2013,570.4
129,3,27,322,2014,542.94
129,3,27,322,2015,519.74
129,3,27,322,2016,499.48
130,1,22,322,1990,2586.91
130,1,22,322,1991,2454.07
130,1,22,322,1992,2329.59
130,1,22,322,1993,2196.05
130,1,22,322,1994,2080.37
130,1,22,322,1995,1955.33
130,1,22,322,1996,1829.99
130,1,22,322,1997,1687.07
130,1,22,322,1998,1545.51
130,1,22,322,1999,1409.26
130,1,22,322,2000,1282
130,1,22,322,2001,1172.35
130,1,22,322,2002,1096.46
130,1,22,322,2003,1025.04
130,1,22,322,2004,961.49
130,1,22,322,2005,905.43
130,1,22,322,2006,852.96
130,1,22,322,2007,806.93
130,1,22,322,2008,786.6
130,1,22,322,2009,768.67
130,1,22,322,2010,746.53
130,1,22,322,2011,719.13
130,1,22,322,2012,689.35
130,1,22,322,2013,670.17
130,1,22,322,2014,646.99
130,1,22,322,2015,617.36
130,1,22,322,2016,600.5
130,1,27,322,1990,1919.13
130,1,27,322,1991,1836.86
130,1,27,322,1992,1764.64
130,1,27,322,1993,1685.78
130,1,27,322,1994,1615.1
130,1,27,322,1995,1539.11
130,1,27,322,1996,1462.95
130,1,27,322,1997,1378.21
130,1,27,322,1998,1290.51
130,1,27,322,1999,1198.98
130,1,27,322,2000,1112.45
130,1,27,322,2001,1039.26
130,1,27,322,2002,995.48
130,1,27,322,2003,954.11
130,1,27,322,2004,912.84
130,1,27,322,2005,882.48
130,1,27,322,2006,848.09
130,1,27,322,2007,817.5
130,1,27,322,2008,812.63
130,1,27,322,2009,803.5
130,1,27,322,2010,789.36
130,1,27,322,2011,767.23
130,1,27,322,2012,743.76
130,1,27,322,2013,732.75
130,1,27,322,2014,713.51
130,1,27,322,2015,686.09
130,1,27,322,2016,669.6
130,2,22,322,1990,2077.16
130,2,22,322,1991,1960.54
130,2,22,322,1992,1848.31
130,2,22,322,1993,1736.55
130,2,22,322,1994,1641.28
130,2,22,322,1995,1543.53
130,2,22,322,1996,1440.69
130,2,22,322,1997,1322.71
130,2,22,322,1998,1197.32
130,2,22,322,1999,1090.82
130,2,22,322,2000,988.88
130,2,22,322,2001,907.32
130,2,22,322,2002,847.54
130,2,22,322,2003,788.09
130,2,22,322,2004,737.43
130,2,22,322,2005,687.76
130,2,22,322,2006,642.99
130,2,22,322,2007,602.07
130,2,22,322,2008,575
130,2,22,322,2009,560.3
130,2,22,322,2010,531.05
130,2,22,322,2011,506.73
130,2,22,322,2012,486.18
130,2,22,322,2013,473.17
130,2,22,322,2014,458.88
130,2,22,322,2015,433.85
130,2,22,322,2016,418.56
130,2,27,322,1990,1530.22
130,2,27,322,1991,1454.67
130,2,27,322,1992,1386.78
130,2,27,322,1993,1320.67
130,2,27,322,1994,1261.94
130,2,27,322,1995,1204.88
130,2,27,322,1996,1141.98
130,2,27,322,1997,1069.7
130,2,27,322,1998,988.66
130,2,27,322,1999,918.26
130,2,27,322,2000,847.58
130,2,27,322,2001,793.95
130,2,27,322,2002,757.95
130,2,27,322,2003,721.66
130,2,27,322,2004,688.86
130,2,27,322,2005,659.02
130,2,27,322,2006,628.37
130,2,27,322,2007,599.61
130,2,27,322,2008,583.23
130,2,27,322,2009,576.28
130,2,27,322,2010,552
130,2,27,322,2011,531.85
130,2,27,322,2012,516.33
130,2,27,322,2013,508.59
130,2,27,322,2014,497.75
130,2,27,322,2015,474.27
130,2,27,322,2016,459.66
130,3,22,322,1990,2330.77
130,3,22,322,1991,2206.02
130,3,22,322,1992,2087.63
130,3,22,322,1993,1964.98
130,3,22,322,1994,1859.52
130,3,22,322,1995,1748.18
130,3,22,322,1996,1634.14
130,3,22,322,1997,1503.76
130,3,22,322,1998,1370.35
130,3,22,322,1999,1249.08
130,3,22,322,2000,1134.56
130,3,22,322,2001,1039.05
130,3,22,322,2002,971.27
130,3,22,322,2003,905.89
130,3,22,322,2004,848.83
130,3,22,322,2005,795.99
130,3,22,322,2006,747.4
130,3,22,322,2007,703.94
130,3,22,322,2008,680.23
130,3,22,322,2009,663.93
130,3,22,322,2010,638.22
130,3,22,322,2011,612.37
130,3,22,322,2012,587.24
130,3,22,322,2013,571.17
130,3,22,322,2014,552.46
130,3,22,322,2015,525.14
130,3,22,322,2016,509.08
130,3,27,322,1990,1719.85
130,3,27,322,1991,1640.84
130,3,27,322,1992,1570.76
130,3,27,322,1993,1498.4
130,3,27,322,1994,1433.73
130,3,27,322,1995,1367.42
130,3,27,322,1996,1298.01
130,3,27,322,1997,1219.57
130,3,27,322,1998,1135.31
130,3,27,322,1999,1054.59
130,3,27,322,2000,976.07
130,3,27,322,2001,912.77
130,3,27,322,2002,872.76
130,3,27,322,2003,833.88
130,3,27,322,2004,796.95
130,3,27,322,2005,766.85
130,3,27,322,2006,734.42
130,3,27,322,2007,704.86
130,3,27,322,2008,694.04
130,3,27,322,2009,686.15
130,3,27,322,2010,666.76
130,3,27,322,2011,645.69
130,3,27,322,2012,626.31
130,3,27,322,2013,616.82
130,3,27,322,2014,601.87
130,3,27,322,2015,576.38
130,3,27,322,2016,560.87
131,1,22,322,1990,3352.07
131,1,22,322,1991,3139.97
131,1,22,322,1992,2952.06
131,1,22,322,1993,2787.55
131,1,22,322,1994,2652.46
131,1,22,322,1995,2511.49
131,1,22,322,1996,2359.14
131,1,22,322,1997,2274.66
131,1,22,322,1998,2188.18
131,1,22,322,1999,2091.42
131,1,22,322,2000,2022.94
131,1,22,322,2001,1937.14
131,1,22,322,2002,1863.88
131,1,22,322,2003,1780.37
131,1,22,322,2004,1698.27
131,1,22,322,2005,1617.43
131,1,22,322,2006,1566.11
131,1,22,322,2007,1490.24
131,1,22,322,2008,1415.42
131,1,22,322,2009,1331.33
131,1,22,322,2010,1233.93
131,1,22,322,2011,1159
131,1,22,322,2012,1091.42
131,1,22,322,2013,1022.95
131,1,22,322,2014,942.02
131,1,22,322,2015,865.49
131,1,22,322,2016,799.02
131,1,27,322,1990,2256.52
131,1,27,322,1991,2133.45
131,1,27,322,1992,2031.38
131,1,27,322,1993,1939.46
131,1,27,322,1994,1858.57
131,1,27,322,1995,1772.93
131,1,27,322,1996,1680.04
131,1,27,322,1997,1628.9
131,1,27,322,1998,1577.42
131,1,27,322,1999,1524.42
131,1,27,322,2000,1491.87
131,1,27,322,2001,1451.11
131,1,27,322,2002,1420.74
131,1,27,322,2003,1384.21
131,1,27,322,2004,1347.58
131,1,27,322,2005,1308.64
131,1,27,322,2006,1288.88
131,1,27,322,2007,1251.71
131,1,27,322,2008,1214.61
131,1,27,322,2009,1169.4
131,1,27,322,2010,1105.11
131,1,27,322,2011,1063.23
131,1,27,322,2012,1027.41
131,1,27,322,2013,989.12
131,1,27,322,2014,937.37
131,1,27,322,2015,885.79
131,1,27,322,2016,835.49
131,2,22,322,1990,3041.81
131,2,22,322,1991,2856.25
131,2,22,322,1992,2685.85
131,2,22,322,1993,2546.43
131,2,22,322,1994,2358.35
131,2,22,322,1995,2168
131,2,22,322,1996,1977.93
131,2,22,322,1997,1824.49
131,2,22,322,1998,1681.99
131,2,22,322,1999,1568.02
131,2,22,322,2000,1462.26
131,2,22,322,2001,1355.31
131,2,22,322,2002,1269.1
131,2,22,322,2003,1183.3
131,2,22,322,2004,1109.28
131,2,22,322,2005,1036.33
131,2,22,322,2006,978.94
131,2,22,322,2007,917.03
131,2,22,322,2008,860.54
131,2,22,322,2009,806.3
131,2,22,322,2010,746.05
131,2,22,322,2011,696.94
131,2,22,322,2012,651.97
131,2,22,322,2013,606.67
131,2,22,322,2014,558.12
131,2,22,322,2015,513.12
131,2,22,322,2016,473.38
131,2,27,322,1990,2086.05
131,2,27,322,1991,1970.94
131,2,27,322,1992,1864.75
131,2,27,322,1993,1776.02
131,2,27,322,1994,1654.85
131,2,27,322,1995,1532.81
131,2,27,322,1996,1411.4
131,2,27,322,1997,1315.84
131,2,27,322,1998,1229.39
131,2,27,322,1999,1163.56
131,2,27,322,2000,1104.09
131,2,27,322,2001,1043.94
131,2,27,322,2002,997.14
131,2,27,322,2003,950.05
131,2,27,322,2004,909.35
131,2,27,322,2005,868.18
131,2,27,322,2006,836.68
131,2,27,322,2007,800.5
131,2,27,322,2008,767.84
131,2,27,322,2009,736.01
131,2,27,322,2010,693.95
131,2,27,322,2011,662.45
131,2,27,322,2012,632.8
131,2,27,322,2013,601.56
131,2,27,322,2014,566.37
131,2,27,322,2015,532.61
131,2,27,322,2016,499.83
131,3,22,322,1990,3195.61
131,3,22,322,1991,2996.83
131,3,22,322,1992,2817.72
131,3,22,322,1993,2665.86
131,3,22,322,1994,2504.02
131,3,22,322,1995,2338.12
131,3,22,322,1996,2166.72
131,3,22,322,1997,2047.4
131,3,22,322,1998,1932.6
131,3,22,322,1999,1827.08
131,3,22,322,2000,1739.7
131,3,22,322,2001,1643.11
131,3,22,322,2002,1563.2
131,3,22,322,2003,1478.42
131,3,22,322,2004,1400.29
131,3,22,322,2005,1323.31
131,3,22,322,2006,1268.8
131,3,22,322,2007,1199.87
131,3,22,322,2008,1134.2
131,3,22,322,2009,1065.13
131,3,22,322,2010,986.5
131,3,22,322,2011,924.64
131,3,22,322,2012,868.52
131,3,22,322,2013,811.83
131,3,22,322,2014,747.36
131,3,22,322,2015,686.83
131,3,22,322,2016,633.93
131,3,27,322,1990,2165.1
131,3,27,322,1991,2045.87
131,3,27,322,1992,1941.05
131,3,27,322,1993,1850.21
131,3,27,322,1994,1749.64
131,3,27,322,1995,1646.34
131,3,27,322,1996,1539.75
131,3,27,322,1997,1467.31
131,3,27,322,1998,1399.36
131,3,27,322,1999,1340.6
131,3,27,322,2000,1295.25
131,3,27,322,2001,1245.18
131,3,27,322,2002,1206.71
131,3,27,322,2003,1164.97
131,3,27,322,2004,1126.31
131,3,27,322,2005,1086.43
131,3,27,322,2006,1061.02
131,3,27,322,2007,1024.31
131,3,27,322,2008,989.4
131,3,27,322,2009,950.78
131,3,27,322,2010,897.75
131,3,27,322,2011,860.95
131,3,27,322,2012,827.82
131,3,27,322,2013,792.66
131,3,27,322,2014,748.89
131,3,27,322,2015,705.98
131,3,27,322,2016,664.3
132,1,22,322,1990,814.19
132,1,22,322,1991,812.77
132,1,22,322,1992,811.12
132,1,22,322,1993,808.73
132,1,22,322,1994,802.57
132,1,22,322,1995,789.74
132,1,22,322,1996,764.82
132,1,22,322,1997,762.15
132,1,22,322,1998,761.21
132,1,22,322,1999,751.57
132,1,22,322,2000,735.44
132,1,22,322,2001,722.38
132,1,22,322,2002,711.95
132,1,22,322,2003,726.05
132,1,22,322,2004,755.66
132,1,22,322,2005,797.45
132,1,22,322,2006,819.09
132,1,22,322,2007,858.79
132,1,22,322,2008,874.75
132,1,22,322,2009,870
132,1,22,322,2010,895.66
132,1,22,322,2011,902.97
132,1,22,322,2012,891.08
132,1,22,322,2013,869.9
132,1,22,322,2014,835.58
132,1,22,322,2015,790.89
132,1,22,322,2016,752.62
132,1,27,322,1990,845.68
132,1,27,322,1991,843.11
132,1,27,322,1992,840.92
132,1,27,322,1993,836.5
132,1,27,322,1994,826.87
132,1,27,322,1995,809.54
132,1,27,322,1996,779.76
132,1,27,322,1997,773.72
132,1,27,322,1998,769.32
132,1,27,322,1999,762.68
132,1,27,322,2000,753.21
132,1,27,322,2001,751.67
132,1,27,322,2002,753.94
132,1,27,322,2003,775.27
132,1,27,322,2004,808.63
132,1,27,322,2005,851.06
132,1,27,322,2006,873.95
132,1,27,322,2007,912.64
132,1,27,322,2008,929.68
132,1,27,322,2009,925.85
132,1,27,322,2010,948.02
132,1,27,322,2011,955.4
132,1,27,322,2012,945.61
132,1,27,322,2013,927.14
132,1,27,322,2014,898.6
132,1,27,322,2015,860.37
132,1,27,322,2016,826.73
132,2,22,322,1990,660.35
132,2,22,322,1991,654.34
132,2,22,322,1992,647.87
132,2,22,322,1993,638.29
132,2,22,322,1994,629.61
132,2,22,322,1995,622.41
132,2,22,322,1996,615.66
132,2,22,322,1997,600.98
132,2,22,322,1998,582.5
132,2,22,322,1999,577.38
132,2,22,322,2000,556.63
132,2,22,322,2001,545.52
132,2,22,322,2002,542.83
132,2,22,322,2003,556.51
132,2,22,322,2004,567.06
132,2,22,322,2005,596.02
132,2,22,322,2006,608.85
132,2,22,322,2007,627.77
132,2,22,322,2008,642.96
132,2,22,322,2009,637.79
132,2,22,322,2010,649.39
132,2,22,322,2011,643.56
132,2,22,322,2012,636.02
132,2,22,322,2013,617.11
132,2,22,322,2014,602.27
132,2,22,322,2015,561.42
132,2,22,322,2016,527.69
132,2,27,322,1990,632.55
132,2,27,322,1991,625.83
132,2,27,322,1992,618.46
132,2,27,322,1993,607.26
132,2,27,322,1994,597.23
132,2,27,322,1995,589.64
132,2,27,322,1996,582.77
132,2,27,322,1997,572.42
132,2,27,322,1998,559.09
132,2,27,322,1999,558.27
132,2,27,322,2000,546.44
132,2,27,322,2001,546.05
132,2,27,322,2002,552.92
132,2,27,322,2003,572.55
132,2,27,322,2004,586.85
132,2,27,322,2005,616.41
132,2,27,322,2006,629.7
132,2,27,322,2007,648.03
132,2,27,322,2008,662.21
132,2,27,322,2009,656.93
132,2,27,322,2010,667.57
132,2,27,322,2011,662.65
132,2,27,322,2012,657.35
132,2,27,322,2013,642.1
132,2,27,322,2014,632.17
132,2,27,322,2015,596.94
132,2,27,322,2016,567.78
132,3,22,322,1990,738.12
132,3,22,322,1991,734.4
132,3,22,322,1992,730.33
132,3,22,322,1993,724.35
132,3,22,322,1994,716.92
132,3,22,322,1995,706.85
132,3,22,322,1996,690.91
132,3,22,322,1997,682.27
132,3,22,322,1998,672.61
132,3,22,322,1999,665.2
132,3,22,322,2000,646.76
132,3,22,322,2001,634.64
132,3,22,322,2002,628.03
132,3,22,322,2003,641.89
132,3,22,322,2004,662.01
132,3,22,322,2005,697.4
132,3,22,322,2006,714.63
132,3,22,322,2007,743.96
132,3,22,322,2008,759.49
132,3,22,322,2009,754.48
132,3,22,322,2010,773.1
132,3,22,322,2011,773.82
132,3,22,322,2012,764.05
132,3,22,322,2013,743.94
132,3,22,322,2014,719.28
132,3,22,322,2015,676.47
132,3,22,322,2016,640.42
132,3,27,322,1990,737.24
132,3,27,322,1991,732.5
132,3,27,322,1992,727.6
132,3,27,322,1993,719.72
132,3,27,322,1994,709.91
132,3,27,322,1995,697.57
132,3,27,322,1996,679.43
132,3,27,322,1997,671.51
132,3,27,322,1998,663.01
132,3,27,322,1999,659.3
132,3,27,322,2000,648.82
132,3,27,322,2001,647.87
132,3,27,322,2002,652.29
132,3,27,322,2003,672.68
132,3,27,322,2004,696.54
132,3,27,322,2005,732.41
132,3,27,322,2006,750.35
132,3,27,322,2007,778.78
132,3,27,322,2008,794.02
132,3,27,322,2009,789.18
132,3,27,322,2010,805.64
132,3,27,322,2011,806.83
132,3,27,322,2012,799.19
132,3,27,322,2013,782.38
132,3,27,322,2014,762.94
132,3,27,322,2015,726.12
132,3,27,322,2016,694.62
133,1,22,322,1990,1220.96
133,1,22,322,1991,1195.87
133,1,22,322,1992,1139.15
133,1,22,322,1993,1083.27
133,1,22,322,1994,1039.52
133,1,22,322,1995,993.97
133,1,22,322,1996,912.47
133,1,22,322,1997,834.6
133,1,22,322,1998,789.02
133,1,22,322,1999,745.15
133,1,22,322,2000,728.31
133,1,22,322,2001,714.66
133,1,22,322,2002,702.49
133,1,22,322,2003,717.77
133,1,22,322,2004,695.39
133,1,22,322,2005,677.35
133,1,22,322,2006,684.58
133,1,22,322,2007,688.81
133,1,22,322,2008,694.51
133,1,22,322,2009,699.52
133,1,22,322,2010,688.21
133,1,22,322,2011,697
133,1,22,322,2012,711.28
133,1,22,322,2013,699.41
133,1,22,322,2014,688.75
133,1,22,322,2015,682.6
133,1,22,322,2016,677.33
133,1,27,322,1990,1124.01
133,1,27,322,1991,1116.03
133,1,27,322,1992,1106.35
133,1,27,322,1993,1091.66
133,1,27,322,1994,1056.6
133,1,27,322,1995,1004.78
133,1,27,322,1996,924.52
133,1,27,322,1997,852
133,1,27,322,1998,821.38
133,1,27,322,1999,784.39
133,1,27,322,2000,775.28
133,1,27,322,2001,762.31
133,1,27,322,2002,746.85
133,1,27,322,2003,765.78
133,1,27,322,2004,737.98
133,1,27,322,2005,721.92
133,1,27,322,2006,737.43
133,1,27,322,2007,748.41
133,1,27,322,2008,756.95
133,1,27,322,2009,761.99
133,1,27,322,2010,745.82
133,1,27,322,2011,755.94
133,1,27,322,2012,775.7
133,1,27,322,2013,767.64
133,1,27,322,2014,763.11
133,1,27,322,2015,762.66
133,1,27,322,2016,760.37
133,2,22,322,1990,976.25
133,2,22,322,1991,946.59
133,2,22,322,1992,894.89
133,2,22,322,1993,827.67
133,2,22,322,1994,790.64
133,2,22,322,1995,750.88
133,2,22,322,1996,688.25
133,2,22,322,1997,635.36
133,2,22,322,1998,585.78
133,2,22,322,1999,546.23
133,2,22,322,2000,511.04
133,2,22,322,2001,498.4
133,2,22,322,2002,499.37
133,2,22,322,2003,495.43
133,2,22,322,2004,479.1
133,2,22,322,2005,465.31
133,2,22,322,2006,457.51
133,2,22,322,2007,449.42
133,2,22,322,2008,454.66
133,2,22,322,2009,460.82
133,2,22,322,2010,462.72
133,2,22,322,2011,464.29
133,2,22,322,2012,462.39
133,2,22,322,2013,458.87
133,2,22,322,2014,448.04
133,2,22,322,2015,440.47
133,2,22,322,2016,433.74
133,2,27,322,1990,873.53
133,2,27,322,1991,856.09
133,2,27,322,1992,838.57
133,2,27,322,1993,797.76
133,2,27,322,1994,774.74
133,2,27,322,1995,735.98
133,2,27,322,1996,685.08
133,2,27,322,1997,638.73
133,2,27,322,1998,593.61
133,2,27,322,1999,559.45
133,2,27,322,2000,523.38
133,2,27,322,2001,511.51
133,2,27,322,2002,516.79
133,2,27,322,2003,510.61
133,2,27,322,2004,491.71
133,2,27,322,2005,480.99
133,2,27,322,2006,476.57
133,2,27,322,2007,470.14
133,2,27,322,2008,477.56
133,2,27,322,2009,484.48
133,2,27,322,2010,487.01
133,2,27,322,2011,489.74
133,2,27,322,2012,489.41
133,2,27,322,2013,489.92
133,2,27,322,2014,483.31
133,2,27,322,2015,479.89
133,2,27,322,2016,475.75
133,3,22,322,1990,1099.55
133,3,22,322,1991,1072.16
133,3,22,322,1992,1017.91
133,3,22,322,1993,956.36
133,3,22,322,1994,915.91
133,3,22,322,1995,873.2
133,3,22,322,1996,801.02
133,3,22,322,1997,735.52
133,3,22,322,1998,687.9
133,3,22,322,1999,646.13
133,3,22,322,2000,620.1
133,3,22,322,2001,606.9
133,3,22,322,2002,601.22
133,3,22,322,2003,606.85
133,3,22,322,2004,587.44
133,3,22,322,2005,571.46
133,3,22,322,2006,571.11
133,3,22,322,2007,569.12
133,3,22,322,2008,574.52
133,3,22,322,2009,580.04
133,3,22,322,2010,575.29
133,3,22,322,2011,580.39
133,3,22,322,2012,586.5
133,3,22,322,2013,578.75
133,3,22,322,2014,567.94
133,3,22,322,2015,561.02
133,3,22,322,2016,554.95
133,3,27,322,1990,996.81
133,3,27,322,1991,983.95
133,3,27,322,1992,970.14
133,3,27,322,1993,941.65
133,3,27,322,1994,913.01
133,3,27,322,1995,868
133,3,27,322,1996,803.17
133,3,27,322,1997,743.94
133,3,27,322,1998,705.24
133,3,27,322,1999,669.53
133,3,27,322,2000,645.96
133,3,27,322,2001,633.38
133,3,27,322,2002,628.92
133,3,27,322,2003,634.42
133,3,27,322,2004,611.06
133,3,27,322,2005,597.7
133,3,27,322,2006,602.58
133,3,27,322,2007,604.1
133,3,27,322,2008,611.85
133,3,27,322,2009,617.71
133,3,27,322,2010,611.46
133,3,27,322,2011,617.72
133,3,27,322,2012,626.79
133,3,27,322,2013,623.21
133,3,27,322,2014,617.51
133,3,27,322,2015,615.49
133,3,27,322,2016,612.3
135,1,22,322,1990,2473.05
135,1,22,322,1991,2327.02
135,1,22,322,1992,2213.89
135,1,22,322,1993,2106.76
135,1,22,322,1994,1993.87
135,1,22,322,1995,1869.94
135,1,22,322,1996,1725.3
135,1,22,322,1997,1603.98
135,1,22,322,1998,1497.6
135,1,22,322,1999,1411.17
135,1,22,322,2000,1310.01
135,1,22,322,2001,1222.61
135,1,22,322,2002,1157.62
135,1,22,322,2003,1118.55
135,1,22,322,2004,1082.07
135,1,22,322,2005,1051.08
135,1,22,322,2006,1031.07
135,1,22,322,2007,1006.28
135,1,22,322,2008,987.27
135,1,22,322,2009,974.75
135,1,22,322,2010,960.03
135,1,22,322,2011,952.66
135,1,22,322,2012,944.59
135,1,22,322,2013,938.63
135,1,22,322,2014,926.09
135,1,22,322,2015,917.65
135,1,22,322,2016,916.03
135,1,27,322,1990,2406.21
135,1,27,322,1991,2323.65
135,1,27,322,1992,2263.21
135,1,27,322,1993,2206.76
135,1,27,322,1994,2135.08
135,1,27,322,1995,2045.6
135,1,27,322,1996,1943.03
135,1,27,322,1997,1837.2
135,1,27,322,1998,1744.88
135,1,27,322,1999,1671.92
135,1,27,322,2000,1582.04
135,1,27,322,2001,1503.46
135,1,27,322,2002,1443.07
135,1,27,322,2003,1405.67
135,1,27,322,2004,1367.75
135,1,27,322,2005,1329.6
135,1,27,322,2006,1307.99
135,1,27,322,2007,1278.58
135,1,27,322,2008,1252.83
135,1,27,322,2009,1232.08
135,1,27,322,2010,1207.46
135,1,27,322,2011,1189.33
135,1,27,322,2012,1167.14
135,1,27,322,2013,1151.36
135,1,27,322,2014,1126.82
135,1,27,322,2015,1110.32
135,1,27,322,2016,1096.95
135,2,22,322,1990,1836.81
135,2,22,322,1991,1722.26
135,2,22,322,1992,1637.4
135,2,22,322,1993,1555.5
135,2,22,322,1994,1460.34
135,2,22,322,1995,1360.87
135,2,22,322,1996,1242.28
135,2,22,322,1997,1149.11
135,2,22,322,1998,1066.81
135,2,22,322,1999,991.34
135,2,22,322,2000,920.65
135,2,22,322,2001,854.38
135,2,22,322,2002,807.1
135,2,22,322,2003,776.57
135,2,22,322,2004,752.84
135,2,22,322,2005,730.66
135,2,22,322,2006,714.32
135,2,22,322,2007,696.19
135,2,22,322,2008,681.59
135,2,22,322,2009,674.81
135,2,22,322,2010,660.86
135,2,22,322,2011,655.24
135,2,22,322,2012,648.38
135,2,22,322,2013,642.41
135,2,22,322,2014,635.1
135,2,22,322,2015,626.4
135,2,22,322,2016,618.36
135,2,27,322,1990,1704.72
135,2,27,322,1991,1632.88
135,2,27,322,1992,1587.77
135,2,27,322,1993,1541.39
135,2,27,322,1994,1479.28
135,2,27,322,1995,1410.02
135,2,27,322,1996,1317.19
135,2,27,322,1997,1236.84
135,2,27,322,1998,1165.26
135,2,27,322,1999,1099.98
135,2,27,322,2000,1039.33
135,2,27,322,2001,980.92
135,2,27,322,2002,939.43
135,2,27,322,2003,911.33
135,2,27,322,2004,888.17
135,2,27,322,2005,864.21
135,2,27,322,2006,847.32
135,2,27,322,2007,826.67
135,2,27,322,2008,807.35
135,2,27,322,2009,795.25
135,2,27,322,2010,773.88
135,2,27,322,2011,761.13
135,2,27,322,2012,745.44
135,2,27,322,2013,730.6
135,2,27,322,2014,714.87
135,2,27,322,2015,698.64
135,2,27,322,2016,681.84
135,3,22,322,1990,2152.43
135,3,22,322,1991,2022.14
135,3,22,322,1992,1923.14
135,3,22,322,1993,1828.61
135,3,22,322,1994,1724.54
135,3,22,322,1995,1612.85
135,3,22,322,1996,1481.29
135,3,22,322,1997,1374.11
135,3,22,322,1998,1279.82
135,3,22,322,1999,1198.86
135,3,22,322,2000,1113.05
135,3,22,322,2001,1036.28
135,3,22,322,2002,980.19
135,3,22,322,2003,945.4
135,3,22,322,2004,915.33
135,3,22,322,2005,888.75
135,3,22,322,2006,870.56
135,3,22,322,2007,849.1
135,3,22,322,2008,832.28
135,3,22,322,2009,822.63
135,3,22,322,2010,808.26
135,3,22,322,2011,801.74
135,3,22,322,2012,794.23
135,3,22,322,2013,788.21
135,3,22,322,2014,778.27
135,3,22,322,2015,769.65
135,3,22,322,2016,764.71
135,3,27,322,1990,2034.43
135,3,27,322,1991,1956.08
135,3,27,322,1992,1902.7
135,3,27,322,1993,1850.04
135,3,27,322,1994,1782.57
135,3,27,322,1995,1703.21
135,3,27,322,1996,1602.96
135,3,27,322,1997,1509.51
135,3,27,322,1998,1427.47
135,3,27,322,1999,1358.02
135,3,27,322,2000,1283.34
135,3,27,322,2001,1215.36
135,3,27,322,2002,1165.15
135,3,27,322,2003,1132.97
135,3,27,322,2004,1103.09
135,3,27,322,2005,1073.36
135,3,27,322,2006,1054.76
135,3,27,322,2007,1030.51
135,3,27,322,2008,1008.54
135,3,27,322,2009,992.82
135,3,27,322,2010,970.45
135,3,27,322,2011,955.5
135,3,27,322,2012,937.31
135,3,27,322,2013,921.74
135,3,27,322,2014,901.93
135,3,27,322,2015,885.22
135,3,27,322,2016,869.84
136,1,22,322,1990,1828.74
136,1,22,322,1991,1728.74
136,1,22,322,1992,1667.22
136,1,22,322,1993,1585.02
136,1,22,322,1994,1537.59
136,1,22,322,1995,1507.94
136,1,22,322,1996,1498.08
136,1,22,322,1997,1470.33
136,1,22,322,1998,1430.4
136,1,22,322,1999,1378.61
136,1,22,322,2000,1318.61
136,1,22,322,2001,1255.4
136,1,22,322,2002,1174.02
136,1,22,322,2003,1111.8
136,1,22,322,2004,1056.26
136,1,22,322,2005,1008.06
136,1,22,322,2006,960.35
136,1,22,322,2007,918.89
136,1,22,322,2008,882.47
136,1,22,322,2009,862.14
136,1,22,322,2010,838.65
136,1,22,322,2011,808.04
136,1,22,322,2012,764.86
136,1,22,322,2013,741.8
136,1,22,322,2014,723.17
136,1,22,322,2015,702.75
136,1,22,322,2016,687.27
136,1,27,322,1990,1420.73
136,1,27,322,1991,1372.53
136,1,27,322,1992,1352.29
136,1,27,322,1993,1322.94
136,1,27,322,1994,1312.81
136,1,27,322,1995,1318
136,1,27,322,1996,1338.08
136,1,27,322,1997,1341.33
136,1,27,322,1998,1332.77
136,1,27,322,1999,1311.21
136,1,27,322,2000,1279.98
136,1,27,322,2001,1243.77
136,1,27,322,2002,1195.63
136,1,27,322,2003,1159.93
136,1,27,322,2004,1125.85
136,1,27,322,2005,1094.45
136,1,27,322,2006,1063.68
136,1,27,322,2007,1036.73
136,1,27,322,2008,1012.5
136,1,27,322,2009,1001.28
136,1,27,322,2010,983.1
136,1,27,322,2011,956.82
136,1,27,322,2012,909.3
136,1,27,322,2013,889.46
136,1,27,322,2014,873.19
136,1,27,322,2015,853.22
136,1,27,322,2016,835.97
136,2,22,322,1990,1537.51
136,2,22,322,1991,1463.01
136,2,22,322,1992,1413.41
136,2,22,322,1993,1347.75
136,2,22,322,1994,1308.59
136,2,22,322,1995,1277.9
136,2,22,322,1996,1262.62
136,2,22,322,1997,1239.75
136,2,22,322,1998,1214.14
136,2,22,322,1999,1180.43
136,2,22,322,2000,1133.41
136,2,22,322,2001,1081.62
136,2,22,322,2002,1014.46
136,2,22,322,2003,953.46
136,2,22,322,2004,896.85
136,2,22,322,2005,847.61
136,2,22,322,2006,799.73
136,2,22,322,2007,756.95
136,2,22,322,2008,719.42
136,2,22,322,2009,696.67
136,2,22,322,2010,670.4
136,2,22,322,2011,641.19
136,2,22,322,2012,606.78
136,2,22,322,2013,579.61
136,2,22,322,2014,554.6
136,2,22,322,2015,530
136,2,22,322,2016,510.97
136,2,27,322,1990,1162.22
136,2,27,322,1991,1130.27
136,2,27,322,1992,1113.01
136,2,27,322,1993,1084.25
136,2,27,322,1994,1071.05
136,2,27,322,1995,1060.73
136,2,27,322,1996,1063.93
136,2,27,322,1997,1060.28
136,2,27,322,1998,1055.05
136,2,27,322,1999,1042.79
136,2,27,322,2000,1020.04
136,2,27,322,2001,993.33
136,2,27,322,2002,955.74
136,2,27,322,2003,921.87
136,2,27,322,2004,888.77
136,2,27,322,2005,857.87
136,2,27,322,2006,827.14
136,2,27,322,2007,798.3
136,2,27,322,2008,772.55
136,2,27,322,2009,758.48
136,2,27,322,2010,738.51
136,2,27,322,2011,714.06
136,2,27,322,2012,679.49
136,2,27,322,2013,655.12
136,2,27,322,2014,631.59
136,2,27,322,2015,608.1
136,2,27,322,2016,588.26
136,3,22,322,1990,1684.77
136,3,22,322,1991,1597.38
136,3,22,322,1992,1541.76
136,3,22,322,1993,1467.74
136,3,22,322,1994,1424.41
136,3,22,322,1995,1394.26
136,3,22,322,1996,1381.74
136,3,22,322,1997,1356.42
136,3,22,322,1998,1323.59
136,3,22,322,1999,1280.74
136,3,22,322,2000,1227.17
136,3,22,322,2001,1169.61
136,3,22,322,2002,1095.25
136,3,22,322,2003,1033.64
136,3,22,322,2004,977.58
136,3,22,322,2005,928.89
136,3,22,322,2006,881.12
136,3,22,322,2007,839.04
136,3,22,322,2008,802.1
136,3,22,322,2009,780.62
136,3,22,322,2010,755.79
136,3,22,322,2011,725.88
136,3,22,322,2012,687.02
136,3,22,322,2013,661.94
136,3,22,322,2014,640.17
136,3,22,322,2015,617.69
136,3,22,322,2016,600.44
136,3,27,322,1990,1288.41
136,3,27,322,1991,1248.64
136,3,27,322,1992,1229.94
136,3,27,322,1993,1200.7
136,3,27,322,1994,1188.86
136,3,27,322,1995,1185.81
136,3,27,322,1996,1197.13
136,3,27,322,1997,1196.68
136,3,27,322,1998,1189.73
136,3,27,322,1999,1172.92
136,3,27,322,2000,1146.18
136,3,27,322,2001,1115
136,3,27,322,2002,1072.36
136,3,27,322,2003,1037.9
136,3,27,322,2004,1004.73
136,3,27,322,2005,973.96
136,3,27,322,2006,943.52
136,3,27,322,2007,915.83
136,3,27,322,2008,891.04
136,3,27,322,2009,878.58
136,3,27,322,2010,859.67
136,3,27,322,2011,834.33
136,3,27,322,2012,793.37
136,3,27,322,2013,771.18
136,3,27,322,2014,751.15
136,3,27,322,2015,729.34
136,3,27,322,2016,710.74
139,1,22,322,1990,1610.42
139,1,22,322,1991,1471.58
139,1,22,322,1992,1358.78
139,1,22,322,1993,1265.71
139,1,22,322,1994,1182.69
139,1,22,322,1995,1103.8
139,1,22,322,1996,1028.68
139,1,22,322,1997,1002.06
139,1,22,322,1998,940.35
139,1,22,322,1999,891.9
139,1,22,322,2000,843.99
139,1,22,322,2001,793.92
139,1,22,322,2002,751.6
139,1,22,322,2003,714.87
139,1,22,322,2004,686.22
139,1,22,322,2005,656.24
139,1,22,322,2006,628.42
139,1,22,322,2007,601.92
139,1,22,322,2008,570.17
139,1,22,322,2009,548.98
139,1,22,322,2010,528.99
139,1,22,322,2011,511.21
139,1,22,322,2012,493.39
139,1,22,322,2013,479.55
139,1,22,322,2014,468.25
139,1,22,322,2015,448.92
139,1,22,322,2016,434.48
139,1,27,322,1990,1346.9
139,1,27,322,1991,1265.99
139,1,27,322,1992,1201.09
139,1,27,322,1993,1144.83
139,1,27,322,1994,1092.14
139,1,27,322,1995,1040.4
139,1,27,322,1996,991.05
139,1,27,322,1997,973.35
139,1,27,322,1998,932.08
139,1,27,322,1999,898.92
139,1,27,322,2000,862.72
139,1,27,322,2001,827.34
139,1,27,322,2002,795.93
139,1,27,322,2003,766.75
139,1,27,322,2004,742.1
139,1,27,322,2005,715.81
139,1,27,322,2006,690.47
139,1,27,322,2007,666.02
139,1,27,322,2008,637.99
139,1,27,322,2009,617.91
139,1,27,322,2010,598.47
139,1,27,322,2011,582.94
139,1,27,322,2012,568.56
139,1,27,322,2013,557.75
139,1,27,322,2014,548.62
139,1,27,322,2015,531.5
139,1,27,322,2016,518.04
139,2,22,322,1990,2040.77
139,2,22,322,1991,1861.93
139,2,22,322,1992,1715.85
139,2,22,322,1993,1593.11
139,2,22,322,1994,1484.33
139,2,22,322,1995,1384.18
139,2,22,322,1996,1291.75
139,2,22,322,1997,1270.99
139,2,22,322,1998,1192.38
139,2,22,322,1999,1125.65
139,2,22,322,2000,1057.95
139,2,22,322,2001,988.48
139,2,22,322,2002,929.75
139,2,22,322,2003,876.85
139,2,22,322,2004,834.53
139,2,22,322,2005,789.51
139,2,22,322,2006,746.66
139,2,22,322,2007,708.03
139,2,22,322,2008,669.01
139,2,22,322,2009,637.02
139,2,22,322,2010,607.25
139,2,22,322,2011,577.12
139,2,22,322,2012,547.49
139,2,22,322,2013,524.02
139,2,22,322,2014,504.14
139,2,22,322,2015,470.88
139,2,22,322,2016,446.35
139,2,27,322,1990,1548.55
139,2,27,322,1991,1449.18
139,2,27,322,1992,1365.46
139,2,27,322,1993,1291.55
139,2,27,322,1994,1222.76
139,2,27,322,1995,1157.42
139,2,27,322,1996,1096.4
139,2,27,322,1997,1080.87
139,2,27,322,1998,1026.57
139,2,27,322,1999,982.97
139,2,27,322,2000,936.36
139,2,27,322,2001,889.76
139,2,27,322,2002,849.72
139,2,27,322,2003,812.63
139,2,27,322,2004,781.82
139,2,27,322,2005,748.83
139,2,27,322,2006,717.43
139,2,27,322,2007,689.53
139,2,27,322,2008,661.01
139,2,27,322,2009,637.8
139,2,27,322,2010,615.95
139,2,27,322,2011,594.15
139,2,27,322,2012,573.05
139,2,27,322,2013,555.98
139,2,27,322,2014,541.04
139,2,27,322,2015,515.93
139,2,27,322,2016,496.4
139,3,22,322,1990,1822.98
139,3,22,322,1991,1664.32
139,3,22,322,1992,1535.06
139,3,22,322,1993,1427.32
139,3,22,322,1994,1331.57
139,3,22,322,1995,1242.16
139,3,22,322,1996,1158.46
139,3,22,322,1997,1134.68
139,3,22,322,1998,1064.61
139,3,22,322,1999,1007.13
139,3,22,322,2000,949.48
139,3,22,322,2001,889.87
139,3,22,322,2002,839.49
139,3,22,322,2003,794.83
139,3,22,322,2004,759.47
139,3,22,322,2005,722.1
139,3,22,322,2006,686.89
139,3,22,322,2007,654.43
139,3,22,322,2008,619.11
139,3,22,322,2009,592.6
139,3,22,322,2010,567.79
139,3,22,322,2011,543.9
139,3,22,322,2012,520.23
139,3,22,322,2013,501.62
139,3,22,322,2014,486.07
139,3,22,322,2015,459.82
139,3,22,322,2016,440.38
139,3,27,322,1990,1441.86
139,3,27,322,1991,1352.14
139,3,27,322,1992,1278.06
139,3,27,322,1993,1213.27
139,3,27,322,1994,1152.8
139,3,27,322,1995,1094.49
139,3,27,322,1996,1039.47
139,3,27,322,1997,1022.78
139,3,27,322,1998,975.05
139,3,27,322,1999,937
139,3,27,322,2000,895.92
139,3,27,322,2001,855.11
139,3,27,322,2002,819.51
139,3,27,322,2003,786.49
139,3,27,322,2004,758.86
139,3,27,322,2005,729.36
139,3,27,322,2006,701.2
139,3,27,322,2007,675.23
139,3,27,322,2008,647.15
139,3,27,322,2009,625.69
139,3,27,322,2010,605.2
139,3,27,322,2011,586.64
139,3,27,322,2012,568.98
139,3,27,322,2013,555.04
139,3,27,322,2014,543.02
139,3,27,322,2015,522.11
139,3,27,322,2016,505.77
140,1,22,322,1990,543.38
140,1,22,322,1991,524.44
140,1,22,322,1992,508.25
140,1,22,322,1993,479.1
140,1,22,322,1994,437.65
140,1,22,322,1995,396.54
140,1,22,322,1996,338.1
140,1,22,322,1997,312.24
140,1,22,322,1998,295.16
140,1,22,322,1999,300.74
140,1,22,322,2000,305.69
140,1,22,322,2001,311.38
140,1,22,322,2002,295.14
140,1,22,322,2003,287.89
140,1,22,322,2004,291.23
140,1,22,322,2005,287.71
140,1,22,322,2006,280.33
140,1,22,322,2007,270
140,1,22,322,2008,244.15
140,1,22,322,2009,229.08
140,1,22,322,2010,216.77
140,1,22,322,2011,211.52
140,1,22,322,2012,212.34
140,1,22,322,2013,212.58
140,1,22,322,2014,211.89
140,1,22,322,2015,209.57
140,1,22,322,2016,207.35
140,1,27,322,1990,756.88
140,1,27,322,1991,757.12
140,1,27,322,1992,748.63
140,1,27,322,1993,714.9
140,1,27,322,1994,672.46
140,1,27,322,1995,634.8
140,1,27,322,1996,581.49
140,1,27,322,1997,552.22
140,1,27,322,1998,522.06
140,1,27,322,1999,521.69
140,1,27,322,2000,532.14
140,1,27,322,2001,555.13
140,1,27,322,2002,555.79
140,1,27,322,2003,561.51
140,1,27,322,2004,578.27
140,1,27,322,2005,579.97
140,1,27,322,2006,579.09
140,1,27,322,2007,567
140,1,27,322,2008,515.44
140,1,27,322,2009,485.65
140,1,27,322,2010,456.56
140,1,27,322,2011,438.51
140,1,27,322,2012,432.21
140,1,27,322,2013,426.25
140,1,27,322,2014,419.22
140,1,27,322,2015,411.88
140,1,27,322,2016,403.66
140,2,22,322,1990,818.31
140,2,22,322,1991,816.4
140,2,22,322,1992,800.44
140,2,22,322,1993,751.19
140,2,22,322,1994,663.09
140,2,22,322,1995,574.95
140,2,22,322,1996,456.8
140,2,22,322,1997,399.73
140,2,22,322,1998,377.82
140,2,22,322,1999,378.7
140,2,22,322,2000,378.8
140,2,22,322,2001,383.23
140,2,22,322,2002,356.95
140,2,22,322,2003,352.61
140,2,22,322,2004,358.66
140,2,22,322,2005,353.94
140,2,22,322,2006,340.21
140,2,22,322,2007,322.21
140,2,22,322,2008,295.35
140,2,22,322,2009,277.61
140,2,22,322,2010,265.62
140,2,22,322,2011,258.7
140,2,22,322,2012,258.23
140,2,22,322,2013,252.72
140,2,22,322,2014,246.61
140,2,22,322,2015,239.19
140,2,22,322,2016,232.33
140,2,27,322,1990,766.76
140,2,27,322,1991,792.85
140,2,27,322,1992,796.61
140,2,27,322,1993,767.99
140,2,27,322,1994,713.48
140,2,27,322,1995,664.98
140,2,27,322,1996,580.95
140,2,27,322,1997,533.93
140,2,27,322,1998,510.97
140,2,27,322,1999,511.03
140,2,27,322,2000,510.74
140,2,27,322,2001,526.51
140,2,27,322,2002,520.87
140,2,27,322,2003,529.64
140,2,27,322,2004,539.33
140,2,27,322,2005,534.07
140,2,27,322,2006,523
140,2,27,322,2007,500.45
140,2,27,322,2008,462.15
140,2,27,322,2009,439.38
140,2,27,322,2010,421.04
140,2,27,322,2011,405.02
140,2,27,322,2012,396.3
140,2,27,322,2013,382.04
140,2,27,322,2014,370.75
140,2,27,322,2015,360.7
140,2,27,322,2016,350.24
140,3,22,322,1990,659.85
140,3,22,322,1991,647.97
140,3,22,322,1992,631.82
140,3,22,322,1993,594.25
140,3,22,322,1994,533.23
140,3,22,322,1995,472.36
140,3,22,322,1996,388.7
140,3,22,322,1997,349.69
140,3,22,322,1998,330.65
140,3,22,322,1999,334.22
140,3,22,322,2000,336.96
140,3,22,322,2001,341.84
140,3,22,322,2002,321.01
140,3,22,322,2003,314.54
140,3,22,322,2004,318.5
140,3,22,322,2005,314.01
140,3,22,322,2006,303.69
140,3,22,322,2007,290.06
140,3,22,322,2008,263.58
140,3,22,322,2009,247.34
140,3,22,322,2010,235.09
140,3,22,322,2011,229.2
140,3,22,322,2012,229.59
140,3,22,322,2013,227.72
140,3,22,322,2014,225.04
140,3,22,322,2015,220.82
140,3,22,322,2016,216.85
140,3,27,322,1990,762.6
140,3,27,322,1991,775.79
140,3,27,322,1992,773.53
140,3,27,322,1993,741.8
140,3,27,322,1994,693.13
140,3,27,322,1995,649.5
140,3,27,322,1996,581.3
140,3,27,322,1997,543.7
140,3,27,322,1998,517.12
140,3,27,322,1999,516.98
140,3,27,322,2000,522.51
140,3,27,322,2001,542
140,3,27,322,2002,539.23
140,3,27,322,2003,545.85
140,3,27,322,2004,558.95
140,3,27,322,2005,557.4
140,3,27,322,2006,551.88
140,3,27,322,2007,535.06
140,3,27,322,2008,489.45
140,3,27,322,2009,462.4
140,3,27,322,2010,437.53
140,3,27,322,2011,420.21
140,3,27,322,2012,412.75
140,3,27,322,2013,403.17
140,3,27,322,2014,394.61
140,3,27,322,2015,386.45
140,3,27,322,2016,377.27
141,1,22,322,1990,7047.23
141,1,22,322,1991,6607.72
141,1,22,322,1992,6168.82
141,1,22,322,1993,5693.96
141,1,22,322,1994,5195.71
141,1,22,322,1995,4682.67
141,1,22,322,1996,4165.48
141,1,22,322,1997,3793.48
141,1,22,322,1998,3549.38
141,1,22,322,1999,3431.17
141,1,22,322,2000,3242.82
141,1,22,322,2001,3080.18
141,1,22,322,2002,2916.34
141,1,22,322,2003,2785.32
141,1,22,322,2004,2660.43
141,1,22,322,2005,2542.28
141,1,22,322,2006,2449.83
141,1,22,322,2007,2360.52
141,1,22,322,2008,2272.41
141,1,22,322,2009,2202.33
141,1,22,322,2010,2112.05
141,1,22,322,2011,1999.59
141,1,22,322,2012,1876.38
141,1,22,322,2013,1755.51
141,1,22,322,2014,1636.74
141,1,22,322,2015,1522.12
141,1,22,322,2016,1419.48
141,1,27,322,1990,4831.23
141,1,27,322,1991,4648
141,1,27,322,1992,4457.1
141,1,27,322,1993,4248.78
141,1,27,322,1994,4002.65
141,1,27,322,1995,3708.09
141,1,27,322,1996,3387.65
141,1,27,322,1997,3146.59
141,1,27,322,1998,2971.91
141,1,27,322,1999,2893.15
141,1,27,322,2000,2751.04
141,1,27,322,2001,2643.76
141,1,27,322,2002,2528.37
141,1,27,322,2003,2434.71
141,1,27,322,2004,2338.15
141,1,27,322,2005,2242.31
141,1,27,322,2006,2170.11
141,1,27,322,2007,2090.77
141,1,27,322,2008,2015.84
141,1,27,322,2009,1957
141,1,27,322,2010,1881.24
141,1,27,322,2011,1797.1
141,1,27,322,2012,1705.41
141,1,27,322,2013,1618.38
141,1,27,322,2014,1541.35
141,1,27,322,2015,1476.49
141,1,27,322,2016,1414.04
141,2,22,322,1990,7618.72
141,2,22,322,1991,7085.89
141,2,22,322,1992,6551.33
141,2,22,322,1993,5968.82
141,2,22,322,1994,5351.38
141,2,22,322,1995,4715.85
141,2,22,322,1996,4103.29
141,2,22,322,1997,3658.84
141,2,22,322,1998,3372.15
141,2,22,322,1999,3211.14
141,2,22,322,2000,2980.26
141,2,22,322,2001,2784.65
141,2,22,322,2002,2603.95
141,2,22,322,2003,2458.78
141,2,22,322,2004,2318.84
141,2,22,322,2005,2182.27
141,2,22,322,2006,2063.02
141,2,22,322,2007,1949.53
141,2,22,322,2008,1836.76
141,2,22,322,2009,1744.73
141,2,22,322,2010,1640.82
141,2,22,322,2011,1508.12
141,2,22,322,2012,1394.98
141,2,22,322,2013,1275.51
141,2,22,322,2014,1173.83
141,2,22,322,2015,1073.05
141,2,22,322,2016,990.3
141,2,27,322,1990,5169.63
141,2,27,322,1991,4926.89
141,2,27,322,1992,4677.21
141,2,27,322,1993,4386.03
141,2,27,322,1994,4043.25
141,2,27,322,1995,3652.5
141,2,27,322,1996,3254.65
141,2,27,322,1997,2952.19
141,2,27,322,1998,2748.49
141,2,27,322,1999,2633.93
141,2,27,322,2000,2461.13
141,2,27,322,2001,2318.45
141,2,27,322,2002,2180.58
141,2,27,322,2003,2068.49
141,2,27,322,2004,1957.27
141,2,27,322,2005,1847.51
141,2,27,322,2006,1747.88
141,2,27,322,2007,1649.48
141,2,27,322,2008,1554.77
141,2,27,322,2009,1478.07
141,2,27,322,2010,1393.33
141,2,27,322,2011,1284.89
141,2,27,322,2012,1202.91
141,2,27,322,2013,1112.57
141,2,27,322,2014,1047.36
141,2,27,322,2015,983.15
141,2,27,322,2016,928.87
141,3,22,322,1990,7332.04
141,3,22,322,1991,6845.93
141,3,22,322,1992,6359.27
141,3,22,322,1993,5830.72
141,3,22,322,1994,5273.12
141,3,22,322,1995,4699.16
141,3,22,322,1996,4134.57
141,3,22,322,1997,3726.55
141,3,22,322,1998,3461.25
141,3,22,322,1999,3321.75
141,3,22,322,2000,3112.26
141,3,22,322,2001,2933.28
141,3,22,322,2002,2761.12
141,3,22,322,2003,2623.16
141,3,22,322,2004,2490.88
141,3,22,322,2005,2363.67
141,3,22,322,2006,2257.99
141,3,22,322,2007,2156.76
141,3,22,322,2008,2056.5
141,3,22,322,2009,1975.62
141,3,22,322,2010,1878.66
141,3,22,322,2011,1756.26
141,3,22,322,2012,1638.08
141,3,22,322,2013,1517.94
141,3,22,322,2014,1407.65
141,3,22,322,2015,1299.89
141,3,22,322,2016,1207.08
141,3,27,322,1990,4972.2
141,3,27,322,1991,4761
141,3,27,322,1992,4542.73
141,3,27,322,1993,4294.37
141,3,27,322,1994,4001.26
141,3,27,322,1995,3660.5
141,3,27,322,1996,3303.32
141,3,27,322,1997,3032.92
141,3,27,322,1998,2845.22
141,3,27,322,1999,2749.08
141,3,27,322,2000,2592.45
141,3,27,322,2001,2467.54
141,3,27,322,2002,2341.06
141,3,27,322,2003,2238.4
141,3,27,322,2004,2135.02
141,3,27,322,2005,2032.99
141,3,27,322,2006,1947.33
141,3,27,322,2007,1859
141,3,27,322,2008,1774.66
141,3,27,322,2009,1707.25
141,3,27,322,2010,1627.48
141,3,27,322,2011,1531.15
141,3,27,322,2012,1444.96
141,3,27,322,2013,1356.43
141,3,27,322,2014,1285.79
141,3,27,322,2015,1221.19
141,3,27,322,2016,1162.96
142,1,22,322,1990,2049.43
142,1,22,322,1991,1780.89
142,1,22,322,1992,1549.76
142,1,22,322,1993,1358.12
142,1,22,322,1994,1207.29
142,1,22,322,1995,1089.04
142,1,22,322,1996,978.11
142,1,22,322,1997,885.52
142,1,22,322,1998,811.91
142,1,22,322,1999,757.9
142,1,22,322,2000,717.53
142,1,22,322,2001,686.17
142,1,22,322,2002,657.03
142,1,22,322,2003,640.4
142,1,22,322,2004,626.49
142,1,22,322,2005,606.74
142,1,22,322,2006,593.49
142,1,22,322,2007,572.27
142,1,22,322,2008,556.28
142,1,22,322,2009,542.53
142,1,22,322,2010,526.54
142,1,22,322,2011,508.64
142,1,22,322,2012,492.33
142,1,22,322,2013,470.01
142,1,22,322,2014,443.49
142,1,22,322,2015,420.24
142,1,22,322,2016,403.07
142,1,27,322,1990,1330.62
142,1,27,322,1991,1233.69
142,1,27,322,1992,1153.42
142,1,27,322,1993,1090.8
142,1,27,322,1994,1045.25
142,1,27,322,1995,1013.35
142,1,27,322,1996,973.84
142,1,27,322,1997,926.59
142,1,27,322,1998,886.87
142,1,27,322,1999,852.29
142,1,27,322,2000,822.38
142,1,27,322,2001,791.88
142,1,27,322,2002,757.93
142,1,27,322,2003,736.03
142,1,27,322,2004,714.85
142,1,27,322,2005,685.09
142,1,27,322,2006,663.4
142,1,27,322,2007,635.85
142,1,27,322,2008,615.18
142,1,27,322,2009,599.19
142,1,27,322,2010,582.97
142,1,27,322,2011,568.03
142,1,27,322,2012,556.15
142,1,27,322,2013,539.22
142,1,27,322,2014,516.05
142,1,27,322,2015,493.62
142,1,27,322,2016,477.87
142,2,22,322,1990,2612.91
142,2,22,322,1991,2232.09
142,2,22,322,1992,1906.25
142,2,22,322,1993,1634.33
142,2,22,322,1994,1424.1
142,2,22,322,1995,1261.81
142,2,22,322,1996,1109.26
142,2,22,322,1997,987.8
142,2,22,322,1998,885.84
142,2,22,322,1999,806.97
142,2,22,322,2000,739.72
142,2,22,322,2001,687.09
142,2,22,322,2002,642.63
142,2,22,322,2003,608.32
142,2,22,322,2004,578.72
142,2,22,322,2005,542.74
142,2,22,322,2006,515.85
142,2,22,322,2007,485.71
142,2,22,322,2008,463.79
142,2,22,322,2009,444.28
142,2,22,322,2010,424.69
142,2,22,322,2011,402.98
142,2,22,322,2012,387.24
142,2,22,322,2013,366.93
142,2,22,322,2014,344.64
142,2,22,322,2015,320.6
142,2,22,322,2016,298.99
142,2,27,322,1990,1580.71
142,2,27,322,1991,1431.93
142,2,27,322,1992,1308.66
142,2,27,322,1993,1208.67
142,2,27,322,1994,1136.35
142,2,27,322,1995,1083.25
142,2,27,322,1996,1020.74
142,2,27,322,1997,964.51
142,2,27,322,1998,907.75
142,2,27,322,1999,857.49
142,2,27,322,2000,804.01
142,2,27,322,2001,753.87
142,2,27,322,2002,706.25
142,2,27,322,2003,668.18
142,2,27,322,2004,634.86
142,2,27,322,2005,594.47
142,2,27,322,2006,563.48
142,2,27,322,2007,530.43
142,2,27,322,2008,506.71
142,2,27,322,2009,486.51
142,2,27,322,2010,468.89
142,2,27,322,2011,448.87
142,2,27,322,2012,438.15
142,2,27,322,2013,422.8
142,2,27,322,2014,404.15
142,2,27,322,2015,379.56
142,2,27,322,2016,357.4
142,3,22,322,1990,2325.88
142,3,22,322,1991,2002.44
142,3,22,322,1992,1724.95
142,3,22,322,1993,1493.99
142,3,22,322,1994,1314.04
142,3,22,322,1995,1174.17
142,3,22,322,1996,1042.78
142,3,22,322,1997,935.99
142,3,22,322,1998,848.41
142,3,22,322,1999,782.12
142,3,22,322,2000,728.47
142,3,22,322,2001,686.63
142,3,22,322,2002,649.95
142,3,22,322,2003,624.67
142,3,22,322,2004,603.09
142,3,22,322,2005,575.4
142,3,22,322,2006,555.44
142,3,22,322,2007,529.77
142,3,22,322,2008,510.77
142,3,22,322,2009,494.09
142,3,22,322,2010,476.23
142,3,22,322,2011,456.36
142,3,22,322,2012,440.28
142,3,22,322,2013,418.92
142,3,22,322,2014,394.48
142,3,22,322,2015,370.81
142,3,22,322,2016,351.4
142,3,27,322,1990,1452.79
142,3,27,322,1991,1330.53
142,3,27,322,1992,1229.25
142,3,27,322,1993,1148.27
142,3,27,322,1994,1089.56
142,3,27,322,1995,1047.33
142,3,27,322,1996,996.63
142,3,27,322,1997,944.98
142,3,27,322,1998,896.9
142,3,27,322,1999,854.62
142,3,27,322,2000,813.12
142,3,27,322,2001,773.12
142,3,27,322,2002,732.65
142,3,27,322,2003,703.02
142,3,27,322,2004,676.05
142,3,27,322,2005,641.21
142,3,27,322,2006,614.88
142,3,27,322,2007,584.5
142,3,27,322,2008,562.16
142,3,27,322,2009,543.95
142,3,27,322,2010,526.88
142,3,27,322,2011,509.35
142,3,27,322,2012,497.86
142,3,27,322,2013,481.7
142,3,27,322,2014,460.75
142,3,27,322,2015,437.41
142,3,27,322,2016,418.56
143,1,22,322,1990,3568.78
143,1,22,322,1991,3528.42
143,1,22,322,1992,3466.38
143,1,22,322,1993,3380.67
143,1,22,322,1994,3297.81
143,1,22,322,1995,3233
143,1,22,322,1996,3180.33
143,1,22,322,1997,3059.44
143,1,22,322,1998,2863.75
143,1,22,322,1999,2666.99
143,1,22,322,2000,2491.3
143,1,22,322,2001,2292.22
143,1,22,322,2002,2183.97
143,1,22,322,2003,2164.25
143,1,22,322,2004,2102.23
143,1,22,322,2005,2106.22
143,1,22,322,2006,2129.03
143,1,22,322,2007,2137.95
143,1,22,322,2008,2137.02
143,1,22,322,2009,2117.6
143,1,22,322,2010,2087.03
143,1,22,322,2011,2004.18
143,1,22,322,2012,1857.64
143,1,22,322,2013,1744.21
143,1,22,322,2014,1651.08
143,1,22,322,2015,1553.1
143,1,22,322,2016,1446.35
143,1,27,322,1990,2166.08
143,1,27,322,1991,2168.62
143,1,27,322,1992,2157.3
143,1,27,322,1993,2127.68
143,1,27,322,1994,2097.43
143,1,27,322,1995,2078.07
143,1,27,322,1996,2058.98
143,1,27,322,1997,2013.85
143,1,27,322,1998,1899.71
143,1,27,322,1999,1799.62
143,1,27,322,2000,1727.53
143,1,27,322,2001,1617.18
143,1,27,322,2002,1586.57
143,1,27,322,2003,1586.98
143,1,27,322,2004,1544.36
143,1,27,322,2005,1521.61
143,1,27,322,2006,1503.27
143,1,27,322,2007,1474.66
143,1,27,322,2008,1438.78
143,1,27,322,2009,1399.6
143,1,27,322,2010,1359.45
143,1,27,322,2011,1303.73
143,1,27,322,2012,1231.21
143,1,27,322,2013,1177.33
143,1,27,322,2014,1136.55
143,1,27,322,2015,1095.64
143,1,27,322,2016,1035.7
143,2,22,322,1990,2192.85
143,2,22,322,1991,2185.05
143,2,22,322,1992,2152.22
143,2,22,322,1993,2091.65
143,2,22,322,1994,2034.02
143,2,22,322,1995,2001.77
143,2,22,322,1996,1973.33
143,2,22,322,1997,1882.74
143,2,22,322,1998,1745.01
143,2,22,322,1999,1601.36
143,2,22,322,2000,1476.34
143,2,22,322,2001,1352.07
143,2,22,322,2002,1284.67
143,2,22,322,2003,1288.21
143,2,22,322,2004,1253.3
143,2,22,322,2005,1256.26
143,2,22,322,2006,1264.18
143,2,22,322,2007,1263.49
143,2,22,322,2008,1259.01
143,2,22,322,2009,1242.14
143,2,22,322,2010,1216
143,2,22,322,2011,1160.74
143,2,22,322,2012,1079.13
143,2,22,322,2013,1007.36
143,2,22,322,2014,948.59
143,2,22,322,2015,888.49
143,2,22,322,2016,826.93
143,2,27,322,1990,1432.82
143,2,27,322,1991,1440.11
143,2,27,322,1992,1431.99
143,2,27,322,1993,1406.06
143,2,27,322,1994,1378.14
143,2,27,322,1995,1367.2
143,2,27,322,1996,1359.21
143,2,27,322,1997,1313.18
143,2,27,322,1998,1232
143,2,27,322,1999,1148.07
143,2,27,322,2000,1081.57
143,2,27,322,2001,1010.56
143,2,27,322,2002,979.62
143,2,27,322,2003,987.06
143,2,27,322,2004,962.38
143,2,27,322,2005,951.96
143,2,27,322,2006,940.7
143,2,27,322,2007,923
143,2,27,322,2008,901.57
143,2,27,322,2009,876.77
143,2,27,322,2010,849.81
143,2,27,322,2011,810.9
143,2,27,322,2012,764.48
143,2,27,322,2013,725.52
143,2,27,322,2014,694.71
143,2,27,322,2015,664.17
143,2,27,322,2016,626.2
143,3,22,322,1990,2887.03
143,3,22,322,1991,2862.65
143,3,22,322,1992,2815
143,3,22,322,1993,2741.7
143,3,22,322,1994,2671.34
143,3,22,322,1995,2622.7
143,3,22,322,1996,2582.11
143,3,22,322,1997,2476.27
143,3,22,322,1998,2309.34
143,3,22,322,1999,2138.96
143,3,22,322,2000,1988.5
143,3,22,322,2001,1826.6
143,3,22,322,2002,1738.76
143,3,22,322,2003,1730.74
143,3,22,322,2004,1682.3
143,3,22,322,2005,1685.9
143,3,22,322,2006,1701.44
143,3,22,322,2007,1705.64
143,3,22,322,2008,1702.96
143,3,22,322,2009,1684.83
143,3,22,322,2010,1656.53
143,3,22,322,2011,1587.44
143,3,22,322,2012,1473.12
143,3,22,322,2013,1380.41
143,3,22,322,2014,1304.38
143,3,22,322,2015,1225.2
143,3,22,322,2016,1140.82
143,3,27,322,1990,1804.93
143,3,27,322,1991,1809.6
143,3,27,322,1992,1799.59
143,3,27,322,1993,1771.48
143,3,27,322,1994,1742
143,3,27,322,1995,1726.45
143,3,27,322,1996,1712.77
143,3,27,322,1997,1666.56
143,3,27,322,1998,1568.63
143,3,27,322,1999,1476.04
143,3,27,322,2000,1405.98
143,3,27,322,2001,1315.09
143,3,27,322,2002,1283.56
143,3,27,322,2003,1287.16
143,3,27,322,2004,1253.08
143,3,27,322,2005,1236.18
143,3,27,322,2006,1221.17
143,3,27,322,2007,1197.73
143,3,27,322,2008,1168.73
143,3,27,322,2009,1136.34
143,3,27,322,2010,1102.47
143,3,27,322,2011,1054.9
143,3,27,322,2012,994.97
143,3,27,322,2013,948.33
143,3,27,322,2014,912.35
143,3,27,322,2015,876.4
143,3,27,322,2016,827.64
144,1,22,322,1990,1378.12
144,1,22,322,1991,1295.76
144,1,22,322,1992,1237.64
144,1,22,322,1993,1189.63
144,1,22,322,1994,1145.34
144,1,22,322,1995,1110.87
144,1,22,322,1996,1065.38
144,1,22,322,1997,1014.8
144,1,22,322,1998,967.57
144,1,22,322,1999,929.79
144,1,22,322,2000,891.65
144,1,22,322,2001,840.85
144,1,22,322,2002,808.51
144,1,22,322,2003,780.93
144,1,22,322,2004,754.15
144,1,22,322,2005,732.19
144,1,22,322,2006,718.09
144,1,22,322,2007,703.42
144,1,22,322,2008,686.34
144,1,22,322,2009,665.78
144,1,22,322,2010,641.96
144,1,22,322,2011,620.73
144,1,22,322,2012,598.07
144,1,22,322,2013,576.04
144,1,22,322,2014,554.23
144,1,22,322,2015,534.03
144,1,22,322,2016,516.3
144,1,27,322,1990,1150.35
144,1,27,322,1991,1100.65
144,1,27,322,1992,1061.37
144,1,27,322,1993,1031.56
144,1,27,322,1994,1003.99
144,1,27,322,1995,981.68
144,1,27,322,1996,954.16
144,1,27,322,1997,927.78
144,1,27,322,1998,901.94
144,1,27,322,1999,883.77
144,1,27,322,2000,864.76
144,1,27,322,2001,835.17
144,1,27,322,2002,817.44
144,1,27,322,2003,805.21
144,1,27,322,2004,792.21
144,1,27,322,2005,772.02
144,1,27,322,2006,756.74
144,1,27,322,2007,737.06
144,1,27,322,2008,720.48
144,1,27,322,2009,699.03
144,1,27,322,2010,675.3
144,1,27,322,2011,658.06
144,1,27,322,2012,641.35
144,1,27,322,2013,626.83
144,1,27,322,2014,613.14
144,1,27,322,2015,600.98
144,1,27,322,2016,589.46
144,2,22,322,1990,1725.9
144,2,22,322,1991,1626.99
144,2,22,322,1992,1536.54
144,2,22,322,1993,1461.53
144,2,22,322,1994,1390.56
144,2,22,322,1995,1346.09
144,2,22,322,1996,1294.02
144,2,22,322,1997,1225.3
144,2,22,322,1998,1161.41
144,2,22,322,1999,1105.18
144,2,22,322,2000,1052.95
144,2,22,322,2001,1000.17
144,2,22,322,2002,956.55
144,2,22,322,2003,918.46
144,2,22,322,2004,880.13
144,2,22,322,2005,835.14
144,2,22,322,2006,794.91
144,2,22,322,2007,761.19
144,2,22,322,2008,725.2
144,2,22,322,2009,687.24
144,2,22,322,2010,648.27
144,2,22,322,2011,613.63
144,2,22,322,2012,583.02
144,2,22,322,2013,553.86
144,2,22,322,2014,527.74
144,2,22,322,2015,504.03
144,2,22,322,2016,484.1
144,2,27,322,1990,1265.57
144,2,27,322,1991,1217.06
144,2,27,322,1992,1153.95
144,2,27,322,1993,1113.75
144,2,27,322,1994,1067.55
144,2,27,322,1995,1042.43
144,2,27,322,1996,1018.62
144,2,27,322,1997,983.67
144,2,27,322,1998,952.7
144,2,27,322,1999,926.39
144,2,27,322,2000,902.07
144,2,27,322,2001,875.42
144,2,27,322,2002,853.33
144,2,27,322,2003,834.9
144,2,27,322,2004,815.52
144,2,27,322,2005,781.23
144,2,27,322,2006,745.52
144,2,27,322,2007,711.17
144,2,27,322,2008,677.67
144,2,27,322,2009,644.09
144,2,27,322,2010,609.76
144,2,27,322,2011,583.28
144,2,27,322,2012,562.61
144,2,27,322,2013,543.5
144,2,27,322,2014,526.66
144,2,27,322,2015,511.3
144,2,27,322,2016,497.53
144,3,22,322,1990,1543.32
144,3,22,322,1991,1453.04
144,3,22,322,1992,1379.5
144,3,22,322,1993,1318.63
144,3,22,322,1994,1261.68
144,3,22,322,1995,1222.54
144,3,22,322,1996,1174.08
144,3,22,322,1997,1115.07
144,3,22,322,1998,1060.11
144,3,22,322,1999,1013.7
144,3,22,322,2000,968.95
144,3,22,322,2001,917.31
144,3,22,322,2002,879.64
144,3,22,322,2003,847.08
144,3,22,322,2004,814.8
144,3,22,322,2005,781.8
144,3,22,322,2006,755.14
144,3,22,322,2007,731.31
144,3,22,322,2008,705.12
144,3,22,322,2009,676.16
144,3,22,322,2010,645.02
144,3,22,322,2011,617.29
144,3,22,322,2012,590.76
144,3,22,322,2013,565.25
144,3,22,322,2014,541.32
144,3,22,322,2015,519.4
144,3,22,322,2016,500.59
144,3,27,322,1990,1205.99
144,3,27,322,1991,1157.01
144,3,27,322,1992,1106.24
144,3,27,322,1993,1071.44
144,3,27,322,1994,1034.83
144,3,27,322,1995,1011.18
144,3,27,322,1996,985.48
144,3,27,322,1997,954.83
144,3,27,322,1998,926.4
144,3,27,322,1999,904.09
144,3,27,322,2000,882.3
144,3,27,322,2001,853.9
144,3,27,322,2002,833.75
144,3,27,322,2003,818.2
144,3,27,322,2004,801.78
144,3,27,322,2005,774.48
144,3,27,322,2006,749.03
144,3,27,322,2007,722.02
144,3,27,322,2008,696.97
144,3,27,322,2009,669.56
144,3,27,322,2010,640.63
144,3,27,322,2011,618.9
144,3,27,322,2012,600.3
144,3,27,322,2013,583.51
144,3,27,322,2014,568.22
144,3,27,322,2015,554.4
144,3,27,322,2016,541.72
145,1,22,322,1990,367.05
145,1,22,322,1991,280.76
145,1,22,322,1992,316.05
145,1,22,322,1993,372.73
145,1,22,322,1994,369.4
145,1,22,322,1995,362.28
145,1,22,322,1996,368.62
145,1,22,322,1997,369.45
145,1,22,322,1998,359.55
145,1,22,322,1999,300.45
145,1,22,322,2000,290.56
145,1,22,322,2001,316.87
145,1,22,322,2002,286.61
145,1,22,322,2003,278.41
145,1,22,322,2004,282.68
145,1,22,322,2005,288.88
145,1,22,322,2006,293.79
145,1,22,322,2007,292.31
145,1,22,322,2008,300.92
145,1,22,322,2009,307.49
145,1,22,322,2010,287.29
145,1,22,322,2011,273.08
145,1,22,322,2012,270.92
145,1,22,322,2013,267.94
145,1,22,322,2014,257.64
145,1,22,322,2015,251.45
145,1,22,322,2016,249.76
145,1,27,322,1990,592.9
145,1,27,322,1991,498.87
145,1,27,322,1992,518.55
145,1,27,322,1993,572.65
145,1,27,322,1994,572.53
145,1,27,322,1995,574.51
145,1,27,322,1996,582.63
145,1,27,322,1997,593.44
145,1,27,322,1998,584.85
145,1,27,322,1999,530.78
145,1,27,322,2000,517.64
145,1,27,322,2001,537.32
145,1,27,322,2002,505.62
145,1,27,322,2003,501.19
145,1,27,322,2004,517.81
145,1,27,322,2005,538.93
145,1,27,322,2006,554.19
145,1,27,322,2007,557.45
145,1,27,322,2008,575.73
145,1,27,322,2009,584.1
145,1,27,322,2010,565.65
145,1,27,322,2011,551.71
145,1,27,322,2012,558.89
145,1,27,322,2013,561.23
145,1,27,322,2014,550.95
145,1,27,322,2015,542.48
145,1,27,322,2016,537.63
145,2,22,322,1990,368.83
145,2,22,322,1991,274.41
145,2,22,322,1992,320.59
145,2,22,322,1993,401.93
145,2,22,322,1994,409.81
145,2,22,322,1995,435.47
145,2,22,322,1996,452.52
145,2,22,322,1997,467.38
145,2,22,322,1998,438.82
145,2,22,322,1999,351.68
145,2,22,322,2000,336.61
145,2,22,322,2001,363.01
145,2,22,322,2002,314.34
145,2,22,322,2003,302.63
145,2,22,322,2004,302.15
145,2,22,322,2005,306.63
145,2,22,322,2006,307.54
145,2,22,322,2007,316.39
145,2,22,322,2008,327.34
145,2,22,322,2009,342.14
145,2,22,322,2010,313.42
145,2,22,322,2011,293.94
145,2,22,322,2012,284.54
145,2,22,322,2013,278.16
145,2,22,322,2014,280.67
145,2,22,322,2015,277.36
145,2,22,322,2016,278.62
145,2,27,322,1990,585.58
145,2,27,322,1991,474.29
145,2,27,322,1992,487.42
145,2,27,322,1993,547.05
145,2,27,322,1994,565.31
145,2,27,322,1995,610.42
145,2,27,322,1996,639.57
145,2,27,322,1997,663.89
145,2,27,322,1998,659.31
145,2,27,322,1999,604.77
145,2,27,322,2000,593.67
145,2,27,322,2001,622.56
145,2,27,322,2002,594.03
145,2,27,322,2003,590.58
145,2,27,322,2004,618.75
145,2,27,322,2005,645.8
145,2,27,322,2006,690.01
145,2,27,322,2007,738.79
145,2,27,322,2008,783.91
145,2,27,322,2009,812.35
145,2,27,322,2010,789.29
145,2,27,322,2011,761.18
145,2,27,322,2012,736.93
145,2,27,322,2013,712.89
145,2,27,322,2014,726.88
145,2,27,322,2015,723.94
145,2,27,322,2016,723.63
145,3,22,322,1990,367.88
145,3,22,322,1991,277.82
145,3,22,322,1992,318.11
145,3,22,322,1993,385.61
145,3,22,322,1994,386.69
145,3,22,322,1995,392.8
145,3,22,322,1996,403.16
145,3,22,322,1997,409.64
145,3,22,322,1998,392.18
145,3,22,322,1999,321.61
145,3,22,322,2000,309.59
145,3,22,322,2001,335.92
145,3,22,322,2002,298.03
145,3,22,322,2003,288.36
145,3,22,322,2004,290.69
145,3,22,322,2005,296.21
145,3,22,322,2006,299.54
145,3,22,322,2007,302.5
145,3,22,322,2008,312.23
145,3,22,322,2009,322.48
145,3,22,322,2010,298.68
145,3,22,322,2011,282.2
145,3,22,322,2012,276.88
145,3,22,322,2013,272.41
145,3,22,322,2014,267.72
145,3,22,322,2015,262.78
145,3,22,322,2016,262.38
145,3,27,322,1990,584.37
145,3,27,322,1991,482.83
145,3,27,322,1992,499.73
145,3,27,322,1993,556.72
145,3,27,322,1994,564.69
145,3,27,322,1995,585.84
145,3,27,322,1996,602.6
145,3,27,322,1997,618.9
145,3,27,322,1998,610.8
145,3,27,322,1999,556.12
145,3,27,322,2000,544.53
145,3,27,322,2001,567.82
145,3,27,322,2002,537.22
145,3,27,322,2003,531.81
145,3,27,322,2004,550.51
145,3,27,322,2005,572.47
145,3,27,322,2006,596.34
145,3,27,322,2007,617.81
145,3,27,322,2008,649.21
145,3,27,322,2009,668.94
145,3,27,322,2010,650.13
145,3,27,322,2011,630.71
145,3,27,322,2012,625.24
145,3,27,322,2013,619.33
145,3,27,322,2014,621.99
145,3,27,322,2015,618.42
145,3,27,322,2016,616.74
146,1,22,322,1990,564.8
146,1,22,322,1991,507.17
146,1,22,322,1992,463.87
146,1,22,322,1993,429.18
146,1,22,322,1994,393.88
146,1,22,322,1995,365.78
146,1,22,322,1996,334.35
146,1,22,322,1997,307.24
146,1,22,322,1998,281.57
146,1,22,322,1999,260.39
146,1,22,322,2000,240.22
146,1,22,322,2001,221.89
146,1,22,322,2002,203.47
146,1,22,322,2003,186.06
146,1,22,322,2004,176.49
146,1,22,322,2005,168.95
146,1,22,322,2006,162.1
146,1,22,322,2007,157.05
146,1,22,322,2008,152.68
146,1,22,322,2009,148.49
146,1,22,322,2010,144.06
146,1,22,322,2011,140.4
146,1,22,322,2012,136.23
146,1,22,322,2013,133.94
146,1,22,322,2014,132.78
146,1,22,322,2015,124.19
146,1,22,322,2016,124.52
146,1,27,322,1990,551.32
146,1,27,322,1991,503.18
146,1,27,322,1992,469.04
146,1,27,322,1993,441.99
146,1,27,322,1994,412.2
146,1,27,322,1995,388.01
146,1,27,322,1996,361.5
146,1,27,322,1997,338.44
146,1,27,322,1998,314.67
146,1,27,322,1999,295.25
146,1,27,322,2000,276.6
146,1,27,322,2001,262.03
146,1,27,322,2002,247.14
146,1,27,322,2003,230.81
146,1,27,322,2004,221.86
146,1,27,322,2005,213.26
146,1,27,322,2006,204.23
146,1,27,322,2007,196.81
146,1,27,322,2008,189.79
146,1,27,322,2009,183.15
146,1,27,322,2010,176.43
146,1,27,322,2011,172.45
146,1,27,322,2012,167.73
146,1,27,322,2013,164.7
146,1,27,322,2014,162.83
146,1,27,322,2015,152
146,1,27,322,2016,149.41
146,2,22,322,1990,724.27
146,2,22,322,1991,661.4
146,2,22,322,1992,610.53
146,2,22,322,1993,569.02
146,2,22,322,1994,521.81
146,2,22,322,1995,483.42
146,2,22,322,1996,432.17
146,2,22,322,1997,388.81
146,2,22,322,1998,353.1
146,2,22,322,1999,317.32
146,2,22,322,2000,293.13
146,2,22,322,2001,266.69
146,2,22,322,2002,242.09
146,2,22,322,2003,223.6
146,2,22,322,2004,208.51
146,2,22,322,2005,197.68
146,2,22,322,2006,189.8
146,2,22,322,2007,183.49
146,2,22,322,2008,178.93
146,2,22,322,2009,173.07
146,2,22,322,2010,166.62
146,2,22,322,2011,160.37
146,2,22,322,2012,153.59
146,2,22,322,2013,149.23
146,2,22,322,2014,146.53
146,2,22,322,2015,138.44
146,2,22,322,2016,137.17
146,2,27,322,1990,676.66
146,2,27,322,1991,637.09
146,2,27,322,1992,605.63
146,2,27,322,1993,580.51
146,2,27,322,1994,544.98
146,2,27,322,1995,517.09
146,2,27,322,1996,472.99
146,2,27,322,1997,435.77
146,2,27,322,1998,404.1
146,2,27,322,1999,368.67
146,2,27,322,2000,346.89
146,2,27,322,2001,324.09
146,2,27,322,2002,303.09
146,2,27,322,2003,286.23
146,2,27,322,2004,270.99
146,2,27,322,2005,258.68
146,2,27,322,2006,247.39
146,2,27,322,2007,237.45
146,2,27,322,2008,227.9
146,2,27,322,2009,217.65
146,2,27,322,2010,207.83
146,2,27,322,2011,200.89
146,2,27,322,2012,193.36
146,2,27,322,2013,187.34
146,2,27,322,2014,183.14
146,2,27,322,2015,172.22
146,2,27,322,2016,166.66
146,3,22,322,1990,645.54
146,3,22,322,1991,585.2
146,3,22,322,1992,537.99
146,3,22,322,1993,499.76
146,3,22,322,1994,458.39
146,3,22,322,1995,425.07
146,3,22,322,1996,383.68
146,3,22,322,1997,348.42
146,3,22,322,1998,317.71
146,3,22,322,1999,289.14
146,3,22,322,2000,266.89
146,3,22,322,2001,244.36
146,3,22,322,2002,222.72
146,3,22,322,2003,204.66
146,3,22,322,2004,192.27
146,3,22,322,2005,183.05
146,3,22,322,2006,175.67
146,3,22,322,2007,169.98
146,3,22,322,2008,165.51
146,3,22,322,2009,160.51
146,3,22,322,2010,155.11
146,3,22,322,2011,150.21
146,3,22,322,2012,144.79
146,3,22,322,2013,141.51
146,3,22,322,2014,139.61
146,3,22,322,2015,131.28
146,3,22,322,2016,130.82
146,3,27,322,1990,612.47
146,3,27,322,1991,569.07
146,3,27,322,1992,536.6
146,3,27,322,1993,510.77
146,3,27,322,1994,478.25
146,3,27,322,1995,452.5
146,3,27,322,1996,417.26
146,3,27,322,1997,387.21
146,3,27,322,1998,359.62
146,3,27,322,1999,332.08
146,3,27,322,2000,312.05
146,3,27,322,2001,293.4
146,3,27,322,2002,275.51
146,3,27,322,2003,258.84
146,3,27,322,2004,246.68
146,3,27,322,2005,236.22
146,3,27,322,2006,226.1
146,3,27,322,2007,217.45
146,3,27,322,2008,209.38
146,3,27,322,2009,201.08
146,3,27,322,2010,192.88
146,3,27,322,2011,187.43
146,3,27,322,2012,181.29
146,3,27,322,2013,176.81
146,3,27,322,2014,173.8
146,3,27,322,2015,162.91
146,3,27,322,2016,158.81
147,1,22,322,1990,835.55
147,1,22,322,1991,784.1
147,1,22,322,1992,736.74
147,1,22,322,1993,699.3
147,1,22,322,1994,664.84
147,1,22,322,1995,638.74
147,1,22,322,1996,602.36
147,1,22,322,1997,579.73
147,1,22,322,1998,559.25
147,1,22,322,1999,546.65
147,1,22,322,2000,532.98
147,1,22,322,2001,520.54
147,1,22,322,2002,509.48
147,1,22,322,2003,494.7
147,1,22,322,2004,478.12
147,1,22,322,2005,459.89
147,1,22,322,2006,444.36
147,1,22,322,2007,424.97
147,1,22,322,2008,410.8
147,1,22,322,2009,393.45
147,1,22,322,2010,378.42
147,1,22,322,2011,379.49
147,1,22,322,2012,373.1
147,1,22,322,2013,354.04
147,1,22,322,2014,353.41
147,1,22,322,2015,353.68
147,1,22,322,2016,353.14
147,1,27,322,1990,940.95
147,1,27,322,1991,899.3
147,1,27,322,1992,861.45
147,1,27,322,1993,830.05
147,1,27,322,1994,798.79
147,1,27,322,1995,775.12
147,1,27,322,1996,741.02
147,1,27,322,1997,724.51
147,1,27,322,1998,707.01
147,1,27,322,1999,697.5
147,1,27,322,2000,686.27
147,1,27,322,2001,676.02
147,1,27,322,2002,666.72
147,1,27,322,2003,654.33
147,1,27,322,2004,639.94
147,1,27,322,2005,623.44
147,1,27,322,2006,609
147,1,27,322,2007,593.66
147,1,27,322,2008,581.75
147,1,27,322,2009,568.17
147,1,27,322,2010,557.32
147,1,27,322,2011,562.8
147,1,27,322,2012,560.01
147,1,27,322,2013,533.46
147,1,27,322,2014,535.7
147,1,27,322,2015,538.8
147,1,27,322,2016,540.18
147,2,22,322,1990,1020.48
147,2,22,322,1991,946.07
147,2,22,322,1992,878.64
147,2,22,322,1993,825.52
147,2,22,322,1994,778.49
147,2,22,322,1995,745.6
147,2,22,322,1996,700.59
147,2,22,322,1997,668.32
147,2,22,322,1998,639.64
147,2,22,322,1999,616.85
147,2,22,322,2000,594.24
147,2,22,322,2001,569.61
147,2,22,322,2002,548.05
147,2,22,322,2003,520.34
147,2,22,322,2004,491.66
147,2,22,322,2005,462.44
147,2,22,322,2006,435.28
147,2,22,322,2007,413.36
147,2,22,322,2008,392.11
147,2,22,322,2009,367.53
147,2,22,322,2010,346.51
147,2,22,322,2011,341.61
147,2,22,322,2012,327.47
147,2,22,322,2013,306.55
147,2,22,322,2014,300.04
147,2,22,322,2015,293.93
147,2,22,322,2016,287.79
147,2,27,322,1990,981.93
147,2,27,322,1991,931.65
147,2,27,322,1992,886.19
147,2,27,322,1993,848.66
147,2,27,322,1994,813.01
147,2,27,322,1995,788.64
147,2,27,322,1996,753.26
147,2,27,322,1997,730.24
147,2,27,322,1998,708.36
147,2,27,322,1999,691.58
147,2,27,322,2000,675.54
147,2,27,322,2001,655.37
147,2,27,322,2002,638.22
147,2,27,322,2003,614.89
147,2,27,322,2004,590.06
147,2,27,322,2005,563.43
147,2,27,322,2006,537.39
147,2,27,322,2007,520.06
147,2,27,322,2008,500.35
147,2,27,322,2009,477.29
147,2,27,322,2010,457.16
147,2,27,322,2011,455.2
147,2,27,322,2012,442.01
147,2,27,322,2013,416.28
147,2,27,322,2014,411.51
147,2,27,322,2015,406.54
147,2,27,322,2016,399.75
147,3,22,322,1990,922.85
147,3,22,322,1991,860.71
147,3,22,322,1992,803.99
147,3,22,322,1993,759.22
147,3,22,322,1994,718.86
147,3,22,322,1995,689.6
147,3,22,322,1996,649.17
147,3,22,322,1997,621.98
147,3,22,322,1998,597.63
147,3,22,322,1999,580.2
147,3,22,322,2000,562.29
147,3,22,322,2001,544.05
147,3,22,322,2002,528
147,3,22,322,2003,507.04
147,3,22,322,2004,484.65
147,3,22,322,2005,461.12
147,3,22,322,2006,439.97
147,3,22,322,2007,419.34
147,3,22,322,2008,401.72
147,3,22,322,2009,380.83
147,3,22,322,2010,362.85
147,3,22,322,2011,360.95
147,3,22,322,2012,350.67
147,3,22,322,2013,330.59
147,3,22,322,2014,326.95
147,3,22,322,2015,323.97
147,3,22,322,2016,320.58
147,3,27,322,1990,960.09
147,3,27,322,1991,914.26
147,3,27,322,1992,872.77
147,3,27,322,1993,838.42
147,3,27,322,1994,805.08
147,3,27,322,1995,781.07
147,3,27,322,1996,746.33
147,3,27,322,1997,726.65
147,3,27,322,1998,707.04
147,3,27,322,1999,693.96
147,3,27,322,2000,680.35
147,3,27,322,2001,665.17
147,3,27,322,2002,651.89
147,3,27,322,2003,633.95
147,3,27,322,2004,614.19
147,3,27,322,2005,592.42
147,3,27,322,2006,571.99
147,3,27,322,2007,555.44
147,3,27,322,2008,539.3
147,3,27,322,2009,520.53
147,3,27,322,2010,504.45
147,3,27,322,2011,505.82
147,3,27,322,2012,497.31
147,3,27,322,2013,470.83
147,3,27,322,2014,469.06
147,3,27,322,2015,467.6
147,3,27,322,2016,464.48
148,1,22,322,1990,3147.8
148,1,22,322,1991,2894.18
148,1,22,322,1992,2663.79
148,1,22,322,1993,2459.14
148,1,22,322,1994,2259.83
148,1,22,322,1995,2095.44
148,1,22,322,1996,1939.77
148,1,22,322,1997,1798.21
148,1,22,322,1998,1664.05
148,1,22,322,1999,1552.42
148,1,22,322,2000,1454.12
148,1,22,322,2001,1361.9
148,1,22,322,2002,1275.74
148,1,22,322,2003,1197.76
148,1,22,322,2004,1128.74
148,1,22,322,2005,1069.35
148,1,22,322,2006,1005.13
148,1,22,322,2007,933.97
148,1,22,322,2008,878.86
148,1,22,322,2009,838.84
148,1,22,322,2010,799.42
148,1,22,322,2011,757.17
148,1,22,322,2012,712.89
148,1,22,322,2013,670.44
148,1,22,322,2014,639.05
148,1,22,322,2015,607.97
148,1,22,322,2016,584.42
148,1,27,322,1990,2361.16
148,1,27,322,1991,2228.88
148,1,27,322,1992,2113.02
148,1,27,322,1993,2012.91
148,1,27,322,1994,1906.01
148,1,27,322,1995,1820.85
148,1,27,322,1996,1737.1
148,1,27,322,1997,1663.54
148,1,27,322,1998,1591.25
148,1,27,322,1999,1532.74
148,1,27,322,2000,1478.59
148,1,27,322,2001,1423.31
148,1,27,322,2002,1365.84
148,1,27,322,2003,1312.75
148,1,27,322,2004,1263.32
148,1,27,322,2005,1220.26
148,1,27,322,2006,1169.24
148,1,27,322,2007,1106.96
148,1,27,322,2008,1057.7
148,1,27,322,2009,1021.51
148,1,27,322,2010,983.68
148,1,27,322,2011,942.06
148,1,27,322,2012,896.67
148,1,27,322,2013,852.94
148,1,27,322,2014,821.18
148,1,27,322,2015,788.45
148,1,27,322,2016,759.19
148,2,22,322,1990,2933.74
148,2,22,322,1991,2696.02
148,2,22,322,1992,2477.14
148,2,22,322,1993,2272.35
148,2,22,322,1994,2073.5
148,2,22,322,1995,1904.37
148,2,22,322,1996,1742.51
148,2,22,322,1997,1603.77
148,2,22,322,1998,1466.68
148,2,22,322,1999,1352.4
148,2,22,322,2000,1252.9
148,2,22,322,2001,1160.52
148,2,22,322,2002,1084.97
148,2,22,322,2003,1010.77
148,2,22,322,2004,944.52
148,2,22,322,2005,887.45
148,2,22,322,2006,829.8
148,2,22,322,2007,773.35
148,2,22,322,2008,723.62
148,2,22,322,2009,688.53
148,2,22,322,2010,649.09
148,2,22,322,2011,608.99
148,2,22,322,2012,568.85
148,2,22,322,2013,531.59
148,2,22,322,2014,505.12
148,2,22,322,2015,478.55
148,2,22,322,2016,458.52
148,2,27,322,1990,2220
148,2,27,322,1991,2092.75
148,2,27,322,1992,1978.4
148,2,27,322,1993,1870.44
148,2,27,322,1994,1760.29
148,2,27,322,1995,1667.22
148,2,27,322,1996,1572.91
148,2,27,322,1997,1495.55
148,2,27,322,1998,1411.45
148,2,27,322,1999,1343.41
148,2,27,322,2000,1280.96
148,2,27,322,2001,1219.35
148,2,27,322,2002,1170.23
148,2,27,322,2003,1115.59
148,2,27,322,2004,1064.87
148,2,27,322,2005,1019.9
148,2,27,322,2006,971.3
148,2,27,322,2007,920.41
148,2,27,322,2008,873.81
148,2,27,322,2009,840.89
148,2,27,322,2010,801.21
148,2,27,322,2011,759.13
148,2,27,322,2012,715.42
148,2,27,322,2013,674.37
148,2,27,322,2014,645.13
148,2,27,322,2015,614.27
148,2,27,322,2016,587.45
148,3,22,322,1990,3040.53
148,3,22,322,1991,2794.85
148,3,22,322,1992,2570.19
148,3,22,322,1993,2365.41
148,3,22,322,1994,2166.27
148,3,22,322,1995,1999.44
148,3,22,322,1996,1840.58
148,3,22,322,1997,1700.37
148,3,22,322,1998,1564.65
148,3,22,322,1999,1451.6
148,3,22,322,2000,1352.61
148,3,22,322,2001,1260.21
148,3,22,322,2002,1179.31
148,3,22,322,2003,1103.16
148,3,22,322,2004,1035.46
148,3,22,322,2005,977.15
148,3,22,322,2006,916.19
148,3,22,322,2007,852.44
148,3,22,322,2008,800.01
148,3,22,322,2009,762.47
148,3,22,322,2010,723.03
148,3,22,322,2011,681.9
148,3,22,322,2012,639.77
148,3,22,322,2013,600.01
148,3,22,322,2014,571.17
148,3,22,322,2015,542.43
148,3,22,322,2016,520.71
148,3,27,322,1990,2285.86
148,3,27,322,1991,2156.11
148,3,27,322,1992,2041.11
148,3,27,322,1993,1937.1
148,3,27,322,1994,1828.85
148,3,27,322,1995,1739.84
148,3,27,322,1996,1650.88
148,3,27,322,1997,1575.5
148,3,27,322,1998,1497.1
148,3,27,322,1999,1433.79
148,3,27,322,2000,1375.38
148,3,27,322,2001,1316.94
148,3,27,322,2002,1264.09
148,3,27,322,2003,1210.28
148,3,27,322,2004,1160.32
148,3,27,322,2005,1116.37
148,3,27,322,2006,1066.59
148,3,27,322,2007,1009.95
148,3,27,322,2008,962.1
148,3,27,322,2009,927.61
148,3,27,322,2010,889.05
148,3,27,322,2011,847.37
148,3,27,322,2012,803.04
148,3,27,322,2013,760.83
148,3,27,322,2014,730.41
148,3,27,322,2015,698.65
148,3,27,322,2016,670.63
149,1,22,322,1990,2512.92
149,1,22,322,1991,2413.75
149,1,22,322,1992,2258.22
149,1,22,322,1993,2079.18
149,1,22,322,1994,1881.95
149,1,22,322,1995,1730.52
149,1,22,322,1996,1636.5
149,1,22,322,1997,1578.82
149,1,22,322,1998,1524.93
149,1,22,322,1999,1477.26
149,1,22,322,2000,1436.27
149,1,22,322,2001,1408.96
149,1,22,322,2002,1396.74
149,1,22,322,2003,1325.97
149,1,22,322,2004,1265.01
149,1,22,322,2005,1185.3
149,1,22,322,2006,1107.27
149,1,22,322,2007,1032.15
149,1,22,322,2008,968.86
149,1,22,322,2009,912.38
149,1,22,322,2010,864.05
149,1,22,322,2011,817.23
149,1,22,322,2012,781.33
149,1,22,322,2013,757.34
149,1,22,322,2014,724.08
149,1,22,322,2015,709.17
149,1,22,322,2016,691.99
149,1,27,322,1990,1873.54
149,1,27,322,1991,1829.36
149,1,27,322,1992,1758.18
149,1,27,322,1993,1677.75
149,1,27,322,1994,1591.08
149,1,27,322,1995,1531.66
149,1,27,322,1996,1504.18
149,1,27,322,1997,1497.96
149,1,27,322,1998,1488.03
149,1,27,322,1999,1500.53
149,1,27,322,2000,1508.93
149,1,27,322,2001,1501.26
149,1,27,322,2002,1510.68
149,1,27,322,2003,1475.1
149,1,27,322,2004,1426.84
149,1,27,322,2005,1360.74
149,1,27,322,2006,1293.43
149,1,27,322,2007,1228.43
149,1,27,322,2008,1176.05
149,1,27,322,2009,1137.98
149,1,27,322,2010,1115.26
149,1,27,322,2011,1092.89
149,1,27,322,2012,1065.66
149,1,27,322,2013,1054.57
149,1,27,322,2014,1047.71
149,1,27,322,2015,1043.65
149,1,27,322,2016,1032.93
149,2,22,322,1990,2924.39
149,2,22,322,1991,2759.78
149,2,22,322,1992,2524.56
149,2,22,322,1993,2259.65
149,2,22,322,1994,1977.67
149,2,22,322,1995,1756.67
149,2,22,322,1996,1607.79
149,2,22,322,1997,1505.49
149,2,22,322,1998,1389.75
149,2,22,322,1999,1294.41
149,2,22,322,2000,1205.57
149,2,22,322,2001,1128.79
149,2,22,322,2002,1069.22
149,2,22,322,2003,1003.27
149,2,22,322,2004,939.36
149,2,22,322,2005,882.68
149,2,22,322,2006,833.69
149,2,22,322,2007,791.98
149,2,22,322,2008,754.26
149,2,22,322,2009,724.47
149,2,22,322,2010,700.81
149,2,22,322,2011,672.56
149,2,22,322,2012,643.81
149,2,22,322,2013,614.83
149,2,22,322,2014,589.54
149,2,22,322,2015,562.13
149,2,22,322,2016,533.7
149,2,27,322,1990,1946.42
149,2,27,322,1991,1868.93
149,2,27,322,1992,1756.55
149,2,27,322,1993,1629.23
149,2,27,322,1994,1492.93
149,2,27,322,1995,1387.65
149,2,27,322,1996,1319.38
149,2,27,322,1997,1273.83
149,2,27,322,1998,1206.53
149,2,27,322,1999,1160.25
149,2,27,322,2000,1106.86
149,2,27,322,2001,1049.15
149,2,27,322,2002,1006.65
149,2,27,322,2003,963.67
149,2,27,322,2004,909.36
149,2,27,322,2005,864.01
149,2,27,322,2006,828.54
149,2,27,322,2007,798.32
149,2,27,322,2008,769.36
149,2,27,322,2009,752.35
149,2,27,322,2010,745.76
149,2,27,322,2011,736.21
149,2,27,322,2012,722.54
149,2,27,322,2013,713.79
149,2,27,322,2014,709.29
149,2,27,322,2015,695.31
149,2,27,322,2016,677.25
149,3,22,322,1990,2716.07
149,3,22,322,1991,2584.56
149,3,22,322,1992,2389.67
149,3,22,322,1993,2168.24
149,3,22,322,1994,1929.17
149,3,22,322,1995,1743.42
149,3,22,322,1996,1622.34
149,3,22,322,1997,1542.66
149,3,22,322,1998,1458.28
149,3,22,322,1999,1387.11
149,3,22,322,2000,1322.54
149,3,22,322,2001,1270.86
149,3,22,322,2002,1235.32
149,3,22,322,2003,1166.95
149,3,22,322,2004,1104.54
149,3,22,322,2005,1036.18
149,3,22,322,2006,972.46
149,3,22,322,2007,913.81
149,3,22,322,2008,863.12
149,3,22,322,2009,819.79
149,3,22,322,2010,783.62
149,3,22,322,2011,745.96
149,3,22,322,2012,713.58
149,3,22,322,2013,687.13
149,3,22,322,2014,657.8
149,3,22,322,2015,636.74
149,3,22,322,2016,614.01
149,3,27,322,1990,1902.11
149,3,27,322,1991,1841.37
149,3,27,322,1992,1749.77
149,3,27,322,1993,1645.93
149,3,27,322,1994,1534.28
149,3,27,322,1995,1451.36
149,3,27,322,1996,1402.63
149,3,27,322,1997,1375.54
149,3,27,322,1998,1335.1
149,3,27,322,1999,1315.9
149,3,27,322,2000,1291.05
149,3,27,322,2001,1257.7
149,3,27,322,2002,1240.06
149,3,27,322,2003,1199.93
149,3,27,322,2004,1148.74
149,3,27,322,2005,1093.59
149,3,27,322,2006,1043.29
149,3,27,322,2007,996.29
149,3,27,322,2008,955.91
149,3,27,322,2009,928.26
149,3,27,322,2010,912.94
149,3,27,322,2011,896.58
149,3,27,322,2012,877.22
149,3,27,322,2013,868.2
149,3,27,322,2014,862.68
149,3,27,322,2015,854.08
149,3,27,322,2016,840.64
150,1,22,322,1990,1743.57
150,1,22,322,1991,1503.66
150,1,22,322,1992,1290.31
150,1,22,322,1993,1104.76
150,1,22,322,1994,979.07
150,1,22,322,1995,873.23
150,1,22,322,1996,788.09
150,1,22,322,1997,721.62
150,1,22,322,1998,668.17
150,1,22,322,1999,618.96
150,1,22,322,2000,585.89
150,1,22,322,2001,545.49
150,1,22,322,2002,513.53
150,1,22,322,2003,481.89
150,1,22,322,2004,446.01
150,1,22,322,2005,406.63
150,1,22,322,2006,391.5
150,1,22,322,2007,386.27
150,1,22,322,2008,364.67
150,1,22,322,2009,364.14
150,1,22,322,2010,360.94
150,1,22,322,2011,350.1
150,1,22,322,2012,336.99
150,1,22,322,2013,326.66
150,1,22,322,2014,315.94
150,1,22,322,2015,312.5
150,1,22,322,2016,312.26
150,1,27,322,1990,1683.22
150,1,27,322,1991,1563.99
150,1,27,322,1992,1450.79
150,1,27,322,1993,1343.35
150,1,27,322,1994,1264.89
150,1,27,322,1995,1192.15
150,1,27,322,1996,1124.07
150,1,27,322,1997,1067.61
150,1,27,322,1998,1024.85
150,1,27,322,1999,995.87
150,1,27,322,2000,979.95
150,1,27,322,2001,968.05
150,1,27,322,2002,952.35
150,1,27,322,2003,918.71
150,1,27,322,2004,868.76
150,1,27,322,2005,825.92
150,1,27,322,2006,809.28
150,1,27,322,2007,790.74
150,1,27,322,2008,726.73
150,1,27,322,2009,719.2
150,1,27,322,2010,716.07
150,1,27,322,2011,710.72
150,1,27,322,2012,691.2
150,1,27,322,2013,676.93
150,1,27,322,2014,659.91
150,1,27,322,2015,646.5
150,1,27,322,2016,629.2
150,2,22,322,1990,3580.36
150,2,22,322,1991,3090.23
150,2,22,322,1992,2651.53
150,2,22,322,1993,2246.49
150,2,22,322,1994,1955.62
150,2,22,322,1995,1680.12
150,2,22,322,1996,1429.98
150,2,22,322,1997,1221.38
150,2,22,322,1998,1050.72
150,2,22,322,1999,908.56
150,2,22,322,2000,818.65
150,2,22,322,2001,722.42
150,2,22,322,2002,640.69
150,2,22,322,2003,568.62
150,2,22,322,2004,497.91
150,2,22,322,2005,423.72
150,2,22,322,2006,398.21
150,2,22,322,2007,392.98
150,2,22,322,2008,383.63
150,2,22,322,2009,395.91
150,2,22,322,2010,397.82
150,2,22,322,2011,391.98
150,2,22,322,2012,390.63
150,2,22,322,2013,387.78
150,2,22,322,2014,366.67
150,2,22,322,2015,348.5
150,2,22,322,2016,329.94
150,2,27,322,1990,2298.99
150,2,27,322,1991,2075.93
150,2,27,322,1992,1873.58
150,2,27,322,1993,1686
150,2,27,322,1994,1550.38
150,2,27,322,1995,1421.31
150,2,27,322,1996,1293.6
150,2,27,322,1997,1181.53
150,2,27,322,1998,1083.76
150,2,27,322,1999,992.39
150,2,27,322,2000,924.5
150,2,27,322,2001,857.45
150,2,27,322,2002,801.94
150,2,27,322,2003,753.27
150,2,27,322,2004,703.39
150,2,27,322,2005,650.7
150,2,27,322,2006,623.98
150,2,27,322,2007,608.73
150,2,27,322,2008,567.36
150,2,27,322,2009,568.23
150,2,27,322,2010,564.94
150,2,27,322,2011,541.08
150,2,27,322,2012,525.01
150,2,27,322,2013,514.89
150,2,27,322,2014,494.97
150,2,27,322,2015,477.65
150,2,27,322,2016,460.83
150,3,22,322,1990,2558.67
150,3,22,322,1991,2194.54
150,3,22,322,1992,1870.35
150,3,22,322,1993,1581.49
150,3,22,322,1994,1381.14
150,3,22,322,1995,1203.78
150,3,22,322,1996,1053.2
150,3,22,322,1997,931.27
150,3,22,322,1998,831.84
150,3,22,322,1999,745.26
150,3,22,322,2000,688.93
150,3,22,322,2001,624.48
150,3,22,322,2002,570.51
150,3,22,322,2003,520.75
150,3,22,322,2004,469.19
150,3,22,322,2005,414.23
150,3,22,322,2006,394.46
150,3,22,322,2007,389.2
150,3,22,322,2008,372.84
150,3,22,322,2009,377.51
150,3,22,322,2010,375.96
150,3,22,322,2011,366.41
150,3,22,322,2012,356.92
150,3,22,322,2013,348.42
150,3,22,322,2014,333.43
150,3,22,322,2015,324.68
150,3,22,322,2016,318.22
150,3,27,322,1990,1973.5
150,3,27,322,1991,1803.55
150,3,27,322,1992,1647.42
150,3,27,322,1993,1501.76
150,3,27,322,1994,1396.03
150,3,27,322,1995,1296.34
150,3,27,322,1996,1199.71
150,3,27,322,1997,1116.17
150,3,27,322,1998,1045.78
150,3,27,322,1999,984.34
150,3,27,322,2000,940.86
150,3,27,322,2001,899.36
150,3,27,322,2002,863.28
150,3,27,322,2003,823.5
150,3,27,322,2004,775.75
150,3,27,322,2005,729.73
150,3,27,322,2006,707.32
150,3,27,322,2007,690.03
150,3,27,322,2008,639.54
150,3,27,322,2009,639.78
150,3,27,322,2010,639.16
150,3,27,322,2011,626.75
150,3,27,322,2012,611.15
150,3,27,322,2013,601.03
150,3,27,322,2014,584.29
150,3,27,322,2015,570.32
150,3,27,322,2016,555.44
151,1,22,322,1990,222.01
151,1,22,322,1991,218.85
151,1,22,322,1992,213.5
151,1,22,322,1993,211.05
151,1,22,322,1994,209.72
151,1,22,322,1995,208.61
151,1,22,322,1996,204.99
151,1,22,322,1997,200.75
151,1,22,322,1998,195.63
151,1,22,322,1999,191.05
151,1,22,322,2000,185.74
151,1,22,322,2001,179.78
151,1,22,322,2002,175.71
151,1,22,322,2003,169.84
151,1,22,322,2004,152.05
151,1,22,322,2005,142.38
151,1,22,322,2006,127.16
151,1,22,322,2007,117.95
151,1,22,322,2008,112.62
151,1,22,322,2009,109.56
151,1,22,322,2010,106.68
151,1,22,322,2011,103.09
151,1,22,322,2012,102.54
151,1,22,322,2013,103.98
151,1,22,322,2014,105.96
151,1,22,322,2015,104.51
151,1,22,322,2016,104.75
151,1,27,322,1990,330.77
151,1,27,322,1991,328.88
151,1,27,322,1992,322.87
151,1,27,322,1993,320.58
151,1,27,322,1994,321.68
151,1,27,322,1995,323.71
151,1,27,322,1996,321.18
151,1,27,322,1997,318.18
151,1,27,322,1998,313.34
151,1,27,322,1999,308.36
151,1,27,322,2000,301.72
151,1,27,322,2001,295.66
151,1,27,322,2002,290.05
151,1,27,322,2003,280.87
151,1,27,322,2004,254.62
151,1,27,322,2005,244.99
151,1,27,322,2006,239.61
151,1,27,322,2007,235.51
151,1,27,322,2008,231.91
151,1,27,322,2009,227.71
151,1,27,322,2010,219.7
151,1,27,322,2011,212.21
151,1,27,322,2012,210.53
151,1,27,322,2013,213.6
151,1,27,322,2014,218.09
151,1,27,322,2015,216.7
151,1,27,322,2016,215.28
151,2,22,322,1990,328.27
151,2,22,322,1991,311.91
151,2,22,322,1992,296.42
151,2,22,322,1993,287.83
151,2,22,322,1994,275.99
151,2,22,322,1995,264.75
151,2,22,322,1996,259.98
151,2,22,322,1997,253.49
151,2,22,322,1998,247.22
151,2,22,322,1999,242.24
151,2,22,322,2000,232.35
151,2,22,322,2001,223.02
151,2,22,322,2002,214.05
151,2,22,322,2003,205.89
151,2,22,322,2004,187.71
151,2,22,322,2005,175.64
151,2,22,322,2006,165.54
151,2,22,322,2007,159.22
151,2,22,322,2008,156.97
151,2,22,322,2009,154.2
151,2,22,322,2010,151.08
151,2,22,322,2011,147.38
151,2,22,322,2012,144.62
151,2,22,322,2013,139.67
151,2,22,322,2014,138.71
151,2,22,322,2015,133.86
151,2,22,322,2016,130.51
151,2,27,322,1990,379.13
151,2,27,322,1991,369.77
151,2,27,322,1992,358.32
151,2,27,322,1993,354.21
151,2,27,322,1994,345.53
151,2,27,322,1995,336.21
151,2,27,322,1996,335.1
151,2,27,322,1997,334.31
151,2,27,322,1998,333.36
151,2,27,322,1999,332.5
151,2,27,322,2000,323.39
151,2,27,322,2001,312.47
151,2,27,322,2002,298.74
151,2,27,322,2003,287.32
151,2,27,322,2004,262.27
151,2,27,322,2005,247.03
151,2,27,322,2006,235.26
151,2,27,322,2007,227.57
151,2,27,322,2008,224.09
151,2,27,322,2009,219.37
151,2,27,322,2010,213.48
151,2,27,322,2011,209.57
151,2,27,322,2012,207.14
151,2,27,322,2013,200.66
151,2,27,322,2014,200.65
151,2,27,322,2015,196.55
151,2,27,322,2016,193.26
151,3,22,322,1990,257.13
151,3,22,322,1991,249.86
151,3,22,322,1992,241.33
151,3,22,322,1993,237
151,3,22,322,1994,232.29
151,3,22,322,1995,227.87
151,3,22,322,1996,223.93
151,3,22,322,1997,218.95
151,3,22,322,1998,213.47
151,3,22,322,1999,208.82
151,3,22,322,2000,202.01
151,3,22,322,2001,195.03
151,3,22,322,2002,189.43
151,3,22,322,2003,182.77
151,3,22,322,2004,164.53
151,3,22,322,2005,153.4
151,3,22,322,2006,138.91
151,3,22,322,2007,129.58
151,3,22,322,2008,124.27
151,3,22,322,2009,120.76
151,3,22,322,2010,117.62
151,3,22,322,2011,114.05
151,3,22,322,2012,113.16
151,3,22,322,2013,113.24
151,3,22,322,2014,114.68
151,3,22,322,2015,112.5
151,3,22,322,2016,111.88
151,3,27,322,1990,349.59
151,3,27,322,1991,344.6
151,3,27,322,1992,336.29
151,3,27,322,1993,333.06
151,3,27,322,1994,330.67
151,3,27,322,1995,328.72
151,3,27,322,1996,327.11
151,3,27,322,1997,324.92
151,3,27,322,1998,321.5
151,3,27,322,1999,318.04
151,3,27,322,2000,310.47
151,3,27,322,2001,302.49
151,3,27,322,2002,293.88
151,3,27,322,2003,283.91
151,3,27,322,2004,258.06
151,3,27,322,2005,246.47
151,3,27,322,2006,238.11
151,3,27,322,2007,232.41
151,3,27,322,2008,228.55
151,3,27,322,2009,223.7
151,3,27,322,2010,216.05
151,3,27,322,2011,209.25
151,3,27,322,2012,206.88
151,3,27,322,2013,206.43
151,3,27,322,2014,209.08
151,3,27,322,2015,206.79
151,3,27,322,2016,204.9
152,1,22,322,1990,810.04
152,1,22,322,1991,769.61
152,1,22,322,1992,717.54
152,1,22,322,1993,669.59
152,1,22,322,1994,626.2
152,1,22,322,1995,592.45
152,1,22,322,1996,561.98
152,1,22,322,1997,534.67
152,1,22,322,1998,515.89
152,1,22,322,1999,499.39
152,1,22,322,2000,478.39
152,1,22,322,2001,457.63
152,1,22,322,2002,438.24
152,1,22,322,2003,422.55
152,1,22,322,2004,409.75
152,1,22,322,2005,398.09
152,1,22,322,2006,386.97
152,1,22,322,2007,378.35
152,1,22,322,2008,372.68
152,1,22,322,2009,349.36
152,1,22,322,2010,341.41
152,1,22,322,2011,336.59
152,1,22,322,2012,331.95
152,1,22,322,2013,321.39
152,1,22,322,2014,315.05
152,1,22,322,2015,312.42
152,1,22,322,2016,312.32
152,1,27,322,1990,1127.76
152,1,27,322,1991,1107.14
152,1,27,322,1992,1077.83
152,1,27,322,1993,1050.29
152,1,27,322,1994,1025.64
152,1,27,322,1995,1006.87
152,1,27,322,1996,989.76
152,1,27,322,1997,973.53
152,1,27,322,1998,964.77
152,1,27,322,1999,957.81
152,1,27,322,2000,942.91
152,1,27,322,2001,933.36
152,1,27,322,2002,920.31
152,1,27,322,2003,904.42
152,1,27,322,2004,892.44
152,1,27,322,2005,883.15
152,1,27,322,2006,865.96
152,1,27,322,2007,852.25
152,1,27,322,2008,840.52
152,1,27,322,2009,786.35
152,1,27,322,2010,771.38
152,1,27,322,2011,759.56
152,1,27,322,2012,744.58
152,1,27,322,2013,708.84
152,1,27,322,2014,680.03
152,1,27,322,2015,658.85
152,1,27,322,2016,640.41
152,2,22,322,1990,1225.41
152,2,22,322,1991,1143.96
152,2,22,322,1992,1043.55
152,2,22,322,1993,953.29
152,2,22,322,1994,875.91
152,2,22,322,1995,815.64
152,2,22,322,1996,761.32
152,2,22,322,1997,714.03
152,2,22,322,1998,682.75
152,2,22,322,1999,655.78
152,2,22,322,2000,619.23
152,2,22,322,2001,586.49
152,2,22,322,2002,559.03
152,2,22,322,2003,532.38
152,2,22,322,2004,507.3
152,2,22,322,2005,488.33
152,2,22,322,2006,469.92
152,2,22,322,2007,451.78
152,2,22,322,2008,434.6
152,2,22,322,2009,406.42
152,2,22,322,2010,388.06
152,2,22,322,2011,374
152,2,22,322,2012,359.33
152,2,22,322,2013,340.66
152,2,22,322,2014,324.96
152,2,22,322,2015,312.48
152,2,22,322,2016,303.01
152,2,27,322,1990,1379.11
152,2,27,322,1991,1347.32
152,2,27,322,1992,1306.15
152,2,27,322,1993,1270.11
152,2,27,322,1994,1242.62
152,2,27,322,1995,1223.76
152,2,27,322,1996,1207.79
152,2,27,322,1997,1197.41
152,2,27,322,1998,1199.96
152,2,27,322,1999,1200.97
152,2,27,322,2000,1167.24
152,2,27,322,2001,1142.34
152,2,27,322,2002,1110.11
152,2,27,322,2003,1080.92
152,2,27,322,2004,1048.38
152,2,27,322,2005,1021.34
152,2,27,322,2006,994.68
152,2,27,322,2007,964.71
152,2,27,322,2008,936.24
152,2,27,322,2009,877.06
152,2,27,322,2010,841.3
152,2,27,322,2011,812.7
152,2,27,322,2012,779.58
152,2,27,322,2013,732.48
152,2,27,322,2014,690.42
152,2,27,322,2015,655.2
152,2,27,322,2016,624.92
152,3,22,322,1990,993.3
152,3,22,322,1991,934.62
152,3,22,322,1992,861.32
152,3,22,322,1993,794.91
152,3,22,322,1994,736.76
152,3,22,322,1995,691.53
152,3,22,322,1996,650.81
152,3,22,322,1997,614.91
152,3,22,322,1998,590.8
152,3,22,322,1999,569.75
152,3,22,322,2000,541.81
152,3,22,322,2001,515.57
152,3,22,322,2002,492.38
152,3,22,322,2003,471.59
152,3,22,322,2004,453.13
152,3,22,322,2005,438.07
152,3,22,322,2006,423.62
152,3,22,322,2007,410.7
152,3,22,322,2008,399.9
152,3,22,322,2009,374.37
152,3,22,322,2010,361.82
152,3,22,322,2011,352.91
152,3,22,322,2012,343.87
152,3,22,322,2013,329.76
152,3,22,322,2014,319.35
152,3,22,322,2015,312.45
152,3,22,322,2016,308.28
152,3,27,322,1990,1255.15
152,3,27,322,1991,1229.12
152,3,27,322,1992,1194.21
152,3,27,322,1993,1162.87
152,3,27,322,1994,1137.34
152,3,27,322,1995,1119.06
152,3,27,322,1996,1102.98
152,3,27,322,1997,1090.15
152,3,27,322,1998,1087.41
152,3,27,322,1999,1084.62
152,3,27,322,2000,1059.74
152,3,27,322,2001,1042.06
152,3,27,322,2002,1018.56
152,3,27,322,2003,995.78
152,3,27,322,2004,973.36
152,3,27,322,2005,955.04
152,3,27,322,2006,933.37
152,3,27,322,2007,911.76
152,3,27,322,2008,891.98
152,3,27,322,2009,835.43
152,3,27,322,2010,810.24
152,3,27,322,2011,790.22
152,3,27,322,2012,766.46
152,3,27,322,2013,725.43
152,3,27,322,2014,690.31
152,3,27,322,2015,662.35
152,3,27,322,2016,638.17
153,1,22,322,1990,1710.63
153,1,22,322,1991,1565.14
153,1,22,322,1992,1408.16
153,1,22,322,1993,1274.9
153,1,22,322,1994,1127.79
153,1,22,322,1995,990.16
153,1,22,322,1996,856.71
153,1,22,322,1997,750.37
153,1,22,322,1998,662.45
153,1,22,322,1999,608
153,1,22,322,2000,566.27
153,1,22,322,2001,533.01
153,1,22,322,2002,517.84
153,1,22,322,2003,516.41
153,1,22,322,2004,534.3
153,1,22,322,2005,555.81
153,1,22,322,2006,583.84
153,1,22,322,2007,626.52
153,1,22,322,2008,655.07
153,1,22,322,2009,666.96
153,1,22,322,2010,655.86
153,1,22,322,2011,617.66
153,1,22,322,2012,578.03
153,1,22,322,2013,538.38
153,1,22,322,2014,497.86
153,1,22,322,2015,457.09
153,1,22,322,2016,419.09
153,1,27,322,1990,1132.16
153,1,27,322,1991,1061.58
153,1,27,322,1992,981.42
153,1,27,322,1993,916.4
153,1,27,322,1994,840.71
153,1,27,322,1995,768.65
153,1,27,322,1996,698.17
153,1,27,322,1997,642.82
153,1,27,322,1998,596.59
153,1,27,322,1999,568.85
153,1,27,322,2000,547.25
153,1,27,322,2001,527.95
153,1,27,322,2002,522.39
153,1,27,322,2003,525.33
153,1,27,322,2004,539.94
153,1,27,322,2005,556.88
153,1,27,322,2006,584.13
153,1,27,322,2007,625.7
153,1,27,322,2008,660.63
153,1,27,322,2009,676.54
153,1,27,322,2010,664.19
153,1,27,322,2011,630.28
153,1,27,322,2012,601.87
153,1,27,322,2013,578.61
153,1,27,322,2014,557.62
153,1,27,322,2015,536.47
153,1,27,322,2016,515.11
153,2,22,322,1990,1690.81
153,2,22,322,1991,1531.98
153,2,22,322,1992,1358.23
153,2,22,322,1993,1212.37
153,2,22,322,1994,1057.08
153,2,22,322,1995,916.2
153,2,22,322,1996,792.11
153,2,22,322,1997,687.88
153,2,22,322,1998,599.28
153,2,22,322,1999,541.95
153,2,22,322,2000,495.92
153,2,22,322,2001,464.62
153,2,22,322,2002,446.71
153,2,22,322,2003,440.78
153,2,22,322,2004,454.22
153,2,22,322,2005,470.05
153,2,22,322,2006,493.22
153,2,22,322,2007,514.72
153,2,22,322,2008,527.11
153,2,22,322,2009,528.03
153,2,22,322,2010,508.66
153,2,22,322,2011,470.6
153,2,22,322,2012,433.09
153,2,22,322,2013,397.81
153,2,22,322,2014,362.08
153,2,22,322,2015,326.02
153,2,22,322,2016,292.52
153,2,27,322,1990,1058.1
153,2,27,322,1991,982.37
153,2,27,322,1992,895.54
153,2,27,322,1993,824.11
153,2,27,322,1994,744
153,2,27,322,1995,669.36
153,2,27,322,1996,601.93
153,2,27,322,1997,543.63
153,2,27,322,1998,492.73
153,2,27,322,1999,460.1
153,2,27,322,2000,432.58
153,2,27,322,2001,413.43
153,2,27,322,2002,404.76
153,2,27,322,2003,405.12
153,2,27,322,2004,419.33
153,2,27,322,2005,434.12
153,2,27,322,2006,457.18
153,2,27,322,2007,481.38
153,2,27,322,2008,498.23
153,2,27,322,2009,504.7
153,2,27,322,2010,488.72
153,2,27,322,2011,454.52
153,2,27,322,2012,424.17
153,2,27,322,2013,398.26
153,2,27,322,2014,374.01
153,2,27,322,2015,350.54
153,2,27,322,2016,329.5
153,3,22,322,1990,1700.88
153,3,22,322,1991,1548.83
153,3,22,322,1992,1383.6
153,3,22,322,1993,1244.14
153,3,22,322,1994,1093.01
153,3,22,322,1995,953.78
153,3,22,322,1996,824.91
153,3,22,322,1997,719.6
153,3,22,322,1998,631.33
153,3,22,322,1999,575.46
153,3,22,322,2000,531.64
153,3,22,322,2001,499.4
153,3,22,322,2002,482.95
153,3,22,322,2003,479.39
153,3,22,322,2004,495.16
153,3,22,322,2005,513.9
153,3,22,322,2006,539.48
153,3,22,322,2007,571.66
153,3,22,322,2008,592.09
153,3,22,322,2009,598.41
153,3,22,322,2010,583.11
153,3,22,322,2011,544.94
153,3,22,322,2012,506.38
153,3,22,322,2013,468.95
153,3,22,322,2014,430.82
153,3,22,322,2015,392.37
153,3,22,322,2016,356.51
153,3,27,322,1990,1094.36
153,3,27,322,1991,1021.33
153,3,27,322,1992,937.99
153,3,27,322,1993,869.91
153,3,27,322,1994,792.08
153,3,27,322,1995,718.75
153,3,27,322,1996,649.65
153,3,27,322,1997,592.65
153,3,27,322,1998,544.01
153,3,27,322,1999,513.78
153,3,27,322,2000,489.19
153,3,27,322,2001,470.3
153,3,27,322,2002,463.58
153,3,27,322,2003,465.78
153,3,27,322,2004,480.63
153,3,27,322,2005,496.81
153,3,27,322,2006,521.84
153,3,27,322,2007,554.69
153,3,27,322,2008,580.15
153,3,27,322,2009,591.01
153,3,27,322,2010,576.6
153,3,27,322,2011,542.12
153,3,27,322,2012,512.31
153,3,27,322,2013,487
153,3,27,322,2014,463.55
153,3,27,322,2015,440.38
153,3,27,322,2016,418.86
154,1,22,322,1990,1336.78
154,1,22,322,1991,1212.68
154,1,22,322,1992,1106.7
154,1,22,322,1993,1016.59
154,1,22,322,1994,927.61
154,1,22,322,1995,850.23
154,1,22,322,1996,772.97
154,1,22,322,1997,708.77
154,1,22,322,1998,655.56
154,1,22,322,1999,621.3
154,1,22,322,2000,594.52
154,1,22,322,2001,571.58
154,1,22,322,2002,553.43
154,1,22,322,2003,539.52
154,1,22,322,2004,527.64
154,1,22,322,2005,518.81
154,1,22,322,2006,510.69
154,1,22,322,2007,503.01
154,1,22,322,2008,496.38
154,1,22,322,2009,490.52
154,1,22,322,2010,486.01
154,1,22,322,2011,476.62
154,1,22,322,2012,468.86
154,1,22,322,2013,461.91
154,1,22,322,2014,455.22
154,1,22,322,2015,450.68
154,1,22,322,2016,448.14
154,1,27,322,1990,1257.2
154,1,27,322,1991,1190.23
154,1,27,322,1992,1143.55
154,1,27,322,1993,1109.57
154,1,27,322,1994,1052.36
154,1,27,322,1995,996.79
154,1,27,322,1996,924.52
154,1,27,322,1997,860.6
154,1,27,322,1998,807.78
154,1,27,322,1999,773.77
154,1,27,322,2000,745.51
154,1,27,322,2001,721.44
154,1,27,322,2002,700.84
154,1,27,322,2003,681.85
154,1,27,322,2004,663.48
154,1,27,322,2005,647.23
154,1,27,322,2006,632.51
154,1,27,322,2007,617.99
154,1,27,322,2008,604.97
154,1,27,322,2009,593.25
154,1,27,322,2010,583.52
154,1,27,322,2011,570.67
154,1,27,322,2012,560.73
154,1,27,322,2013,552.81
154,1,27,322,2014,545.39
154,1,27,322,2015,539.36
154,1,27,322,2016,533.82
154,2,22,322,1990,1667.48
154,2,22,322,1991,1471.6
154,2,22,322,1992,1299.83
154,2,22,322,1993,1151.17
154,2,22,322,1994,1014.94
154,2,22,322,1995,900
154,2,22,322,1996,793.04
154,2,22,322,1997,706.6
154,2,22,322,1998,634.55
154,2,22,322,1999,584.39
154,2,22,322,2000,545.05
154,2,22,322,2001,512.08
154,2,22,322,2002,485.93
154,2,22,322,2003,464.9
154,2,22,322,2004,446.76
154,2,22,322,2005,433.88
154,2,22,322,2006,423.04
154,2,22,322,2007,413.9
154,2,22,322,2008,406.78
154,2,22,322,2009,400.38
154,2,22,322,2010,394.81
154,2,22,322,2011,385.67
154,2,22,322,2012,375.09
154,2,22,322,2013,366.27
154,2,22,322,2014,356.15
154,2,22,322,2015,347.28
154,2,22,322,2016,339.85
154,2,27,322,1990,1440.67
154,2,27,322,1991,1324.47
154,2,27,322,1992,1223.52
154,2,27,322,1993,1135.45
154,2,27,322,1994,1043.61
154,2,27,322,1995,961.25
154,2,27,322,1996,876.18
154,2,27,322,1997,804.38
154,2,27,322,1998,741.53
154,2,27,322,1999,696.36
154,2,27,322,2000,658.66
154,2,27,322,2001,624.44
154,2,27,322,2002,595.27
154,2,27,322,2003,569.07
154,2,27,322,2004,544.14
154,2,27,322,2005,523.9
154,2,27,322,2006,506.45
154,2,27,322,2007,490.34
154,2,27,322,2008,476.1
154,2,27,322,2009,463.21
154,2,27,322,2010,451.94
154,2,27,322,2011,438.52
154,2,27,322,2012,424.12
154,2,27,322,2013,411.77
154,2,27,322,2014,397.68
154,2,27,322,2015,384.65
154,2,27,322,2016,372.45
154,3,22,322,1990,1501.14
154,3,22,322,1991,1341.31
154,3,22,322,1992,1202.61
154,3,22,322,1993,1083.4
154,3,22,322,1994,970.96
154,3,22,322,1995,874.93
154,3,22,322,1996,782.93
154,3,22,322,1997,707.69
154,3,22,322,1998,645.11
154,3,22,322,1999,602.93
154,3,22,322,2000,569.87
154,3,22,322,2001,541.89
154,3,22,322,2002,519.7
154,3,22,322,2003,502.17
154,3,22,322,2004,487.1
154,3,22,322,2005,476.18
154,3,22,322,2006,466.65
154,3,22,322,2007,458.19
154,3,22,322,2008,451.27
154,3,22,322,2009,445.11
154,3,22,322,2010,440.04
154,3,22,322,2011,430.73
154,3,22,322,2012,421.51
154,3,22,322,2013,413.57
154,3,22,322,2014,405.11
154,3,22,322,2015,398.36
154,3,22,322,2016,393.32
154,3,27,322,1990,1343.29
154,3,27,322,1991,1251.86
154,3,27,322,1992,1177.86
154,3,27,322,1993,1116.03
154,3,27,322,1994,1041.38
154,3,27,322,1995,972.55
154,3,27,322,1996,894.93
154,3,27,322,1997,828.09
154,3,27,322,1998,770.95
154,3,27,322,1999,731.74
154,3,27,322,2000,698.96
154,3,27,322,2001,669.75
154,3,27,322,2002,644.76
154,3,27,322,2003,622.18
154,3,27,322,2004,600.51
154,3,27,322,2005,582.21
154,3,27,322,2006,566.09
154,3,27,322,2007,550.7
154,3,27,322,2008,536.93
154,3,27,322,2009,524.52
154,3,27,322,2010,513.94
154,3,27,322,2011,500.66
154,3,27,322,2012,488.26
154,3,27,322,2013,477.74
154,3,27,322,2014,466.47
154,3,27,322,2015,456.41
154,3,27,322,2016,447.09
155,1,22,322,1990,3528.62
155,1,22,322,1991,3168.2
155,1,22,322,1992,2858.25
155,1,22,322,1993,2638.97
155,1,22,322,1994,2518.05
155,1,22,322,1995,2423.2
155,1,22,322,1996,2281.37
155,1,22,322,1997,2113.13
155,1,22,322,1998,1884.05
155,1,22,322,1999,1643.32
155,1,22,322,2000,1422.72
155,1,22,322,2001,1265.22
155,1,22,322,2002,1117.86
155,1,22,322,2003,977.98
155,1,22,322,2004,818.79
155,1,22,322,2005,680.02
155,1,22,322,2006,564.35
155,1,22,322,2007,480.03
155,1,22,322,2008,411.29
155,1,22,322,2009,391.82
155,1,22,322,2010,364.27
155,1,22,322,2011,346.03
155,1,22,322,2012,327.2
155,1,22,322,2013,319.69
155,1,22,322,2014,305.56
155,1,22,322,2015,293.34
155,1,22,322,2016,282.03
155,1,27,322,1990,2757.96
155,1,27,322,1991,2550.44
155,1,27,322,1992,2353.46
155,1,27,322,1993,2211.77
155,1,27,322,1994,2136.04
155,1,27,322,1995,2076.75
155,1,27,322,1996,1977.19
155,1,27,322,1997,1857.75
155,1,27,322,1998,1684.55
155,1,27,322,1999,1504.89
155,1,27,322,2000,1331.46
155,1,27,322,2001,1211.29
155,1,27,322,2002,1094.68
155,1,27,322,2003,982.5
155,1,27,322,2004,841.32
155,1,27,322,2005,714.94
155,1,27,322,2006,606.63
155,1,27,322,2007,524
155,1,27,322,2008,454.12
155,1,27,322,2009,441.11
155,1,27,322,2010,416.49
155,1,27,322,2011,399.83
155,1,27,322,2012,380.53
155,1,27,322,2013,374.47
155,1,27,322,2014,358.98
155,1,27,322,2015,346.21
155,1,27,322,2016,334.39
155,2,22,322,1990,3378.3
155,2,22,322,1991,2980.53
155,2,22,322,1992,2639.15
155,2,22,322,1993,2392.96
155,2,22,322,1994,2247.59
155,2,22,322,1995,2129.54
155,2,22,322,1996,1970.03
155,2,22,322,1997,1793.63
155,2,22,322,1998,1563.53
155,2,22,322,1999,1340.89
155,2,22,322,2000,1139.31
155,2,22,322,2001,994.73
155,2,22,322,2002,867.38
155,2,22,322,2003,748.67
155,2,22,322,2004,612.78
155,2,22,322,2005,500.5
155,2,22,322,2006,410.76
155,2,22,322,2007,344.53
155,2,22,322,2008,296.12
155,2,22,322,2009,279.15
155,2,22,322,2010,259.59
155,2,22,322,2011,244.22
155,2,22,322,2012,228.77
155,2,22,322,2013,219.51
155,2,22,322,2014,204.47
155,2,22,322,2015,191.32
155,2,22,322,2016,180.01
155,2,27,322,1990,2742.55
155,2,27,322,1991,2489.69
155,2,27,322,1992,2253.17
155,2,27,322,1993,2078.84
155,2,27,322,1994,1976.84
155,2,27,322,1995,1894.76
155,2,27,322,1996,1772.95
155,2,27,322,1997,1635.93
155,2,27,322,1998,1449.17
155,2,27,322,1999,1268.26
155,2,27,322,2000,1097.59
155,2,27,322,2001,977.84
155,2,27,322,2002,871.07
155,2,27,322,2003,767.82
155,2,27,322,2004,638.08
155,2,27,322,2005,528.29
155,2,27,322,2006,437.89
155,2,27,322,2007,369.76
155,2,27,322,2008,320.42
155,2,27,322,2009,304.45
155,2,27,322,2010,284.97
155,2,27,322,2011,269.17
155,2,27,322,2012,252.86
155,2,27,322,2013,243.19
155,2,27,322,2014,226.88
155,2,27,322,2015,212.91
155,2,27,322,2016,200.65
155,3,22,322,1990,3452.53
155,3,22,322,1991,3073.15
155,3,22,322,1992,2747.21
155,3,22,322,1993,2514.22
155,3,22,322,1994,2380.84
155,3,22,322,1995,2274.18
155,3,22,322,1996,2123.32
155,3,22,322,1997,1950.89
155,3,22,322,1998,1721.26
155,3,22,322,1999,1489.69
155,3,22,322,2000,1278.73
155,3,22,322,2001,1127.78
155,3,22,322,2002,990.58
155,3,22,322,2003,861.46
155,3,22,322,2004,714.1
155,3,22,322,2005,588.78
155,3,22,322,2006,486.26
155,3,22,322,2007,411.12
155,3,22,322,2008,352.74
155,3,22,322,2009,334.54
155,3,22,322,2010,311.04
155,3,22,322,2011,294.24
155,3,22,322,2012,277.12
155,3,22,322,2013,268.72
155,3,22,322,2014,254.13
155,3,22,322,2015,241.44
155,3,22,322,2016,230.13
155,3,27,322,1990,2744.6
155,3,27,322,1991,2514.29
155,3,27,322,1992,2297.48
155,3,27,322,1993,2139.58
155,3,27,322,1994,2050.75
155,3,27,322,1995,1980.45
155,3,27,322,1996,1869.79
155,3,27,322,1997,1741.54
155,3,27,322,1998,1561.81
155,3,27,322,1999,1381.49
155,3,27,322,2000,1209.06
155,3,27,322,2001,1089.01
155,3,27,322,2002,977.59
155,3,27,322,2003,869.94
155,3,27,322,2004,734.18
155,3,27,322,2005,615.91
155,3,27,322,2006,516.13
155,3,27,322,2007,440.71
155,3,27,322,2008,381.91
155,3,27,322,2009,366.95
155,3,27,322,2010,344.7
155,3,27,322,2011,328.23
155,3,27,322,2012,310.43
155,3,27,322,2013,302.35
155,3,27,322,2014,286.44
155,3,27,322,2015,273.03
155,3,27,322,2016,260.88
156,1,22,322,1990,319.54
156,1,22,322,1991,297.18
156,1,22,322,1992,280.85
156,1,22,322,1993,269.53
156,1,22,322,1994,258.99
156,1,22,322,1995,249.43
156,1,22,322,1996,237.84
156,1,22,322,1997,225.49
156,1,22,322,1998,215.8
156,1,22,322,1999,206.82
156,1,22,322,2000,196.9
156,1,22,322,2001,187.96
156,1,22,322,2002,181.04
156,1,22,322,2003,171.28
156,1,22,322,2004,162.86
156,1,22,322,2005,154.83
156,1,22,322,2006,145.63
156,1,22,322,2007,137.35
156,1,22,322,2008,136.18
156,1,22,322,2009,139.17
156,1,22,322,2010,142.96
156,1,22,322,2011,147.24
156,1,22,322,2012,151.86
156,1,22,322,2013,156.36
156,1,22,322,2014,161.35
156,1,22,322,2015,165.91
156,1,22,322,2016,170.66
156,1,27,322,1990,667.7
156,1,27,322,1991,656.24
156,1,27,322,1992,646.54
156,1,27,322,1993,640.55
156,1,27,322,1994,635.84
156,1,27,322,1995,629.66
156,1,27,322,1996,617.75
156,1,27,322,1997,605.22
156,1,27,322,1998,589.71
156,1,27,322,1999,575.97
156,1,27,322,2000,561.7
156,1,27,322,2001,553.31
156,1,27,322,2002,540.66
156,1,27,322,2003,517.95
156,1,27,322,2004,489.18
156,1,27,322,2005,476.49
156,1,27,322,2006,467.75
156,1,27,322,2007,434.26
156,1,27,322,2008,431.78
156,1,27,322,2009,437.17
156,1,27,322,2010,441.15
156,1,27,322,2011,443.68
156,1,27,322,2012,444.45
156,1,27,322,2013,445.68
156,1,27,322,2014,445.36
156,1,27,322,2015,442.77
156,1,27,322,2016,438.94
156,2,22,322,1990,624.68
156,2,22,322,1991,549.38
156,2,22,322,1992,494.29
156,2,22,322,1993,454.61
156,2,22,322,1994,418.13
156,2,22,322,1995,387.06
156,2,22,322,1996,354.47
156,2,22,322,1997,319.3
156,2,22,322,1998,293.79
156,2,22,322,1999,276.03
156,2,22,322,2000,254.86
156,2,22,322,2001,235.81
156,2,22,322,2002,220.71
156,2,22,322,2003,202.58
156,2,22,322,2004,186
156,2,22,322,2005,169.29
156,2,22,322,2006,153.32
156,2,22,322,2007,149.8
156,2,22,322,2008,154.65
156,2,22,322,2009,157.8
156,2,22,322,2010,160.28
156,2,22,322,2011,159.63
156,2,22,322,2012,158.14
156,2,22,322,2013,155.37
156,2,22,322,2014,152.32
156,2,22,322,2015,148.05
156,2,22,322,2016,143.21
156,2,27,322,1990,717.49
156,2,27,322,1991,671.68
156,2,27,322,1992,634.34
156,2,27,322,1993,603.53
156,2,27,322,1994,574.1
156,2,27,322,1995,548.08
156,2,27,322,1996,522.73
156,2,27,322,1997,493.74
156,2,27,322,1998,470.16
156,2,27,322,1999,452.93
156,2,27,322,2000,432.76
156,2,27,322,2001,415.13
156,2,27,322,2002,399.13
156,2,27,322,2003,378.97
156,2,27,322,2004,359.46
156,2,27,322,2005,342.98
156,2,27,322,2006,330.64
156,2,27,322,2007,313.73
156,2,27,322,2008,316.54
156,2,27,322,2009,317.93
156,2,27,322,2010,318.45
156,2,27,322,2011,317.22
156,2,27,322,2012,315.49
156,2,27,322,2013,312.72
156,2,27,322,2014,309.37
156,2,27,322,2015,304.78
156,2,27,322,2016,299.24
156,3,22,322,1990,425.26
156,3,22,322,1991,384.03
156,3,22,322,1992,353.98
156,3,22,322,1993,332.7
156,3,22,322,1994,313.15
156,3,22,322,1995,296.15
156,3,22,322,1996,277.26
156,3,22,322,1997,257.05
156,3,22,322,1998,241.88
156,3,22,322,1999,229.76
156,3,22,322,2000,215.91
156,3,22,322,2001,203.48
156,3,22,322,2002,193.75
156,3,22,322,2003,181.13
156,3,22,322,2004,169.95
156,3,22,322,2005,159.1
156,3,22,322,2006,147.82
156,3,22,322,2007,140.75
156,3,22,322,2008,141.08
156,3,22,322,2009,144.02
156,3,22,322,2010,147.44
156,3,22,322,2011,150.47
156,3,22,322,2012,153.51
156,3,22,322,2013,156.1
156,3,22,322,2014,158.9
156,3,22,322,2015,160.99
156,3,22,322,2016,163.02
156,3,27,322,1990,688.99
156,3,27,322,1991,662.7
156,3,27,322,1992,641.28
156,3,27,322,1993,624.47
156,3,27,322,1994,608.8
156,3,27,322,1995,594.34
156,3,27,322,1996,577.36
156,3,27,322,1997,558.76
156,3,27,322,1998,540.79
156,3,27,322,1999,526.43
156,3,27,322,2000,510.05
156,3,27,322,2001,497.46
156,3,27,322,2002,483.48
156,3,27,322,2003,462.85
156,3,27,322,2004,439.75
156,3,27,322,2005,427.42
156,3,27,322,2006,418.5
156,3,27,322,2007,392.69
156,3,27,322,2008,393.66
156,3,27,322,2009,399.01
156,3,27,322,2010,402.9
156,3,27,322,2011,405.45
156,3,27,322,2012,406.55
156,3,27,322,2013,407.09
156,3,27,322,2014,406.84
156,3,27,322,2015,404.6
156,3,27,322,2016,401.42
157,1,22,322,1990,6350.92
157,1,22,322,1991,5955.15
157,1,22,322,1992,5558.38
157,1,22,322,1993,5152.95
157,1,22,322,1994,4742.43
157,1,22,322,1995,4356.41
157,1,22,322,1996,4003.42
157,1,22,322,1997,3688.35
157,1,22,322,1998,3405.25
157,1,22,322,1999,3182.01
157,1,22,322,2000,2975.97
157,1,22,322,2001,2776.17
157,1,22,322,2002,2667.99
157,1,22,322,2003,2491.26
157,1,22,322,2004,2312.05
157,1,22,322,2005,2097.83
157,1,22,322,2006,1933.22
157,1,22,322,2007,1888.35
157,1,22,322,2008,1799.48
157,1,22,322,2009,1707.13
157,1,22,322,2010,1616.6
157,1,22,322,2011,1517.74
157,1,22,322,2012,1430.65
157,1,22,322,2013,1351.67
157,1,22,322,2014,1246.01
157,1,22,322,2015,1175.96
157,1,22,322,2016,1112.27
157,1,27,322,1990,3509.1
157,1,27,322,1991,3338.89
157,1,27,322,1992,3173.87
157,1,27,322,1993,3015.82
157,1,27,322,1994,2854.66
157,1,27,322,1995,2698.71
157,1,27,322,1996,2551.13
157,1,27,322,1997,2418.52
157,1,27,322,1998,2297.04
157,1,27,322,1999,2207.11
157,1,27,322,2000,2120.95
157,1,27,322,2001,2034.73
157,1,27,322,2002,1991.26
157,1,27,322,2003,1909.93
157,1,27,322,2004,1825.53
157,1,27,322,2005,1717.37
157,1,27,322,2006,1625.19
157,1,27,322,2007,1587.13
157,1,27,322,2008,1519.71
157,1,27,322,2009,1449.85
157,1,27,322,2010,1382.77
157,1,27,322,2011,1299.06
157,1,27,322,2012,1248.37
157,1,27,322,2013,1212.9
157,1,27,322,2014,1169.51
157,1,27,322,2015,1149.27
157,1,27,322,2016,1127.42
157,2,22,322,1990,8542.62
157,2,22,322,1991,8220.86
157,2,22,322,1992,7867.11
157,2,22,322,1993,7448.97
157,2,22,322,1994,6965.71
157,2,22,322,1995,6463.81
157,2,22,322,1996,5975.74
157,2,22,322,1997,5503.81
157,2,22,322,1998,5059.75
157,2,22,322,1999,4645.48
157,2,22,322,2000,4272.7
157,2,22,322,2001,3930.23
157,2,22,322,2002,3709.06
157,2,22,322,2003,3432.88
157,2,22,322,2004,3159.13
157,2,22,322,2005,2865.63
157,2,22,322,2006,2629.05
157,2,22,322,2007,2537.15
157,2,22,322,2008,2412.15
157,2,22,322,2009,2288.11
157,2,22,322,2010,2164.66
157,2,22,322,2011,2033.26
157,2,22,322,2012,1899.66
157,2,22,322,2013,1774.55
157,2,22,322,2014,1616.12
157,2,22,322,2015,1504.63
157,2,22,322,2016,1406.95
157,2,27,322,1990,4761.54
157,2,27,322,1991,4589.35
157,2,27,322,1992,4408.5
157,2,27,322,1993,4217.59
157,2,27,322,1994,4005.73
157,2,27,322,1995,3789.29
157,2,27,322,1996,3575.45
157,2,27,322,1997,3370.46
157,2,27,322,1998,3175.05
157,2,27,322,1999,2993.52
157,2,27,322,2000,2825.62
157,2,27,322,2001,2667.21
157,2,27,322,2002,2566.66
157,2,27,322,2003,2432.17
157,2,27,322,2004,2297.51
157,2,27,322,2005,2147.55
157,2,27,322,2006,2015.6
157,2,27,322,2007,1950.21
157,2,27,322,2008,1858.57
157,2,27,322,2009,1766.33
157,2,27,322,2010,1676
157,2,27,322,2011,1576.16
157,2,27,322,2012,1497.69
157,2,27,322,2013,1437.4
157,2,27,322,2014,1367.02
157,2,27,322,2015,1324.42
157,2,27,322,2016,1281.78
157,3,22,322,1990,7457.28
157,3,22,322,1991,7093.06
157,3,22,322,1992,6711.22
157,3,22,322,1993,6292.94
157,3,22,322,1994,5841.24
157,3,22,322,1995,5394.81
157,3,22,322,1996,4974.46
157,3,22,322,1997,4582.41
157,3,22,322,1998,4220.88
157,3,22,322,1999,3904.3
157,3,22,322,2000,3616.53
157,3,22,322,2001,3346.59
157,3,22,322,2002,3182.79
157,3,22,322,2003,2957.01
157,3,22,322,2004,2731.12
157,3,22,322,2005,2477.73
157,3,22,322,2006,2277.54
157,3,22,322,2007,2209.38
157,3,22,322,2008,2102.61
157,3,22,322,2009,1994.54
157,3,22,322,2010,1887.69
157,3,22,322,2011,1772.71
157,3,22,322,2012,1662.61
157,3,22,322,2013,1560.81
157,3,22,322,2014,1429.06
157,3,22,322,2015,1338.53
157,3,22,322,2016,1258.06
157,3,27,322,1990,4127.78
157,3,27,322,1991,3955.44
157,3,27,322,1992,3781.33
157,3,27,322,1993,3605.65
157,3,27,322,1994,3418.33
157,3,27,322,1995,3231.68
157,3,27,322,1996,3051.55
157,3,27,322,1997,2883.48
157,3,27,322,1998,2725.95
157,3,27,322,1999,2591.32
157,3,27,322,2000,2465.29
157,3,27,322,2001,2343.84
157,3,27,322,2002,2272.54
157,3,27,322,2003,2165.26
157,3,27,322,2004,2056.29
157,3,27,322,2005,1927.72
157,3,27,322,2006,1816.14
157,3,27,322,2007,1764.77
157,3,27,322,2008,1685.58
157,3,27,322,2009,1604.86
157,3,27,322,2010,1526.5
157,3,27,322,2011,1435.11
157,3,27,322,2012,1370.82
157,3,27,322,2013,1323.15
157,3,27,322,2014,1266.46
157,3,27,322,2015,1235.11
157,3,27,322,2016,1202.86
160,1,22,322,1990,10581.77
160,1,22,322,1991,10154.9
160,1,22,322,1992,9791.1
160,1,22,322,1993,9593.58
160,1,22,322,1994,9533.61
160,1,22,322,1995,9501.5
160,1,22,322,1996,9278.69
160,1,22,322,1997,9156.14
160,1,22,322,1998,8904.75
160,1,22,322,1999,8607.59
160,1,22,322,2000,8381.36
160,1,22,322,2001,8193.09
160,1,22,322,2002,7933.27
160,1,22,322,2003,9097.06
160,1,22,322,2004,9192.35
160,1,22,322,2005,8668.31
160,1,22,322,2006,8037.83
160,1,22,322,2007,7423.93
160,1,22,322,2008,6684.68
160,1,22,322,2009,5951.38
160,1,22,322,2010,4461.11
160,1,22,322,2011,3749.35
160,1,22,322,2012,3518.43
160,1,22,322,2013,4431.41
160,1,22,322,2014,4447.56
160,1,22,322,2015,4307.16
160,1,22,322,2016,4186.35
160,1,27,322,1990,5768.9
160,1,27,322,1991,5671.12
160,1,27,322,1992,5611
160,1,27,322,1993,5623.27
160,1,27,322,1994,5674.96
160,1,27,322,1995,5704.54
160,1,27,322,1996,5599.42
160,1,27,322,1997,5540.84
160,1,27,322,1998,5415.59
160,1,27,322,1999,5278.92
160,1,27,322,2000,5193.22
160,1,27,322,2001,5130.4
160,1,27,322,2002,5013.73
160,1,27,322,2003,5679.61
160,1,27,322,2004,5775.39
160,1,27,322,2005,5520.64
160,1,27,322,2006,5200.69
160,1,27,322,2007,4896.29
160,1,27,322,2008,4523.83
160,1,27,322,2009,4147.48
160,1,27,322,2010,3331.9
160,1,27,322,2011,2936.65
160,1,27,322,2012,2802.66
160,1,27,322,2013,3338.52
160,1,27,322,2014,3326.36
160,1,27,322,2015,3228.57
160,1,27,322,2016,3138.79
160,2,22,322,1990,13315.31
160,2,22,322,1991,12625.79
160,2,22,322,1992,12053.91
160,2,22,322,1993,11708.74
160,2,22,322,1994,11533.53
160,2,22,322,1995,11394.56
160,2,22,322,1996,11015.47
160,2,22,322,1997,10769.14
160,2,22,322,1998,10367.61
160,2,22,322,1999,9941.66
160,2,22,322,2000,9608.43
160,2,22,322,2001,9356.52
160,2,22,322,2002,8950.35
160,2,22,322,2003,10448.12
160,2,22,322,2004,10614.37
160,2,22,322,2005,10022.26
160,2,22,322,2006,9285.63
160,2,22,322,2007,8548.21
160,2,22,322,2008,7631.09
160,2,22,322,2009,6752.04
160,2,22,322,2010,4911.93
160,2,22,322,2011,4041.37
160,2,22,322,2012,3775.67
160,2,22,322,2013,4915.68
160,2,22,322,2014,4957.63
160,2,22,322,2015,4774.76
160,2,22,322,2016,4628.62
160,2,27,322,1990,7050.24
160,2,27,322,1991,6837.07
160,2,27,322,1992,6680.94
160,2,27,322,1993,6620.77
160,2,27,322,1994,6610.85
160,2,27,322,1995,6580.23
160,2,27,322,1996,6384.4
160,2,27,322,1997,6258.07
160,2,27,322,1998,6058.06
160,2,27,322,1999,5859.07
160,2,27,322,2000,5722.92
160,2,27,322,2001,5628.47
160,2,27,322,2002,5432.72
160,2,27,322,2003,6269.37
160,2,27,322,2004,6398.27
160,2,27,322,2005,6103.81
160,2,27,322,2006,5729.93
160,2,27,322,2007,5366.51
160,2,27,322,2008,4908.29
160,2,27,322,2009,4462.63
160,2,27,322,2010,3458.91
160,2,27,322,2011,2975.09
160,2,27,322,2012,2820.36
160,2,27,322,2013,3484.71
160,2,27,322,2014,3490.82
160,2,27,322,2015,3366.86
160,2,27,322,2016,3262.53
160,3,22,322,1990,11914.51
160,3,22,322,1991,11356.99
160,3,22,322,1992,10888.92
160,3,22,322,1993,10617.06
160,3,22,322,1994,10499.46
160,3,22,322,1995,10414.8
160,3,22,322,1996,10116.73
160,3,22,322,1997,9935.26
160,3,22,322,1998,9612.31
160,3,22,322,1999,9253.55
160,3,22,322,2000,8975.81
160,3,22,322,2001,8756.47
160,3,22,322,2002,8425.34
160,3,22,322,2003,9750.08
160,3,22,322,2004,9879.29
160,3,22,322,2005,9322.38
160,3,22,322,2006,8641.24
160,3,22,322,2007,7968.4
160,3,22,322,2008,7143.71
160,3,22,322,2009,6340.19
160,3,22,322,2010,4680.17
160,3,22,322,2011,3891.18
160,3,22,322,2012,3643.27
160,3,22,322,2013,4666.21
160,3,22,322,2014,4694.67
160,3,22,322,2015,4533.6
160,3,22,322,2016,4400.56
160,3,27,322,1990,6391.41
160,3,27,322,1991,6237.72
160,3,27,322,1992,6130.99
160,3,27,322,1993,6107.97
160,3,27,322,1994,6129.52
160,3,27,322,1995,6129.61
160,3,27,322,1996,5980.07
160,3,27,322,1997,5888.3
160,3,27,322,1998,5726.44
160,3,27,322,1999,5559.21
160,3,27,322,2000,5448.74
160,3,27,322,2001,5370.35
160,3,27,322,2002,5215.09
160,3,27,322,2003,5964.05
160,3,27,322,2004,6075.94
160,3,27,322,2005,5801.93
160,3,27,322,2006,5455.69
160,3,27,322,2007,5122.56
160,3,27,322,2008,4708.32
160,3,27,322,2009,4298.22
160,3,27,322,2010,3391
160,3,27,322,2011,2952.6
160,3,27,322,2012,2808.49
160,3,27,322,2013,3406.78
160,3,27,322,2014,3403.56
160,3,27,322,2015,3292.93
160,3,27,322,2016,3196.01
161,1,22,322,1990,9051
161,1,22,322,1991,8645
161,1,22,322,1992,8075.94
161,1,22,322,1993,7500.66
161,1,22,322,1994,7054.33
161,1,22,322,1995,6659.38
161,1,22,322,1996,6291.64
161,1,22,322,1997,5948.94
161,1,22,322,1998,5619.05
161,1,22,322,1999,5306.51
161,1,22,322,2000,5013.85
161,1,22,322,2001,4712.27
161,1,22,322,2002,4408.41
161,1,22,322,2003,4100.16
161,1,22,322,2004,3794.37
161,1,22,322,2005,3466.84
161,1,22,322,2006,3153.58
161,1,22,322,2007,2889.87
161,1,22,322,2008,2628.24
161,1,22,322,2009,2372.99
161,1,22,322,2010,2164.66
161,1,22,322,2011,1980.67
161,1,22,322,2012,1820.8
161,1,22,322,2013,1666.65
161,1,22,322,2014,1519.91
161,1,22,322,2015,1366.34
161,1,22,322,2016,1252.51
161,1,27,322,1990,6111.9
161,1,27,322,1991,5923.5
161,1,27,322,1992,5669.76
161,1,27,322,1993,5413.55
161,1,27,322,1994,5230.86
161,1,27,322,1995,5077.02
161,1,27,322,1996,4914.51
161,1,27,322,1997,4749.27
161,1,27,322,1998,4583.46
161,1,27,322,1999,4403.87
161,1,27,322,2000,4234.09
161,1,27,322,2001,4036
161,1,27,322,2002,3816.67
161,1,27,322,2003,3586.92
161,1,27,322,2004,3358.55
161,1,27,322,2005,3117.19
161,1,27,322,2006,2879.52
161,1,27,322,2007,2676.66
161,1,27,322,2008,2471.87
161,1,27,322,2009,2271.45
161,1,27,322,2010,2109.59
161,1,27,322,2011,1964.85
161,1,27,322,2012,1845.42
161,1,27,322,2013,1727.2
161,1,27,322,2014,1617.41
161,1,27,322,2015,1499.51
161,1,27,322,2016,1409.3
161,2,22,322,1990,8515.03
161,2,22,322,1991,8140.62
161,2,22,322,1992,7644.69
161,2,22,322,1993,7116.77
161,2,22,322,1994,6653.09
161,2,22,322,1995,6198.46
161,2,22,322,1996,5754.74
161,2,22,322,1997,5371.43
161,2,22,322,1998,5017.97
161,2,22,322,1999,4669.34
161,2,22,322,2000,4343.62
161,2,22,322,2001,4030.99
161,2,22,322,2002,3748.83
161,2,22,322,2003,3483.81
161,2,22,322,2004,3249.53
161,2,22,322,2005,3017.99
161,2,22,322,2006,2766.1
161,2,22,322,2007,2542.47
161,2,22,322,2008,2306.97
161,2,22,322,2009,2085.5
161,2,22,322,2010,1895.25
161,2,22,322,2011,1729.39
161,2,22,322,2012,1566.73
161,2,22,322,2013,1411.59
161,2,22,322,2014,1265.68
161,2,22,322,2015,1120.96
161,2,22,322,2016,1010.62
161,2,27,322,1990,5653.28
161,2,27,322,1991,5481.06
161,2,27,322,1992,5270.37
161,2,27,322,1993,5033.64
161,2,27,322,1994,4831.78
161,2,27,322,1995,4629.18
161,2,27,322,1996,4401.34
161,2,27,322,1997,4205.54
161,2,27,322,1998,4014.44
161,2,27,322,1999,3807.66
161,2,27,322,2000,3608.09
161,2,27,322,2001,3401.95
161,2,27,322,2002,3206.61
161,2,27,322,2003,3014.17
161,2,27,322,2004,2846.61
161,2,27,322,2005,2685.5
161,2,27,322,2006,2500.28
161,2,27,322,2007,2336.72
161,2,27,322,2008,2163.53
161,2,27,322,2009,1997.61
161,2,27,322,2010,1855.95
161,2,27,322,2011,1727.73
161,2,27,322,2012,1601.3
161,2,27,322,2013,1478.96
161,2,27,322,2014,1364.29
161,2,27,322,2015,1248.56
161,2,27,322,2016,1156.68
161,3,22,322,1990,8789.14
161,3,22,322,1991,8398.53
161,3,22,322,1992,7865.15
161,3,22,322,1993,7312.95
161,3,22,322,1994,6858.08
161,3,22,322,1995,6433.89
161,3,22,322,1996,6028.93
161,3,22,322,1997,5666.31
161,3,22,322,1998,5324.84
161,3,22,322,1999,4994.6
161,3,22,322,2000,4685.71
161,3,22,322,2001,4378.65
161,3,22,322,2002,4085.34
161,3,22,322,2003,3798.16
161,3,22,322,2004,3527.25
161,3,22,322,2005,3246.59
161,3,22,322,2006,2963.19
161,3,22,322,2007,2718.89
161,3,22,322,2008,2469.86
161,3,22,322,2009,2231.05
161,3,22,322,2010,2031.48
161,3,22,322,2011,1856.37
161,3,22,322,2012,1695.06
161,3,22,322,2013,1540.4
161,3,22,322,2014,1394.05
161,3,22,322,2015,1244.84
161,3,22,322,2016,1132.71
161,3,27,322,1990,5888.2
161,3,27,322,1991,5707.71
161,3,27,322,1992,5475.04
161,3,27,322,1993,5228.37
161,3,27,322,1994,5036.24
161,3,27,322,1995,4858.45
161,3,27,322,1996,4663.93
161,3,27,322,1997,4483.62
161,3,27,322,1998,4305.39
161,3,27,322,1999,4112.38
161,3,27,322,2000,3927.93
161,3,27,322,2001,3725.83
161,3,27,322,2002,3518.16
161,3,27,322,2003,3306.53
161,3,27,322,2004,3107.81
161,3,27,322,2005,2905.62
161,3,27,322,2006,2693.49
161,3,27,322,2007,2509.73
161,3,27,322,2008,2320.29
161,3,27,322,2009,2136.65
161,3,27,322,2010,1984.61
161,3,27,322,2011,1847.92
161,3,27,322,2012,1725.01
161,3,27,322,2013,1604.8
161,3,27,322,2014,1492.67
161,3,27,322,2015,1375.9
161,3,27,322,2016,1284.91
162,1,22,322,1990,9155.06
162,1,22,322,1991,8645.3
162,1,22,322,1992,8196.33
162,1,22,322,1993,7754.45
162,1,22,322,1994,7353.86
162,1,22,322,1995,6929.94
162,1,22,322,1996,6870.95
162,1,22,322,1997,6715.26
162,1,22,322,1998,6334.5
162,1,22,322,1999,5941.25
162,1,22,322,2000,5530.48
162,1,22,322,2001,5155.36
162,1,22,322,2002,4720.54
162,1,22,322,2003,4305.14
162,1,22,322,2004,3899.18
162,1,22,322,2005,3524.1
162,1,22,322,2006,3225.33
162,1,22,322,2007,3011.55
162,1,22,322,2008,2751.91
162,1,22,322,2009,2501.4
162,1,22,322,2010,2252.04
162,1,22,322,2011,1987
162,1,22,322,2012,1772.47
162,1,22,322,2013,1596.57
162,1,22,322,2014,1442.32
162,1,22,322,2015,1305.56
162,1,22,322,2016,1198.67
162,1,27,322,1990,5398.88
162,1,27,322,1991,5090.88
162,1,27,322,1992,4837.92
162,1,27,322,1993,4603.31
162,1,27,322,1994,4407.77
162,1,27,322,1995,4208.46
162,1,27,322,1996,4195.85
162,1,27,322,1997,4149.41
162,1,27,322,1998,3975.22
162,1,27,322,1999,3785.11
162,1,27,322,2000,3608.44
162,1,27,322,2001,3454.8
162,1,27,322,2002,3270.31
162,1,27,322,2003,3102.83
162,1,27,322,2004,2924.19
162,1,27,322,2005,2753.92
162,1,27,322,2006,2607.03
162,1,27,322,2007,2507.64
162,1,27,322,2008,2368.52
162,1,27,322,2009,2235.84
162,1,27,322,2010,2092.08
162,1,27,322,2011,1925.3
162,1,27,322,2012,1793.41
162,1,27,322,2013,1682.46
162,1,27,322,2014,1576.04
162,1,27,322,2015,1475.49
162,1,27,322,2016,1383.37
162,2,22,322,1990,11091.42
162,2,22,322,1991,10453.88
162,2,22,322,1992,9920.21
162,2,22,322,1993,9383.23
162,2,22,322,1994,8890.18
162,2,22,322,1995,8358.53
162,2,22,322,1996,8272.41
162,2,22,322,1997,8020.29
162,2,22,322,1998,7487.17
162,2,22,322,1999,6976.24
162,2,22,322,2000,6476.77
162,2,22,322,2001,6052.91
162,2,22,322,2002,5567.91
162,2,22,322,2003,5099.45
162,2,22,322,2004,4638.39
162,2,22,322,2005,4186.12
162,2,22,322,2006,3792.9
162,2,22,322,2007,3487.94
162,2,22,322,2008,3134.61
162,2,22,322,2009,2792.18
162,2,22,322,2010,2467.5
162,2,22,322,2011,2152.62
162,2,22,322,2012,1884.64
162,2,22,322,2013,1669.38
162,2,22,322,2014,1478.76
162,2,22,322,2015,1311.78
162,2,22,322,2016,1182.01
162,2,27,322,1990,6336.65
162,2,27,322,1991,5962.29
162,2,27,322,1992,5671.23
162,2,27,322,1993,5399.22
162,2,27,322,1994,5175.77
162,2,27,322,1995,4948.3
162,2,27,322,1996,4958.92
162,2,27,322,1997,4889.13
162,2,27,322,1998,4650.96
162,2,27,322,1999,4405.68
162,2,27,322,2000,4159.76
162,2,27,322,2001,3940.32
162,2,27,322,2002,3683.38
162,2,27,322,2003,3444.41
162,2,27,322,2004,3214.81
162,2,27,322,2005,2990.58
162,2,27,322,2006,2786.9
162,2,27,322,2007,2632.11
162,2,27,322,2008,2445.16
162,2,27,322,2009,2261.31
162,2,27,322,2010,2083.11
162,2,27,322,2011,1899.49
162,2,27,322,2012,1744.33
162,2,27,322,2013,1617.28
162,2,27,322,2014,1495.1
162,2,27,322,2015,1381.74
162,2,27,322,2016,1282.28
162,3,22,322,1990,10087.75
162,3,22,322,1991,9517.17
162,3,22,322,1992,9028.08
162,3,22,322,1993,8541.08
162,3,22,322,1994,8096.75
162,3,22,322,1995,7621.77
162,3,22,322,1996,7551.01
162,3,22,322,1997,7349.93
162,3,22,322,1998,6895.93
162,3,22,322,1999,6445.23
162,3,22,322,2000,5990.07
162,3,22,322,2001,5588.54
162,3,22,322,2002,5126.19
162,3,22,322,2003,4682.06
162,3,22,322,2004,4247.17
162,3,22,322,2005,3833.84
162,3,22,322,2006,3489.9
162,3,22,322,2007,3233.15
162,3,22,322,2008,2929.75
162,3,22,322,2009,2636.45
162,3,22,322,2010,2352.04
162,3,22,322,2011,2063.81
162,3,22,322,2012,1824.45
162,3,22,322,2013,1630.3
162,3,22,322,2014,1459.2
162,3,22,322,2015,1308.44
162,3,22,322,2016,1190.95
162,3,27,322,1990,5857.47
162,3,27,322,1991,5516.75
162,3,27,322,1992,5244.88
162,3,27,322,1993,4991.67
162,3,27,322,1994,4782.16
162,3,27,322,1995,4568.76
162,3,27,322,1996,4567.23
162,3,27,322,1997,4509.4
162,3,27,322,1998,4303.93
162,3,27,322,1999,4086.56
162,3,27,322,2000,3876.08
162,3,27,322,2001,3690.43
162,3,27,322,2002,3470.77
162,3,27,322,2003,3268.78
162,3,27,322,2004,3065.31
162,3,27,322,2005,2868.87
162,3,27,322,2006,2694.48
162,3,27,322,2007,2568.4
162,3,27,322,2008,2406.11
162,3,27,322,2009,2248.96
162,3,27,322,2010,2088.46
162,3,27,322,2011,1913.65
162,3,27,322,2012,1770.55
162,3,27,322,2013,1651.89
162,3,27,322,2014,1537.86
162,3,27,322,2015,1431.13
162,3,27,322,2016,1335.51
163,1,22,322,1990,5777.74
163,1,22,322,1991,5485.49
163,1,22,322,1992,5205.12
163,1,22,322,1993,4959.77
163,1,22,322,1994,4753.54
163,1,22,322,1995,4553.32
163,1,22,322,1996,4357.9
163,1,22,322,1997,4168.36
163,1,22,322,1998,3992.52
163,1,22,322,1999,3834.46
163,1,22,322,2000,3686.12
163,1,22,322,2001,3544.22
163,1,22,322,2002,3405.54
163,1,22,322,2003,3267.76
163,1,22,322,2004,3133.6
163,1,22,322,2005,2996.58
163,1,22,322,2006,2850.55
163,1,22,322,2007,2705.66
163,1,22,322,2008,2563.31
163,1,22,322,2009,2413.72
163,1,22,322,2010,2265.78
163,1,22,322,2011,2149.84
163,1,22,322,2012,2019.26
163,1,22,322,2013,1889.64
163,1,22,322,2014,1734.44
163,1,22,322,2015,1584.28
163,1,22,322,2016,1469.13
163,1,27,322,1990,4325.52
163,1,27,322,1991,4179.47
163,1,27,322,1992,4039.25
163,1,27,322,1993,3915.27
163,1,27,322,1994,3813.15
163,1,27,322,1995,3702.63
163,1,27,322,1996,3596.84
163,1,27,322,1997,3498.42
163,1,27,322,1998,3402.17
163,1,27,322,1999,3318.08
163,1,27,322,2000,3233.35
163,1,27,322,2001,3153.36
163,1,27,322,2002,3077.07
163,1,27,322,2003,2997.15
163,1,27,322,2004,2917.89
163,1,27,322,2005,2838.39
163,1,27,322,2006,2750.06
163,1,27,322,2007,2665.06
163,1,27,322,2008,2583.07
163,1,27,322,2009,2486.35
163,1,27,322,2010,2386.68
163,1,27,322,2011,2312.47
163,1,27,322,2012,2225.92
163,1,27,322,2013,2137.29
163,1,27,322,2014,2021.23
163,1,27,322,2015,1908.86
163,1,27,322,2016,1811.07
163,2,22,322,1990,6480.69
163,2,22,322,1991,6225.77
163,2,22,322,1992,6003.77
163,2,22,322,1993,5761.89
163,2,22,322,1994,5519.45
163,2,22,322,1995,5281.59
163,2,22,322,1996,5064.15
163,2,22,322,1997,4886.21
163,2,22,322,1998,4688.95
163,2,22,322,1999,4471.64
163,2,22,322,2000,4293.3
163,2,22,322,2001,4124.19
163,2,22,322,2002,3969.31
163,2,22,322,2003,3825.71
163,2,22,322,2004,3685.39
163,2,22,322,2005,3531.24
163,2,22,322,2006,3354.21
163,2,22,322,2007,3179.45
163,2,22,322,2008,3008.04
163,2,22,322,2009,2823.7
163,2,22,322,2010,2632.79
163,2,22,322,2011,2476.66
163,2,22,322,2012,2296.47
163,2,22,322,2013,2126.02
163,2,22,322,2014,1937.02
163,2,22,322,2015,1755.72
163,2,22,322,2016,1609.86
163,2,27,322,1990,4861.33
163,2,27,322,1991,4752.79
163,2,27,322,1992,4656.45
163,2,27,322,1993,4538.27
163,2,27,322,1994,4416.01
163,2,27,322,1995,4296.96
163,2,27,322,1996,4184.97
163,2,27,322,1997,4097.03
163,2,27,322,1998,3987.15
163,2,27,322,1999,3858.93
163,2,27,322,2000,3761.32
163,2,27,322,2001,3664.58
163,2,27,322,2002,3575.79
163,2,27,322,2003,3491.66
163,2,27,322,2004,3410.26
163,2,27,322,2005,3318.91
163,2,27,322,2006,3205.28
163,2,27,322,2007,3093.92
163,2,27,322,2008,2985.12
163,2,27,322,2009,2856.92
163,2,27,322,2010,2718.8
163,2,27,322,2011,2610.2
163,2,27,322,2012,2478.31
163,2,27,322,2013,2354.82
163,2,27,322,2014,2209.47
163,2,27,322,2015,2065.1
163,2,27,322,2016,1933.5
163,3,22,322,1990,6116.85
163,3,22,322,1991,5842.55
163,3,22,322,1992,5590.31
163,3,22,322,1993,5346.63
163,3,22,322,1994,5122.93
163,3,22,322,1995,4904.55
163,3,22,322,1996,4698.54
163,3,22,322,1997,4514.58
163,3,22,322,1998,4328.37
163,3,22,322,1999,4141.69
163,3,22,322,2000,3978.84
163,3,22,322,2001,3823.77
163,3,22,322,2002,3677.25
163,3,22,322,2003,3536.64
163,3,22,322,2004,3399.49
163,3,22,322,2005,3254.18
163,3,22,322,2006,3093.19
163,3,22,322,2007,2933.87
163,3,22,322,2008,2777.49
163,3,22,322,2009,2611.14
163,3,22,322,2010,2442.5
163,3,22,322,2011,2307.2
163,3,22,322,2012,2152.74
163,3,22,322,2013,2003.47
163,3,22,322,2014,1832.02
163,3,22,322,2015,1666.87
163,3,22,322,2016,1536.93
163,3,27,322,1990,4585.52
163,3,27,322,1991,4456.8
163,3,27,322,1992,4337.04
163,3,27,322,1993,4215.22
163,3,27,322,1994,4102.95
163,3,27,322,1995,3988.1
163,3,27,322,1996,3879.11
163,3,27,322,1997,3785.43
163,3,27,322,1998,3682.47
163,3,27,322,1999,3577.11
163,3,27,322,2000,3486.01
163,3,27,322,2001,3397.76
163,3,27,322,2002,3315.32
163,3,27,322,2003,3233.18
163,3,27,322,2004,3152.86
163,3,27,322,2005,3067.55
163,3,27,322,2006,2966.96
163,3,27,322,2007,2869.15
163,3,27,322,2008,2774.03
163,3,27,322,2009,2661.96
163,3,27,322,2010,2543.78
163,3,27,322,2011,2453.11
163,3,27,322,2012,2344.8
163,3,27,322,2013,2239.73
163,3,27,322,2014,2110.01
163,3,27,322,2015,1982.47
163,3,27,322,2016,1868.27
164,1,22,322,1990,11097.65
164,1,22,322,1991,10391.62
164,1,22,322,1992,9672.69
164,1,22,322,1993,9029.57
164,1,22,322,1994,8397.18
164,1,22,322,1995,7924.39
164,1,22,322,1996,7538.63
164,1,22,322,1997,7260.22
164,1,22,322,1998,7004.09
164,1,22,322,1999,6707.03
164,1,22,322,2000,6408.41
164,1,22,322,2001,6047.55
164,1,22,322,2002,5654.78
164,1,22,322,2003,5229.01
164,1,22,322,2004,4816.46
164,1,22,322,2005,4553.07
164,1,22,322,2006,4254.12
164,1,22,322,2007,3977.83
164,1,22,322,2008,3746.16
164,1,22,322,2009,3485.18
164,1,22,322,2010,3280.37
164,1,22,322,2011,3079.86
164,1,22,322,2012,2874.85
164,1,22,322,2013,2705.19
164,1,22,322,2014,2478.57
164,1,22,322,2015,2222.61
164,1,22,322,2016,2014.43
164,1,27,322,1990,6200.93
164,1,27,322,1991,5893.59
164,1,27,322,1992,5588.99
164,1,27,322,1993,5357.43
164,1,27,322,1994,5099.58
164,1,27,322,1995,4894.13
164,1,27,322,1996,4695.03
164,1,27,322,1997,4569.21
164,1,27,322,1998,4451.61
164,1,27,322,1999,4308.96
164,1,27,322,2000,4192.52
164,1,27,322,2001,4034.8
164,1,27,322,2002,3880.11
164,1,27,322,2003,3697.01
164,1,27,322,2004,3513.3
164,1,27,322,2005,3410.97
164,1,27,322,2006,3247.49
164,1,27,322,2007,3070.46
164,1,27,322,2008,2908.33
164,1,27,322,2009,2716.41
164,1,27,322,2010,2545.28
164,1,27,322,2011,2376.73
164,1,27,322,2012,2213.51
164,1,27,322,2013,2089
164,1,27,322,2014,1948.37
164,1,27,322,2015,1794.96
164,1,27,322,2016,1668.21
164,2,22,322,1990,10250.05
164,2,22,322,1991,9625.03
164,2,22,322,1992,9038.02
164,2,22,322,1993,8507.39
164,2,22,322,1994,7979.96
164,2,22,322,1995,7510.74
164,2,22,322,1996,7115.49
164,2,22,322,1997,6810.06
164,2,22,322,1998,6520.22
164,2,22,322,1999,6205.11
164,2,22,322,2000,5867.27
164,2,22,322,2001,5504.63
164,2,22,322,2002,5125.94
164,2,22,322,2003,4729.45
164,2,22,322,2004,4347.99
164,2,22,322,2005,4114.19
164,2,22,322,2006,3821.04
164,2,22,322,2007,3523.74
164,2,22,322,2008,3262.99
164,2,22,322,2009,2994.7
164,2,22,322,2010,2748.94
164,2,22,322,2011,2539.11
164,2,22,322,2012,2343.39
164,2,22,322,2013,2185.26
164,2,22,322,2014,1989.01
164,2,22,322,2015,1780.66
164,2,22,322,2016,1612.23
164,2,27,322,1990,6091.06
164,2,27,322,1991,5779.94
164,2,27,322,1992,5494.38
164,2,27,322,1993,5260.89
164,2,27,322,1994,5017.97
164,2,27,322,1995,4818.07
164,2,27,322,1996,4638.11
164,2,27,322,1997,4498.93
164,2,27,322,1998,4383.41
164,2,27,322,1999,4270.72
164,2,27,322,2000,4129.59
164,2,27,322,2001,3983.43
164,2,27,322,2002,3831.38
164,2,27,322,2003,3656.74
164,2,27,322,2004,3480.84
164,2,27,322,2005,3370.97
164,2,27,322,2006,3196.98
164,2,27,322,2007,3003.45
164,2,27,322,2008,2821.88
164,2,27,322,2009,2621.94
164,2,27,322,2010,2429.42
164,2,27,322,2011,2252.3
164,2,27,322,2012,2086.29
164,2,27,322,2013,1958.17
164,2,27,322,2014,1817.23
164,2,27,322,2015,1670.13
164,2,27,322,2016,1549.31
164,3,22,322,1990,10670.81
164,3,22,322,1991,10006.81
164,3,22,322,1992,9355.49
164,3,22,322,1993,8769.78
164,3,22,322,1994,8190.31
164,3,22,322,1995,7719.62
164,3,22,322,1996,7328.83
164,3,22,322,1997,7036.3
164,3,22,322,1998,6762.43
164,3,22,322,1999,6455.43
164,3,22,322,2000,6136.41
164,3,22,322,2001,5774.3
164,3,22,322,2002,5388.52
164,3,22,322,2003,4977.5
164,3,22,322,2004,4580.52
164,3,22,322,2005,4331.72
164,3,22,322,2006,4035.15
164,3,22,322,2007,3747.45
164,3,22,322,2008,3500.1
164,3,22,322,2009,3234.5
164,3,22,322,2010,3008.02
164,3,22,322,2011,2802.36
164,3,22,322,2012,2601.85
164,3,22,322,2013,2437.94
164,3,22,322,2014,2226.85
164,3,22,322,2015,1995.35
164,3,22,322,2016,1807.63
164,3,27,322,1990,6149.43
164,3,27,322,1991,5840.67
164,3,27,322,1992,5546.57
164,3,27,322,1993,5313.94
164,3,27,322,1994,5063.6
164,3,27,322,1995,4861.8
164,3,27,322,1996,4672.12
164,3,27,322,1997,4537.95
164,3,27,322,1998,4421.13
164,3,27,322,1999,4295.49
164,3,27,322,2000,4166.64
164,3,27,322,2001,4016.63
164,3,27,322,2002,3863.97
164,3,27,322,2003,3685.28
164,3,27,322,2004,3505.06
164,3,27,322,2005,3397.48
164,3,27,322,2006,3228.3
164,3,27,322,2007,3042.68
164,3,27,322,2008,2870.6
164,3,27,322,2009,2674.3
164,3,27,322,2010,2492.71
164,3,27,322,2011,2320.22
164,3,27,322,2012,2155.86
164,3,27,322,2013,2029.79
164,3,27,322,2014,1889.2
164,3,27,322,2015,1739.09
164,3,27,322,2016,1615.22
165,1,22,322,1990,4898.39
165,1,22,322,1991,4732.33
165,1,22,322,1992,4547.51
165,1,22,322,1993,4359.76
165,1,22,322,1994,4166.3
165,1,22,322,1995,4006.12
165,1,22,322,1996,3815.41
165,1,22,322,1997,3646.86
165,1,22,322,1998,3471.6
165,1,22,322,1999,3329.88
165,1,22,322,2000,3204.37
165,1,22,322,2001,3086.1
165,1,22,322,2002,2971.68
165,1,22,322,2003,2851.09
165,1,22,322,2004,2740.88
165,1,22,322,2005,2644.6
165,1,22,322,2006,2596.08
165,1,22,322,2007,2524.43
165,1,22,322,2008,2555.9
165,1,22,322,2009,2541.67
165,1,22,322,2010,2446.66
165,1,22,322,2011,2346.07
165,1,22,322,2012,2200.42
165,1,22,322,2013,2045.8
165,1,22,322,2014,1907.77
165,1,22,322,2015,1756.89
165,1,22,322,2016,1627.78
165,1,27,322,1990,2836.43
165,1,27,322,1991,2809
165,1,27,322,1992,2769.46
165,1,27,322,1993,2729.34
165,1,27,322,1994,2684.19
165,1,27,322,1995,2650.57
165,1,27,322,1996,2598.14
165,1,27,322,1997,2567.44
165,1,27,322,1998,2525.37
165,1,27,322,1999,2498.79
165,1,27,322,2000,2460.56
165,1,27,322,2001,2421.51
165,1,27,322,2002,2383.38
165,1,27,322,2003,2331.36
165,1,27,322,2004,2276.17
165,1,27,322,2005,2221.05
165,1,27,322,2006,2181.98
165,1,27,322,2007,2113.43
165,1,27,322,2008,2116.93
165,1,27,322,2009,2086.96
165,1,27,322,2010,2003.52
165,1,27,322,2011,1922.7
165,1,27,322,2012,1811.15
165,1,27,322,2013,1716.82
165,1,27,322,2014,1644.97
165,1,27,322,2015,1569.5
165,1,27,322,2016,1497.83
165,2,22,322,1990,6349.32
165,2,22,322,1991,6145.16
165,2,22,322,1992,5900.84
165,2,22,322,1993,5629.64
165,2,22,322,1994,5339.41
165,2,22,322,1995,5052.46
165,2,22,322,1996,4754.27
165,2,22,322,1997,4489.66
165,2,22,322,1998,4230.64
165,2,22,322,1999,4010.02
165,2,22,322,2000,3795.23
165,2,22,322,2001,3593.66
165,2,22,322,2002,3413.73
165,2,22,322,2003,3238.62
165,2,22,322,2004,3060.72
165,2,22,322,2005,2915.04
165,2,22,322,2006,2826.1
165,2,22,322,2007,2712.22
165,2,22,322,2008,2733.71
165,2,22,322,2009,2676.47
165,2,22,322,2010,2535.02
165,2,22,322,2011,2392.49
165,2,22,322,2012,2216.94
165,2,22,322,2013,2024.46
165,2,22,322,2014,1848.78
165,2,22,322,2015,1663.73
165,2,22,322,2016,1510.89
165,2,27,322,1990,3379.89
165,2,27,322,1991,3355.73
165,2,27,322,1992,3311.4
165,2,27,322,1993,3248.16
165,2,27,322,1994,3169.4
165,2,27,322,1995,3097.08
165,2,27,322,1996,3006.9
165,2,27,322,1997,2936.62
165,2,27,322,1998,2867.47
165,2,27,322,1999,2808.83
165,2,27,322,2000,2741.03
165,2,27,322,2001,2663.89
165,2,27,322,2002,2591.31
165,2,27,322,2003,2510.8
165,2,27,322,2004,2410.78
165,2,27,322,2005,2313.06
165,2,27,322,2006,2240.32
165,2,27,322,2007,2137.96
165,2,27,322,2008,2131.79
165,2,27,322,2009,2066.87
165,2,27,322,2010,1946.12
165,2,27,322,2011,1832.1
165,2,27,322,2012,1705.14
165,2,27,322,2013,1585.19
165,2,27,322,2014,1488.88
165,2,27,322,2015,1391.28
165,2,27,322,2016,1304.66
165,3,22,322,1990,5596.35
165,3,22,322,1991,5412.47
165,3,22,322,1992,5199.49
165,3,22,322,1993,4971.98
165,3,22,322,1994,4732.25
165,3,22,322,1995,4511.19
165,3,22,322,1996,4268.77
165,3,22,322,1997,4054.01
165,3,22,322,1998,3838.46
165,3,22,322,1999,3658.75
165,3,22,322,2000,3490.17
165,3,22,322,2001,3331.71
165,3,22,322,2002,3185.66
165,3,22,322,2003,3038.73
165,3,22,322,2004,2895.78
165,3,22,322,2005,2775.63
165,3,22,322,2006,2707.59
165,3,22,322,2007,2615.52
165,3,22,322,2008,2642.2
165,3,22,322,2009,2607.12
165,3,22,322,2010,2489.58
165,3,22,322,2011,2368.62
165,3,22,322,2012,2208.45
165,3,22,322,2013,2035.43
165,3,22,322,2014,1879.1
165,3,22,322,2015,1711.61
165,3,22,322,2016,1570.94
165,3,27,322,1990,3102.7
165,3,27,322,1991,3076.88
165,3,27,322,1992,3034.95
165,3,27,322,1993,2983.74
165,3,27,322,1994,2922.44
165,3,27,322,1995,2869.35
165,3,27,322,1996,2797.99
165,3,27,322,1997,2748.1
165,3,27,322,1998,2692.7
165,3,27,322,1999,2650.5
165,3,27,322,2000,2597.22
165,3,27,322,2001,2539.15
165,3,27,322,2002,2484.24
165,3,27,322,2003,2418.15
165,3,27,322,2004,2341.09
165,3,27,322,2005,2265.56
165,3,27,322,2006,2210.4
165,3,27,322,2007,2125.45
165,3,27,322,2008,2124.08
165,3,27,322,2009,2077.12
165,3,27,322,2010,1975.48
165,3,27,322,2011,1878.48
165,3,27,322,2012,1759.31
165,3,27,322,2013,1652.5
165,3,27,322,2014,1568.73
165,3,27,322,2015,1482.45
165,3,27,322,2016,1403.42
168,1,22,322,1990,10440.98
168,1,22,322,1991,10185.35
168,1,22,322,1992,9848.44
168,1,22,322,1993,9539.35
168,1,22,322,1994,9183.77
168,1,22,322,1995,8836.7
168,1,22,322,1996,8480.14
168,1,22,322,1997,8370.18
168,1,22,322,1998,8465.63
168,1,22,322,1999,8440.99
168,1,22,322,2000,8323.22
168,1,22,322,2001,7921.49
168,1,22,322,2002,7824.21
168,1,22,322,2003,7635.73
168,1,22,322,2004,7835.44
168,1,22,322,2005,7516.15
168,1,22,322,2006,7155.85
168,1,22,322,2007,7010.86
168,1,22,322,2008,6772.27
168,1,22,322,2009,6448.13
168,1,22,322,2010,6177.76
168,1,22,322,2011,5600.28
168,1,22,322,2012,5098.16
168,1,22,322,2013,4522.78
168,1,22,322,2014,4107.31
168,1,22,322,2015,3788.38
168,1,22,322,2016,3398.35
168,1,27,322,1990,6548.38
168,1,27,322,1991,6408.3
168,1,27,322,1992,6245.54
168,1,27,322,1993,6116.02
168,1,27,322,1994,5966.03
168,1,27,322,1995,5800.77
168,1,27,322,1996,5567.59
168,1,27,322,1997,5469.1
168,1,27,322,1998,5560.83
168,1,27,322,1999,5491.83
168,1,27,322,2000,5397.04
168,1,27,322,2001,5198.63
168,1,27,322,2002,5133.16
168,1,27,322,2003,5062.83
168,1,27,322,2004,5143.18
168,1,27,322,2005,4972.75
168,1,27,322,2006,4790.72
168,1,27,322,2007,4696.13
168,1,27,322,2008,4572.16
168,1,27,322,2009,4404.15
168,1,27,322,2010,4256.22
168,1,27,322,2011,3983.48
168,1,27,322,2012,3751.31
168,1,27,322,2013,3465.69
168,1,27,322,2014,3250.47
168,1,27,322,2015,3087.83
168,1,27,322,2016,2895.03
168,2,22,322,1990,10697.84
168,2,22,322,1991,10481.01
168,2,22,322,1992,10124.3
168,2,22,322,1993,9820.42
168,2,22,322,1994,9477.86
168,2,22,322,1995,9117.96
168,2,22,322,1996,8777.43
168,2,22,322,1997,8678.46
168,2,22,322,1998,8774.99
168,2,22,322,1999,8764.82
168,2,22,322,2000,8620.19
168,2,22,322,2001,8265.93
168,2,22,322,2002,8229.03
168,2,22,322,2003,8174.84
168,2,22,322,2004,8563.42
168,2,22,322,2005,8270.37
168,2,22,322,2006,7985.83
168,2,22,322,2007,7861
168,2,22,322,2008,7581.19
168,2,22,322,2009,7173.26
168,2,22,322,2010,6841.96
168,2,22,322,2011,6165.67
168,2,22,322,2012,5532.58
168,2,22,322,2013,4830.34
168,2,22,322,2014,4258.8
168,2,22,322,2015,3829.93
168,2,22,322,2016,3396.49
168,2,27,322,1990,6443.01
168,2,27,322,1991,6350.13
168,2,27,322,1992,6197.67
168,2,27,322,1993,6108.86
168,2,27,322,1994,6000.13
168,2,27,322,1995,5843.54
168,2,27,322,1996,5666.27
168,2,27,322,1997,5601.23
168,2,27,322,1998,5721.95
168,2,27,322,1999,5697.6
168,2,27,322,2000,5613.89
168,2,27,322,2001,5444.27
168,2,27,322,2002,5420.78
168,2,27,322,2003,5410.71
168,2,27,322,2004,5601.26
168,2,27,322,2005,5443.71
168,2,27,322,2006,5294.54
168,2,27,322,2007,5206.81
168,2,27,322,2008,5047.92
168,2,27,322,2009,4823.95
168,2,27,322,2010,4634.78
168,2,27,322,2011,4292.34
168,2,27,322,2012,3980.18
168,2,27,322,2013,3622.73
168,2,27,322,2014,3321.85
168,2,27,322,2015,3092.99
168,2,27,322,2016,2867.06
168,3,22,322,1990,10570.86
168,3,22,322,1991,10334.87
168,3,22,322,1992,9987.97
168,3,22,322,1993,9681.53
168,3,22,322,1994,9332.55
168,3,22,322,1995,8978.99
168,3,22,322,1996,8630.55
168,3,22,322,1997,8526.13
168,3,22,322,1998,8622.11
168,3,22,322,1999,8604.76
168,3,22,322,2000,8473.39
168,3,22,322,2001,8095.64
168,3,22,322,2002,8028.84
168,3,22,322,2003,7908.17
168,3,22,322,2004,8203.21
168,3,22,322,2005,7897.05
168,3,22,322,2006,7574.87
168,3,22,322,2007,7439.91
168,3,22,322,2008,7180.38
168,3,22,322,2009,6813.84
168,3,22,322,2010,6512.63
168,3,22,322,2011,5885.24
168,3,22,322,2012,5317.04
168,3,22,322,2013,4677.7
168,3,22,322,2014,4183.59
168,3,22,322,2015,3809.3
168,3,22,322,2016,3397.41
168,3,27,322,1990,6473.06
168,3,27,322,1991,6358.1
168,3,27,322,1992,6201.82
168,3,27,322,1993,6095.01
168,3,27,322,1994,5967.91
168,3,27,322,1995,5808.37
168,3,27,322,1996,5606.05
168,3,27,322,1997,5525.82
168,3,27,322,1998,5633.79
168,3,27,322,1999,5588.91
168,3,27,322,2000,5501.13
168,3,27,322,2001,5317.96
168,3,27,322,2002,5273.92
168,3,27,322,2003,5233.56
168,3,27,322,2004,5369.39
168,3,27,322,2005,5205.8
168,3,27,322,2006,5040.33
168,3,27,322,2007,4949.03
168,3,27,322,2008,4807.12
168,3,27,322,2009,4610.84
168,3,27,322,2010,4441.99
168,3,27,322,2011,4134.11
168,3,27,322,2012,3861.92
168,3,27,322,2013,3540.67
168,3,27,322,2014,3282.8
168,3,27,322,2015,3086.9
168,3,27,322,2016,2877.28
169,1,22,322,1990,11618.55
169,1,22,322,1991,11488.19
169,1,22,322,1992,11330.78
169,1,22,322,1993,11271.57
169,1,22,322,1994,11259.58
169,1,22,322,1995,11319.43
169,1,22,322,1996,11358.69
169,1,22,322,1997,11245.39
169,1,22,322,1998,11085.48
169,1,22,322,1999,10960.52
169,1,22,322,2000,10731.69
169,1,22,322,2001,10433.9
169,1,22,322,2002,10219.57
169,1,22,322,2003,9900.59
169,1,22,322,2004,9611.98
169,1,22,322,2005,9460.49
169,1,22,322,2006,9988.59
169,1,22,322,2007,9973.73
169,1,22,322,2008,9739.18
169,1,22,322,2009,9734.37
169,1,22,322,2010,9570.18
169,1,22,322,2011,9074.26
169,1,22,322,2012,8746.62
169,1,22,322,2013,8562.21
169,1,22,322,2014,8457.31
169,1,22,322,2015,8181.38
169,1,22,322,2016,7771.47
169,1,27,322,1990,8459.08
169,1,27,322,1991,8456.85
169,1,27,322,1992,8394.96
169,1,27,322,1993,8384.53
169,1,27,322,1994,8410.99
169,1,27,322,1995,8460.03
169,1,27,322,1996,8528.5
169,1,27,322,1997,8487.63
169,1,27,322,1998,8438.56
169,1,27,322,1999,8407.94
169,1,27,322,2000,8279.95
169,1,27,322,2001,8116.99
169,1,27,322,2002,8029.88
169,1,27,322,2003,7867.18
169,1,27,322,2004,7717.76
169,1,27,322,2005,7647.64
169,1,27,322,2006,7976.44
169,1,27,322,2007,7964.8
169,1,27,322,2008,7802.62
169,1,27,322,2009,7765.45
169,1,27,322,2010,7679.38
169,1,27,322,2011,7364.45
169,1,27,322,2012,7130.5
169,1,27,322,2013,7000.35
169,1,27,322,2014,6917.84
169,1,27,322,2015,6745.31
169,1,27,322,2016,6498.92
169,2,22,322,1990,10604.16
169,2,22,322,1991,10426.33
169,2,22,322,1992,10212.65
169,2,22,322,1993,10181.5
169,2,22,322,1994,10118.48
169,2,22,322,1995,10114.18
169,2,22,322,1996,10094.68
169,2,22,322,1997,9944.3
169,2,22,322,1998,9739.25
169,2,22,322,1999,9706.46
169,2,22,322,2000,9560.85
169,2,22,322,2001,9306.53
169,2,22,322,2002,9158.29
169,2,22,322,2003,8899.75
169,2,22,322,2004,8669.18
169,2,22,322,2005,8554
169,2,22,322,2006,9207.33
169,2,22,322,2007,9256.94
169,2,22,322,2008,9091.45
169,2,22,322,2009,9087.23
169,2,22,322,2010,8900.58
169,2,22,322,2011,8357.96
169,2,22,322,2012,8004.71
169,2,22,322,2013,7782.37
169,2,22,322,2014,7689.37
169,2,22,322,2015,7390.56
169,2,22,322,2016,6941.92
169,2,27,322,1990,7489.45
169,2,27,322,1991,7403.97
169,2,27,322,1992,7271.94
169,2,27,322,1993,7332.54
169,2,27,322,1994,7306.41
169,2,27,322,1995,7298.81
169,2,27,322,1996,7306.36
169,2,27,322,1997,7218.3
169,2,27,322,1998,7110.11
169,2,27,322,1999,7100.29
169,2,27,322,2000,6998.77
169,2,27,322,2001,6837.71
169,2,27,322,2002,6763.25
169,2,27,322,2003,6615.73
169,2,27,322,2004,6481.9
169,2,27,322,2005,6421.59
169,2,27,322,2006,6835.48
169,2,27,322,2007,6868.56
169,2,27,322,2008,6752.01
169,2,27,322,2009,6733.52
169,2,27,322,2010,6616.95
169,2,27,322,2011,6261.72
169,2,27,322,2012,6012.02
169,2,27,322,2013,5866.65
169,2,27,322,2014,5796.77
169,2,27,322,2015,5609.82
169,2,27,322,2016,5332.18
169,3,22,322,1990,11102.66
169,3,22,322,1991,10948.08
169,3,22,322,1992,10762.01
169,3,22,322,1993,10717.09
169,3,22,322,1994,10679.18
169,3,22,322,1995,10706.41
169,3,22,322,1996,10715.8
169,3,22,322,1997,10583.68
169,3,22,322,1998,10400.87
169,3,22,322,1999,10322.86
169,3,22,322,2000,10136.43
169,3,22,322,2001,9860.83
169,3,22,322,2002,9680.22
169,3,22,322,2003,9392.1
169,3,22,322,2004,9133.11
169,3,22,322,2005,9000.19
169,3,22,322,2006,9591.96
169,3,22,322,2007,9609.93
169,3,22,322,2008,9410.52
169,3,22,322,2009,9406.09
169,3,22,322,2010,9230.58
169,3,22,322,2011,8711.04
169,3,22,322,2012,8370.49
169,3,22,322,2013,8166.92
169,3,22,322,2014,8068.12
169,3,22,322,2015,7780.63
169,3,22,322,2016,7351.09
169,3,27,322,1990,7942.65
169,3,27,322,1991,7896.37
169,3,27,322,1992,7797.83
169,3,27,322,1993,7826.27
169,3,27,322,1994,7825.73
169,3,27,322,1995,7845.73
169,3,27,322,1996,7882.93
169,3,27,322,1997,7817.47
169,3,27,322,1998,7737.58
169,3,27,322,1999,7715.66
169,3,27,322,2000,7599.61
169,3,27,322,2001,7436.89
169,3,27,322,2002,7355.11
169,3,27,322,2003,7199.31
169,3,27,322,2004,7056.93
169,3,27,322,2005,6991.09
169,3,27,322,2006,7362.06
169,3,27,322,2007,7372.94
169,3,27,322,2008,7233.78
169,3,27,322,2009,7206.99
169,3,27,322,2010,7105.4
169,3,27,322,2011,6770.94
169,3,27,322,2012,6529.87
169,3,27,322,2013,6393.39
169,3,27,322,2014,6317.89
169,3,27,322,2015,6138.78
169,3,27,322,2016,5877.59
170,1,22,322,1990,5697.54
170,1,22,322,1991,5595.7
170,1,22,322,1992,5590.39
170,1,22,322,1993,5627.52
170,1,22,322,1994,5750.59
170,1,22,322,1995,5856.44
170,1,22,322,1996,5875.28
170,1,22,322,1997,5958.56
170,1,22,322,1998,5940.32
170,1,22,322,1999,5899.64
170,1,22,322,2000,5768.33
170,1,22,322,2001,5520.85
170,1,22,322,2002,5243.14
170,1,22,322,2003,4985.6
170,1,22,322,2004,4676.49
170,1,22,322,2005,4636.29
170,1,22,322,2006,4483.02
170,1,22,322,2007,4321.22
170,1,22,322,2008,4174.59
170,1,22,322,2009,3940.95
170,1,22,322,2010,3680.32
170,1,22,322,2011,3446.24
170,1,22,322,2012,3246.59
170,1,22,322,2013,3039.61
170,1,22,322,2014,2964.72
170,1,22,322,2015,2810.83
170,1,22,322,2016,2655.52
170,1,27,322,1990,4955.87
170,1,27,322,1991,4814.68
170,1,27,322,1992,4801.17
170,1,27,322,1993,4839.04
170,1,27,322,1994,4913.92
170,1,27,322,1995,4999
170,1,27,322,1996,4980.3
170,1,27,322,1997,5023.67
170,1,27,322,1998,4951.92
170,1,27,322,1999,4863.37
170,1,27,322,2000,4656.53
170,1,27,322,2001,4401.84
170,1,27,322,2002,4149.78
170,1,27,322,2003,4004.89
170,1,27,322,2004,3792.17
170,1,27,322,2005,3719.69
170,1,27,322,2006,3604.2
170,1,27,322,2007,3504.27
170,1,27,322,2008,3407.07
170,1,27,322,2009,3254.5
170,1,27,322,2010,3068.84
170,1,27,322,2011,2925.38
170,1,27,322,2012,2803.3
170,1,27,322,2013,2691.39
170,1,27,322,2014,2659.27
170,1,27,322,2015,2586.56
170,1,27,322,2016,2513.07
170,2,22,322,1990,5812.66
170,2,22,322,1991,5651.54
170,2,22,322,1992,5537.88
170,2,22,322,1993,5480.75
170,2,22,322,1994,5575.81
170,2,22,322,1995,5623.55
170,2,22,322,1996,5653.62
170,2,22,322,1997,5669.56
170,2,22,322,1998,5567.38
170,2,22,322,1999,5562.79
170,2,22,322,2000,5480.65
170,2,22,322,2001,5257.7
170,2,22,322,2002,5035.2
170,2,22,322,2003,4826.1
170,2,22,322,2004,4605.18
170,2,22,322,2005,4658.67
170,2,22,322,2006,4564.15
170,2,22,322,2007,4445.73
170,2,22,322,2008,4312.73
170,2,22,322,2009,4080.36
170,2,22,322,2010,3812.05
170,2,22,322,2011,3569.79
170,2,22,322,2012,3299.03
170,2,22,322,2013,3051.61
170,2,22,322,2014,2899.34
170,2,22,322,2015,2709.13
170,2,22,322,2016,2534
170,2,27,322,1990,4717.85
170,2,27,322,1991,4578.33
170,2,27,322,1992,4473.2
170,2,27,322,1993,4456.97
170,2,27,322,1994,4591.36
170,2,27,322,1995,4648.65
170,2,27,322,1996,4711.87
170,2,27,322,1997,4731.28
170,2,27,322,1998,4628.34
170,2,27,322,1999,4621.92
170,2,27,322,2000,4526.88
170,2,27,322,2001,4321.59
170,2,27,322,2002,4142.6
170,2,27,322,2003,4033.83
170,2,27,322,2004,3915.75
170,2,27,322,2005,3951.58
170,2,27,322,2006,3885.68
170,2,27,322,2007,3813.78
170,2,27,322,2008,3730.58
170,2,27,322,2009,3568.31
170,2,27,322,2010,3402.54
170,2,27,322,2011,3241.72
170,2,27,322,2012,3049.52
170,2,27,322,2013,2900.22
170,2,27,322,2014,2807.52
170,2,27,322,2015,2698.7
170,2,27,322,2016,2593.61
170,3,22,322,1990,5755.21
170,3,22,322,1991,5623.67
170,3,22,322,1992,5564.1
170,3,22,322,1993,5554.02
170,3,22,322,1994,5663.08
170,3,22,322,1995,5739.85
170,3,22,322,1996,5764.33
170,3,22,322,1997,5813.93
170,3,22,322,1998,5753.72
170,3,22,322,1999,5731.12
170,3,22,322,2000,5624.41
170,3,22,322,2001,5389.21
170,3,22,322,2002,5139.12
170,3,22,322,2003,4905.81
170,3,22,322,2004,4640.82
170,3,22,322,2005,4647.48
170,3,22,322,2006,4523.59
170,3,22,322,2007,4383.48
170,3,22,322,2008,4243.65
170,3,22,322,2009,4010.64
170,3,22,322,2010,3746.17
170,3,22,322,2011,3508
170,3,22,322,2012,3272.8
170,3,22,322,2013,3045.61
170,3,22,322,2014,2932.05
170,3,22,322,2015,2760
170,3,22,322,2016,2594.79
170,3,27,322,1990,4823.98
170,3,27,322,1991,4685.01
170,3,27,322,1992,4624.93
170,3,27,322,1993,4636.11
170,3,27,322,1994,4743.66
170,3,27,322,1995,4815.17
170,3,27,322,1996,4840.22
170,3,27,322,1997,4872.33
170,3,27,322,1998,4785.82
170,3,27,322,1999,4740.79
170,3,27,322,2000,4593.39
170,3,27,322,2001,4365.09
170,3,27,322,2002,4151.45
170,3,27,322,2003,4025.17
170,3,27,322,2004,3861.35
170,3,27,322,2005,3844.5
170,3,27,322,2006,3753.96
170,3,27,322,2007,3667.97
170,3,27,322,2008,3577.91
170,3,27,322,2009,3420.07
170,3,27,322,2010,3245.03
170,3,27,322,2011,3092.4
170,3,27,322,2012,2934.59
170,3,27,322,2013,2803.68
170,3,27,322,2014,2740.87
170,3,27,322,2015,2649.72
170,3,27,322,2016,2559.68
171,1,22,322,1990,9104.25
171,1,22,322,1991,9076.72
171,1,22,322,1992,8915.34
171,1,22,322,1993,8713.3
171,1,22,322,1994,8645.16
171,1,22,322,1995,8543.01
171,1,22,322,1996,8464.62
171,1,22,322,1997,8356.94
171,1,22,322,1998,8201.27
171,1,22,322,1999,7887.39
171,1,22,322,2000,7743.58
171,1,22,322,2001,7422.08
171,1,22,322,2002,7085.25
171,1,22,322,2003,6825.85
171,1,22,322,2004,6406.41
171,1,22,322,2005,6142.18
171,1,22,322,2006,5991.24
171,1,22,322,2007,5788.57
171,1,22,322,2008,5579
171,1,22,322,2009,5393.03
171,1,22,322,2010,5264.88
171,1,22,322,2011,5135.23
171,1,22,322,2012,5110.35
171,1,22,322,2013,4890.06
171,1,22,322,2014,4663.7
171,1,22,322,2015,4506.39
171,1,22,322,2016,4255.04
171,1,27,322,1990,5936.03
171,1,27,322,1991,5971.31
171,1,27,322,1992,5928.36
171,1,27,322,1993,5823.34
171,1,27,322,1994,5818.23
171,1,27,322,1995,5807.41
171,1,27,322,1996,5817.21
171,1,27,322,1997,5730.79
171,1,27,322,1998,5669.33
171,1,27,322,1999,5516.92
171,1,27,322,2000,5440.16
171,1,27,322,2001,5281.71
171,1,27,322,2002,5079.48
171,1,27,322,2003,4992.23
171,1,27,322,2004,4731.81
171,1,27,322,2005,4570.34
171,1,27,322,2006,4480.07
171,1,27,322,2007,4372.53
171,1,27,322,2008,4296.47
171,1,27,322,2009,4203.18
171,1,27,322,2010,4136.22
171,1,27,322,2011,4069.78
171,1,27,322,2012,4047.97
171,1,27,322,2013,3894.16
171,1,27,322,2014,3744.85
171,1,27,322,2015,3644.36
171,1,27,322,2016,3503.25
171,2,22,322,1990,8339.97
171,2,22,322,1991,8328.8
171,2,22,322,1992,8125.3
171,2,22,322,1993,7965.37
171,2,22,322,1994,7881.6
171,2,22,322,1995,7788.04
171,2,22,322,1996,7733.29
171,2,22,322,1997,7632.55
171,2,22,322,1998,7461.24
171,2,22,322,1999,7225.04
171,2,22,322,2000,7104.25
171,2,22,322,2001,6871.15
171,2,22,322,2002,6565.24
171,2,22,322,2003,6369.16
171,2,22,322,2004,6021.76
171,2,22,322,2005,5792.55
171,2,22,322,2006,5623.39
171,2,22,322,2007,5468.52
171,2,22,322,2008,5263.53
171,2,22,322,2009,5125.51
171,2,22,322,2010,4991.11
171,2,22,322,2011,4862.33
171,2,22,322,2012,4829.59
171,2,22,322,2013,4629.18
171,2,22,322,2014,4401.84
171,2,22,322,2015,4236.94
171,2,22,322,2016,3972.51
171,2,27,322,1990,5496.48
171,2,27,322,1991,5524.1
171,2,27,322,1992,5444.93
171,2,27,322,1993,5370.49
171,2,27,322,1994,5348.15
171,2,27,322,1995,5331.09
171,2,27,322,1996,5379.15
171,2,27,322,1997,5250.83
171,2,27,322,1998,5180.9
171,2,27,322,1999,5042.4
171,2,27,322,2000,4982.68
171,2,27,322,2001,4887.02
171,2,27,322,2002,4714.84
171,2,27,322,2003,4623.71
171,2,27,322,2004,4410.89
171,2,27,322,2005,4261.88
171,2,27,322,2006,4171.44
171,2,27,322,2007,4094.37
171,2,27,322,2008,3985.7
171,2,27,322,2009,3902.1
171,2,27,322,2010,3816.67
171,2,27,322,2011,3737.35
171,2,27,322,2012,3709.74
171,2,27,322,2013,3567.57
171,2,27,322,2014,3414.43
171,2,27,322,2015,3304.68
171,2,27,322,2016,3151.91
171,3,22,322,1990,8717.28
171,3,22,322,1991,8698.23
171,3,22,322,1992,8515.74
171,3,22,322,1993,8335.19
171,3,22,322,1994,8259.33
171,3,22,322,1995,8161.7
171,3,22,322,1996,8095.42
171,3,22,322,1997,7991.43
171,3,22,322,1998,7828.05
171,3,22,322,1999,7553.51
171,3,22,322,2000,7421.43
171,3,22,322,2001,7144.59
171,3,22,322,2002,6823.44
171,3,22,322,2003,6595.99
171,3,22,322,2004,6212.88
171,3,22,322,2005,5966.32
171,3,22,322,2006,5806.28
171,3,22,322,2007,5627.7
171,3,22,322,2008,5420.49
171,3,22,322,2009,5258.66
171,3,22,322,2010,5127.41
171,3,22,322,2011,4998.25
171,3,22,322,2012,4969.47
171,3,22,322,2013,4759.2
171,3,22,322,2014,4532.38
171,3,22,322,2015,4371.31
171,3,22,322,2016,4113.44
171,3,27,322,1990,5707.15
171,3,27,322,1991,5738.36
171,3,27,322,1992,5677.4
171,3,27,322,1993,5588.74
171,3,27,322,1994,5575.68
171,3,27,322,1995,5562.39
171,3,27,322,1996,5595.31
171,3,27,322,1997,5484.38
171,3,27,322,1998,5419.84
171,3,27,322,1999,5273.23
171,3,27,322,2000,5206.25
171,3,27,322,2001,5081.02
171,3,27,322,2002,4894.71
171,3,27,322,2003,4804.55
171,3,27,322,2004,4568.63
171,3,27,322,2005,4413.19
171,3,27,322,2006,4323.6
171,3,27,322,2007,4231.96
171,3,27,322,2008,4138.54
171,3,27,322,2009,4049.51
171,3,27,322,2010,3972.74
171,3,27,322,2011,3899.45
171,3,27,322,2012,3874.67
171,3,27,322,2013,3726.59
171,3,27,322,2014,3575.1
171,3,27,322,2015,3469.61
171,3,27,322,2016,3322.44
172,1,22,322,1990,14439
172,1,22,322,1991,14413.89
172,1,22,322,1992,14139.23
172,1,22,322,1993,13805.63
172,1,22,322,1994,13478.35
172,1,22,322,1995,12836.4
172,1,22,322,1996,11908.97
172,1,22,322,1997,9967.46
172,1,22,322,1998,8740.12
172,1,22,322,1999,7635.38
172,1,22,322,2000,6739.75
172,1,22,322,2001,5677.04
172,1,22,322,2002,4936.42
172,1,22,322,2003,4408.62
172,1,22,322,2004,3756.72
172,1,22,322,2005,3688.64
172,1,22,322,2006,3827.86
172,1,22,322,2007,3565.12
172,1,22,322,2008,3363.29
172,1,22,322,2009,3640.64
172,1,22,322,2010,3285.51
172,1,22,322,2011,2742.99
172,1,22,322,2012,2570.13
172,1,22,322,2013,2120.35
172,1,22,322,2014,2057.73
172,1,22,322,2015,1915.09
172,1,22,322,2016,1834.29
172,1,27,322,1990,9141.16
172,1,27,322,1991,9178.45
172,1,27,322,1992,9117.53
172,1,27,322,1993,9059.22
172,1,27,322,1994,9009.79
172,1,27,322,1995,8794.39
172,1,27,322,1996,8444.94
172,1,27,322,1997,7394.94
172,1,27,322,1998,6746
172,1,27,322,1999,6135.95
172,1,27,322,2000,5611.15
172,1,27,322,2001,4916.47
172,1,27,322,2002,4403.62
172,1,27,322,2003,4049.4
172,1,27,322,2004,3566.82
172,1,27,322,2005,3508.15
172,1,27,322,2006,3617.15
172,1,27,322,2007,3417.16
172,1,27,322,2008,3255.55
172,1,27,322,2009,3456.1
172,1,27,322,2010,3171.41
172,1,27,322,2011,2749.07
172,1,27,322,2012,2602.11
172,1,27,322,2013,2256.6
172,1,27,322,2014,2217.31
172,1,27,322,2015,2106.03
172,1,27,322,2016,2043.88
172,2,22,322,1990,12935.82
172,2,22,322,1991,12942.33
172,2,22,322,1992,12677.43
172,2,22,322,1993,12393.81
172,2,22,322,1994,12045.33
172,2,22,322,1995,11356.72
172,2,22,322,1996,10579.47
172,2,22,322,1997,8723.87
172,2,22,322,1998,7536.78
172,2,22,322,1999,6589.34
172,2,22,322,2000,5711.25
172,2,22,322,2001,4771.63
172,2,22,322,2002,4098.46
172,2,22,322,2003,3639.55
172,2,22,322,2004,3069.51
172,2,22,322,2005,2999.09
172,2,22,322,2006,3107.37
172,2,22,322,2007,2895.22
172,2,22,322,2008,2726.12
172,2,22,322,2009,2938.45
172,2,22,322,2010,2657.49
172,2,22,322,2011,2169.04
172,2,22,322,2012,1981.22
172,2,22,322,2013,1651.15
172,2,22,322,2014,1591.07
172,2,22,322,2015,1483.06
172,2,22,322,2016,1420.6
172,2,27,322,1990,7922.13
172,2,27,322,1991,7992.01
172,2,27,322,1992,7944.21
172,2,27,322,1993,7932.46
172,2,27,322,1994,7892.92
172,2,27,322,1995,7666.08
172,2,27,322,1996,7424.36
172,2,27,322,1997,6444.68
172,2,27,322,1998,5831.87
172,2,27,322,1999,5334.36
172,2,27,322,2000,4828.02
172,2,27,322,2001,4231.98
172,2,27,322,2002,3776.67
172,2,27,322,2003,3480.21
172,2,27,322,2004,3076.47
172,2,27,322,2005,3024.53
172,2,27,322,2006,3118.14
172,2,27,322,2007,2961
172,2,27,322,2008,2825.76
172,2,27,322,2009,2965.16
172,2,27,322,2010,2744.12
172,2,27,322,2011,2365.83
172,2,27,322,2012,2204.6
172,2,27,322,2013,1950.39
172,2,27,322,2014,1900.51
172,2,27,322,2015,1810.61
172,2,27,322,2016,1755.51
172,3,22,322,1990,13704.07
172,3,22,322,1991,13694.4
172,3,22,322,1992,13424.61
172,3,22,322,1993,13115.62
172,3,22,322,1994,12778.17
172,3,22,322,1995,12113.6
172,3,22,322,1996,11259.72
172,3,22,322,1997,9360.38
172,3,22,322,1998,8152.92
172,3,22,322,1999,7125.16
172,3,22,322,2000,6238.32
172,3,22,322,2001,5235.87
172,3,22,322,2002,4528.35
172,3,22,322,2003,4034.3
172,3,22,322,2004,3422.38
172,3,22,322,2005,3353.26
172,3,22,322,2006,3477.47
172,3,22,322,2007,3239.33
172,3,22,322,2008,3053.39
172,3,22,322,2009,3299.07
172,3,22,322,2010,2979.96
172,3,22,322,2011,2463.69
172,3,22,322,2012,2283.47
172,3,22,322,2013,1891.9
172,3,22,322,2014,1830.45
172,3,22,322,2015,1704.61
172,3,22,322,2016,1632.67
172,3,27,322,1990,8537.21
172,3,27,322,1991,8591.98
172,3,27,322,1992,8538.38
172,3,27,322,1993,8504.09
172,3,27,322,1994,8460.02
172,3,27,322,1995,8239.2
172,3,27,322,1996,7942.87
172,3,27,322,1997,6926.49
172,3,27,322,1998,6294.16
172,3,27,322,1999,5738.74
172,3,27,322,2000,5221.83
172,3,27,322,2001,4574.85
172,3,27,322,2002,4089.52
172,3,27,322,2003,3763.23
172,3,27,322,2004,3319.25
172,3,27,322,2005,3263.36
172,3,27,322,2006,3364.05
172,3,27,322,2007,3185.04
172,3,27,322,2008,3036.4
172,3,27,322,2009,3206.69
172,3,27,322,2010,2953.68
172,3,27,322,2011,2553.59
172,3,27,322,2012,2399.89
172,3,27,322,2013,2099.79
172,3,27,322,2014,2055.68
172,3,27,322,2015,1955.36
172,3,27,322,2016,1897.2
173,1,22,322,1990,5476.81
173,1,22,322,1991,5171.82
173,1,22,322,1992,4994.19
173,1,22,322,1993,4826.96
173,1,22,322,1994,4711.12
173,1,22,322,1995,4647.08
173,1,22,322,1996,4455.78
173,1,22,322,1997,4260.33
173,1,22,322,1998,4090.75
173,1,22,322,1999,3897.09
173,1,22,322,2000,3893.32
173,1,22,322,2001,3856.41
173,1,22,322,2002,3797.63
173,1,22,322,2003,3767.19
173,1,22,322,2004,3725.47
173,1,22,322,2005,3934.61
173,1,22,322,2006,3869.1
173,1,22,322,2007,3755.66
173,1,22,322,2008,3603.96
173,1,22,322,2009,3424.51
173,1,22,322,2010,3161.03
173,1,22,322,2011,2951.19
173,1,22,322,2012,2736.7
173,1,22,322,2013,2593.23
173,1,22,322,2014,2506.44
173,1,22,322,2015,2425.65
173,1,22,322,2016,2326.57
173,1,27,322,1990,4731.03
173,1,27,322,1991,4509.84
173,1,27,322,1992,4428.96
173,1,27,322,1993,4322.16
173,1,27,322,1994,4267.63
173,1,27,322,1995,4302.31
173,1,27,322,1996,4149.48
173,1,27,322,1997,3976.16
173,1,27,322,1998,3832.92
173,1,27,322,1999,3650.49
173,1,27,322,2000,3646.81
173,1,27,322,2001,3593.07
173,1,27,322,2002,3488.77
173,1,27,322,2003,3454.16
173,1,27,322,2004,3406.15
173,1,27,322,2005,3521.59
173,1,27,322,2006,3460.56
173,1,27,322,2007,3387.21
173,1,27,322,2008,3310.36
173,1,27,322,2009,3193.99
173,1,27,322,2010,2990.27
173,1,27,322,2011,2852.49
173,1,27,322,2012,2710.79
173,1,27,322,2013,2617.91
173,1,27,322,2014,2554.92
173,1,27,322,2015,2491.69
173,1,27,322,2016,2414.52
173,2,22,322,1990,4188.64
173,2,22,322,1991,3954.64
173,2,22,322,1992,3770.73
173,2,22,322,1993,3600.57
173,2,22,322,1994,3512.67
173,2,22,322,1995,3382.76
173,2,22,322,1996,3303.49
173,2,22,322,1997,3182
173,2,22,322,1998,3095.72
173,2,22,322,1999,3046.76
173,2,22,322,2000,3067.76
173,2,22,322,2001,3103.28
173,2,22,322,2002,3079.9
173,2,22,322,2003,3117.77
173,2,22,322,2004,3140.82
173,2,22,322,2005,3308.57
173,2,22,322,2006,3287.96
173,2,22,322,2007,3165.05
173,2,22,322,2008,3025.09
173,2,22,322,2009,2848.84
173,2,22,322,2010,2625.42
173,2,22,322,2011,2441
173,2,22,322,2012,2235.88
173,2,22,322,2013,2077.59
173,2,22,322,2014,2004.66
173,2,22,322,2015,1932.98
173,2,22,322,2016,1847.97
173,2,27,322,1990,3602.34
173,2,27,322,1991,3449.28
173,2,27,322,1992,3319.1
173,2,27,322,1993,3207.25
173,2,27,322,1994,3183.6
173,2,27,322,1995,3113.15
173,2,27,322,1996,3103.26
173,2,27,322,1997,3041.07
173,2,27,322,1998,3005.3
173,2,27,322,1999,3006.86
173,2,27,322,2000,3033.33
173,2,27,322,2001,3081.91
173,2,27,322,2002,3039
173,2,27,322,2003,3080.05
173,2,27,322,2004,3093.99
173,2,27,322,2005,3150.74
173,2,27,322,2006,3133.17
173,2,27,322,2007,3008.44
173,2,27,322,2008,2917.47
173,2,27,322,2009,2780.3
173,2,27,322,2010,2591.14
173,2,27,322,2011,2471.4
173,2,27,322,2012,2321.67
173,2,27,322,2013,2195.88
173,2,27,322,2014,2140.61
173,2,27,322,2015,2086.89
173,2,27,322,2016,2022.32
173,3,22,322,1990,4819.24
173,3,22,322,1991,4551.01
173,3,22,322,1992,4370.68
173,3,22,322,1993,4202.47
173,3,22,322,1994,4101.45
173,3,22,322,1995,4004.67
173,3,22,322,1996,3871.22
173,3,22,322,1997,3714.25
173,3,22,322,1998,3587.77
173,3,22,322,1999,3468.02
173,3,22,322,2000,3477.49
173,3,22,322,2001,3477.72
173,3,22,322,2002,3437.36
173,3,22,322,2003,3441.75
173,3,22,322,2004,3432.97
173,3,22,322,2005,3621.91
173,3,22,322,2006,3579.32
173,3,22,322,2007,3461.65
173,3,22,322,2008,3316.25
173,3,22,322,2009,3138.78
173,3,22,322,2010,2895.49
173,3,22,322,2011,2698.47
173,3,22,322,2012,2488.78
173,3,22,322,2013,2338.1
173,3,22,322,2014,2258.26
173,3,22,322,2015,2182.06
173,3,22,322,2016,2090.01
173,3,27,322,1990,4141.18
173,3,27,322,1991,3957.16
173,3,27,322,1992,3848.93
173,3,27,322,1993,3740.27
173,3,27,322,1994,3703.09
173,3,27,322,1995,3681.38
173,3,27,322,1996,3606.83
173,3,27,322,1997,3495.36
173,3,27,322,1998,3411.15
173,3,27,322,1999,3328.09
173,3,27,322,2000,3340.4
173,3,27,322,2001,3341.29
173,3,27,322,2002,3269.84
173,3,27,322,2003,3274.6
173,3,27,322,2004,3258.37
173,3,27,322,2005,3341.81
173,3,27,322,2006,3302.32
173,3,27,322,2007,3200.47
173,3,27,322,2008,3115.55
173,3,27,322,2009,2987.4
173,3,27,322,2010,2789.95
173,3,27,322,2011,2661.06
173,3,27,322,2012,2514.77
173,3,27,322,2013,2404.69
173,3,27,322,2014,2345.45
173,3,27,322,2015,2287.09
173,3,27,322,2016,2216.37
175,1,22,322,1990,10599.76
175,1,22,322,1991,10354.45
175,1,22,322,1992,10049.38
175,1,22,322,1993,9753.44
175,1,22,322,1994,9467.95
175,1,22,322,1995,9182.88
175,1,22,322,1996,8916.99
175,1,22,322,1997,8610.88
175,1,22,322,1998,8242.67
175,1,22,322,1999,7857.95
175,1,22,322,2000,7622.65
175,1,22,322,2001,7236.48
175,1,22,322,2002,7206.41
175,1,22,322,2003,6972.11
175,1,22,322,2004,6617.21
175,1,22,322,2005,6538.13
175,1,22,322,2006,6166.29
175,1,22,322,2007,5896.95
175,1,22,322,2008,5677.34
175,1,22,322,2009,5420.77
175,1,22,322,2010,5303.34
175,1,22,322,2011,5259.09
175,1,22,322,2012,5307.35
175,1,22,322,2013,5509.68
175,1,22,322,2014,5450.41
175,1,22,322,2015,5323.04
175,1,22,322,2016,5164.46
175,1,27,322,1990,7251.86
175,1,27,322,1991,7160.89
175,1,27,322,1992,7062.36
175,1,27,322,1993,6986.97
175,1,27,322,1994,6912.6
175,1,27,322,1995,6856.92
175,1,27,322,1996,6734.36
175,1,27,322,1997,6565.22
175,1,27,322,1998,6369.72
175,1,27,322,1999,6092.88
175,1,27,322,2000,5963.01
175,1,27,322,2001,5650.63
175,1,27,322,2002,5584.13
175,1,27,322,2003,5405.25
175,1,27,322,2004,5190.72
175,1,27,322,2005,5118.43
175,1,27,322,2006,4872.51
175,1,27,322,2007,4682.75
175,1,27,322,2008,4520.36
175,1,27,322,2009,4336.08
175,1,27,322,2010,4266.7
175,1,27,322,2011,4154.57
175,1,27,322,2012,4161.34
175,1,27,322,2013,4234.68
175,1,27,322,2014,4197.34
175,1,27,322,2015,4131.05
175,1,27,322,2016,4051.27
175,2,22,322,1990,10059.05
175,2,22,322,1991,9892.85
175,2,22,322,1992,9598.31
175,2,22,322,1993,9288.46
175,2,22,322,1994,9009.07
175,2,22,322,1995,8707.98
175,2,22,322,1996,8419.19
175,2,22,322,1997,8179.43
175,2,22,322,1998,7820.2
175,2,22,322,1999,7529
175,2,22,322,2000,7282.11
175,2,22,322,2001,6943.53
175,2,22,322,2002,6906.86
175,2,22,322,2003,6743.49
175,2,22,322,2004,6426.19
175,2,22,322,2005,6289.66
175,2,22,322,2006,5945.04
175,2,22,322,2007,5719.64
175,2,22,322,2008,5504.55
175,2,22,322,2009,5206.38
175,2,22,322,2010,5054.96
175,2,22,322,2011,5023.32
175,2,22,322,2012,5022.98
175,2,22,322,2013,5024.7
175,2,22,322,2014,4957.51
175,2,22,322,2015,4825.07
175,2,22,322,2016,4663.89
175,2,27,322,1990,7165.7
175,2,27,322,1991,7131.26
175,2,27,322,1992,7056.07
175,2,27,322,1993,6971.31
175,2,27,322,1994,6886.71
175,2,27,322,1995,6773.87
175,2,27,322,1996,6674.81
175,2,27,322,1997,6543.29
175,2,27,322,1998,6351.55
175,2,27,322,1999,6161.52
175,2,27,322,2000,6006.41
175,2,27,322,2001,5744.28
175,2,27,322,2002,5653.68
175,2,27,322,2003,5498
175,2,27,322,2004,5270.69
175,2,27,322,2005,5130.87
175,2,27,322,2006,4879.07
175,2,27,322,2007,4682.5
175,2,27,322,2008,4509.74
175,2,27,322,2009,4309.41
175,2,27,322,2010,4210.21
175,2,27,322,2011,4114.93
175,2,27,322,2012,4089.97
175,2,27,322,2013,4066.61
175,2,27,322,2014,4017.82
175,2,27,322,2015,3938.82
175,2,27,322,2016,3849.08
175,3,22,322,1990,10324.62
175,3,22,322,1991,10119.51
175,3,22,322,1992,9819.63
175,3,22,322,1993,9516.39
175,3,22,322,1994,9233.87
175,3,22,322,1995,8940.59
175,3,22,322,1996,8663.27
175,3,22,322,1997,8391.28
175,3,22,322,1998,8027.98
175,3,22,322,1999,7691.05
175,3,22,322,2000,7450.08
175,3,22,322,2001,7088.15
175,3,22,322,2002,7054.82
175,3,22,322,2003,6856.46
175,3,22,322,2004,6520.61
175,3,22,322,2005,6412.48
175,3,22,322,2006,6054.4
175,3,22,322,2007,5807.25
175,3,22,322,2008,5589.91
175,3,22,322,2009,5312.26
175,3,22,322,2010,5177.61
175,3,22,322,2011,5139.74
175,3,22,322,2012,5163.43
175,3,22,322,2013,5264.31
175,3,22,322,2014,5201.13
175,3,22,322,2015,5071.27
175,3,22,322,2016,4911.42
175,3,27,322,1990,7214.05
175,3,27,322,1991,7152.96
175,3,27,322,1992,7067.74
175,3,27,322,1993,6987.89
175,3,27,322,1994,6908.17
175,3,27,322,1995,6821.71
175,3,27,322,1996,6714.43
175,3,27,322,1997,6565.6
175,3,27,322,1998,6373.1
175,3,27,322,1999,6142.05
175,3,27,322,2000,5998.42
175,3,27,322,2001,5712.36
175,3,27,322,2002,5632.26
175,3,27,322,2003,5463.36
175,3,27,322,2004,5240.45
175,3,27,322,2005,5132.21
175,3,27,322,2006,4882.12
175,3,27,322,2007,4687.28
175,3,27,322,2008,4518.71
175,3,27,322,2009,4326.11
175,3,27,322,2010,4240.9
175,3,27,322,2011,4137.05
175,3,27,322,2012,4127.41
175,3,27,322,2013,4152.44
175,3,27,322,2014,4109.07
175,3,27,322,2015,4036.16
175,3,27,322,2016,3951.15
176,1,22,322,1990,9172.16
176,1,22,322,1991,8764.15
176,1,22,322,1992,8327.62
176,1,22,322,1993,7902.96
176,1,22,322,1994,7568.67
176,1,22,322,1995,7282.03
176,1,22,322,1996,6950.26
176,1,22,322,1997,6682.52
176,1,22,322,1998,6388.68
176,1,22,322,1999,6047.33
176,1,22,322,2000,5811.62
176,1,22,322,2001,5570.76
176,1,22,322,2002,5448.89
176,1,22,322,2003,5311.01
176,1,22,322,2004,5209.43
176,1,22,322,2005,5082.71
176,1,22,322,2006,5100.21
176,1,22,322,2007,5037.37
176,1,22,322,2008,4883.55
176,1,22,322,2009,4612.05
176,1,22,322,2010,4384.3
176,1,22,322,2011,4157.6
176,1,22,322,2012,3881.49
176,1,22,322,2013,3573.44
176,1,22,322,2014,3386.34
176,1,22,322,2015,3149.13
176,1,22,322,2016,2951.28
176,1,27,322,1990,6716.08
176,1,27,322,1991,6551.43
176,1,27,322,1992,6366.94
176,1,27,322,1993,6178.03
176,1,27,322,1994,6032.47
176,1,27,322,1995,5908.86
176,1,27,322,1996,5741.95
176,1,27,322,1997,5610.63
176,1,27,322,1998,5406.25
176,1,27,322,1999,5121.15
176,1,27,322,2000,4946.19
176,1,27,322,2001,4740.74
176,1,27,322,2002,4653.72
176,1,27,322,2003,4527.32
176,1,27,322,2004,4465.63
176,1,27,322,2005,4390.7
176,1,27,322,2006,4428.13
176,1,27,322,2007,4415.07
176,1,27,322,2008,4352.64
176,1,27,322,2009,4206.27
176,1,27,322,2010,4084.33
176,1,27,322,2011,3987.32
176,1,27,322,2012,3844.22
176,1,27,322,2013,3675.53
176,1,27,322,2014,3581.5
176,1,27,322,2015,3445.38
176,1,27,322,2016,3314.86
176,2,22,322,1990,8501.49
176,2,22,322,1991,8109.69
176,2,22,322,1992,7715.56
176,2,22,322,1993,7334.82
176,2,22,322,1994,7061.97
176,2,22,322,1995,6876.16
176,2,22,322,1996,6621.36
176,2,22,322,1997,6453.8
176,2,22,322,1998,6263.49
176,2,22,322,1999,6036.43
176,2,22,322,2000,5839.49
176,2,22,322,2001,5612.54
176,2,22,322,2002,5488.82
176,2,22,322,2003,5362.01
176,2,22,322,2004,5224.25
176,2,22,322,2005,5064.57
176,2,22,322,2006,5072.35
176,2,22,322,2007,4980.36
176,2,22,322,2008,4797.51
176,2,22,322,2009,4496.54
176,2,22,322,2010,4251.01
176,2,22,322,2011,3973.45
176,2,22,322,2012,3658.56
176,2,22,322,2013,3309.4
176,2,22,322,2014,3115.54
176,2,22,322,2015,2852.49
176,2,22,322,2016,2641.29
176,2,27,322,1990,6185.71
176,2,27,322,1991,6020.7
176,2,27,322,1992,5851.54
176,2,27,322,1993,5678.79
176,2,27,322,1994,5564.86
176,2,27,322,1995,5491.22
176,2,27,322,1996,5363.79
176,2,27,322,1997,5276.44
176,2,27,322,1998,5149.78
176,2,27,322,1999,4981.67
176,2,27,322,2000,4834.42
176,2,27,322,2001,4658.97
176,2,27,322,2002,4540.29
176,2,27,322,2003,4441.96
176,2,27,322,2004,4326.81
176,2,27,322,2005,4223.07
176,2,27,322,2006,4235.04
176,2,27,322,2007,4181.05
176,2,27,322,2008,4104
176,2,27,322,2009,3932.64
176,2,27,322,2010,3810.59
176,2,27,322,2011,3670.91
176,2,27,322,2012,3502.3
176,2,27,322,2013,3304.46
176,2,27,322,2014,3204.68
176,2,27,322,2015,3045.74
176,2,27,322,2016,2904.1
176,3,22,322,1990,8837.72
176,3,22,322,1991,8437.91
176,3,22,322,1992,8022.62
176,3,22,322,1993,7619.94
176,3,22,322,1994,7316.35
176,3,22,322,1995,7079.99
176,3,22,322,1996,6786.6
176,3,22,322,1997,6568.75
176,3,22,322,1998,6326.43
176,3,22,322,1999,6041.91
176,3,22,322,2000,5825.47
176,3,22,322,2001,5591.52
176,3,22,322,2002,5468.72
176,3,22,322,2003,5336.34
176,3,22,322,2004,5216.79
176,3,22,322,2005,5073.71
176,3,22,322,2006,5086.38
176,3,22,322,2007,5009.09
176,3,22,322,2008,4840.87
176,3,22,322,2009,4554.76
176,3,22,322,2010,4318.2
176,3,22,322,2011,4066.29
176,3,22,322,2012,3770.96
176,3,22,322,2013,3442.54
176,3,22,322,2014,3252.1
176,3,22,322,2015,3002.09
176,3,22,322,2016,2797.63
176,3,27,322,1990,6445.56
176,3,27,322,1991,6280.87
176,3,27,322,1992,6104.09
176,3,27,322,1993,5923.16
176,3,27,322,1994,5793.4
176,3,27,322,1995,5694.2
176,3,27,322,1996,5546.65
176,3,27,322,1997,5436.42
176,3,27,322,1998,5270.59
176,3,27,322,1999,5044.51
176,3,27,322,2000,4883.03
176,3,27,322,2001,4693.05
176,3,27,322,2002,4588.49
176,3,27,322,2003,4476.66
176,3,27,322,2004,4386.93
176,3,27,322,2005,4297.43
176,3,27,322,2006,4321.47
176,3,27,322,2007,4287.24
176,3,27,322,2008,4218.39
176,3,27,322,2009,4059.87
176,3,27,322,2010,3938.79
176,3,27,322,2011,3821.15
176,3,27,322,2012,3666.07
176,3,27,322,2013,3483.6
176,3,27,322,2014,3387.04
176,3,27,322,2015,3239.83
176,3,27,322,2016,3104.12
177,1,22,322,1990,11498.6
177,1,22,322,1991,11565.6
177,1,22,322,1992,11304.24
177,1,22,322,1993,11010.55
177,1,22,322,1994,10812.52
177,1,22,322,1995,10636.74
177,1,22,322,1996,10481.9
177,1,22,322,1997,10208.79
177,1,22,322,1998,9955.7
177,1,22,322,1999,9622.5
177,1,22,322,2000,9246.78
177,1,22,322,2001,8816.13
177,1,22,322,2002,8434.02
177,1,22,322,2003,8253.98
177,1,22,322,2004,7941.59
177,1,22,322,2005,7572.57
177,1,22,322,2006,7286.41
177,1,22,322,2007,7008.66
177,1,22,322,2008,6725.35
177,1,22,322,2009,6519.44
177,1,22,322,2010,6209.5
177,1,22,322,2011,5926.18
177,1,22,322,2012,5503.18
177,1,22,322,2013,5171.68
177,1,22,322,2014,4826.15
177,1,22,322,2015,4494.84
177,1,22,322,2016,4219.47
177,1,27,322,1990,6914.73
177,1,27,322,1991,6909.38
177,1,27,322,1992,6777.09
177,1,27,322,1993,6648.89
177,1,27,322,1994,6581.03
177,1,27,322,1995,6527.92
177,1,27,322,1996,6490.6
177,1,27,322,1997,6389.58
177,1,27,322,1998,6286.94
177,1,27,322,1999,6122.49
177,1,27,322,2000,5935.02
177,1,27,322,2001,5723.48
177,1,27,322,2002,5545.14
177,1,27,322,2003,5463.6
177,1,27,322,2004,5312.28
177,1,27,322,2005,5134.59
177,1,27,322,2006,4992.45
177,1,27,322,2007,4867.58
177,1,27,322,2008,4732.82
177,1,27,322,2009,4629.47
177,1,27,322,2010,4472.97
177,1,27,322,2011,4329.27
177,1,27,322,2012,4060.19
177,1,27,322,2013,3889.91
177,1,27,322,2014,3707.19
177,1,27,322,2015,3540.76
177,1,27,322,2016,3392.03
177,2,22,322,1990,10189.79
177,2,22,322,1991,10292.04
177,2,22,322,1992,10164.17
177,2,22,322,1993,9917.4
177,2,22,322,1994,9750.22
177,2,22,322,1995,9568.29
177,2,22,322,1996,9330.83
177,2,22,322,1997,9055.4
177,2,22,322,1998,8785.99
177,2,22,322,1999,8511.2
177,2,22,322,2000,8164.56
177,2,22,322,2001,7795.11
177,2,22,322,2002,7460.49
177,2,22,322,2003,7397.4
177,2,22,322,2004,7254.91
177,2,22,322,2005,6895.98
177,2,22,322,2006,6664.19
177,2,22,322,2007,6326.89
177,2,22,322,2008,5961.3
177,2,22,322,2009,5698.76
177,2,22,322,2010,5354.58
177,2,22,322,2011,5017.69
177,2,22,322,2012,4603.11
177,2,22,322,2013,4275.12
177,2,22,322,2014,3885.35
177,2,22,322,2015,3536.13
177,2,22,322,2016,3291.46
177,2,27,322,1990,5877.41
177,2,27,322,1991,5879.14
177,2,27,322,1992,5807.75
177,2,27,322,1993,5700.85
177,2,27,322,1994,5646.29
177,2,27,322,1995,5590.62
177,2,27,322,1996,5518.42
177,2,27,322,1997,5420.01
177,2,27,322,1998,5313.35
177,2,27,322,1999,5185.53
177,2,27,322,2000,5019.02
177,2,27,322,2001,4838.17
177,2,27,322,2002,4678.69
177,2,27,322,2003,4654.97
177,2,27,322,2004,4591.4
177,2,27,322,2005,4417.88
177,2,27,322,2006,4304.03
177,2,27,322,2007,4147.19
177,2,27,322,2008,3971.93
177,2,27,322,2009,3840.39
177,2,27,322,2010,3666.29
177,2,27,322,2011,3495.19
177,2,27,322,2012,3258.75
177,2,27,322,2013,3096.84
177,2,27,322,2014,2900.7
177,2,27,322,2015,2721.78
177,2,27,322,2016,2589.18
177,3,22,322,1990,10848.2
177,3,22,322,1991,10932.62
177,3,22,322,1992,10737.59
177,3,22,322,1993,10467.25
177,3,22,322,1994,10284.58
177,3,22,322,1995,10105.74
177,3,22,322,1996,9909.82
177,3,22,322,1997,9635.52
177,3,22,322,1998,9374.26
177,3,22,322,1999,9070.05
177,3,22,322,2000,8708.75
177,3,22,322,2001,8308.51
177,3,22,322,2002,7950
177,3,22,322,2003,7828.1
177,3,22,322,2004,7600.17
177,3,22,322,2005,7236.17
177,3,22,322,2006,6977.04
177,3,22,322,2007,6669.68
177,3,22,322,2008,6345.46
177,3,22,322,2009,6111.38
177,3,22,322,2010,5784.4
177,3,22,322,2011,5474.41
177,3,22,322,2012,5055.57
177,3,22,322,2013,4725.78
177,3,22,322,2014,4358.21
177,3,22,322,2015,4017.94
177,3,22,322,2016,3757.79
177,3,27,322,1990,6384.07
177,3,27,322,1991,6381.93
177,3,27,322,1992,6279.98
177,3,27,322,1993,6162.67
177,3,27,322,1994,6101.68
177,3,27,322,1995,6047.59
177,3,27,322,1996,5993.53
177,3,27,322,1997,5894.31
177,3,27,322,1998,5790.12
177,3,27,322,1999,5644.37
177,3,27,322,2000,5467.81
177,3,27,322,2001,5271.93
177,3,27,322,2002,5103.22
177,3,27,322,2003,5050.68
177,3,27,322,2004,4943.29
177,3,27,322,2005,4767.91
177,3,27,322,2006,4640.15
177,3,27,322,2007,4499.65
177,3,27,322,2008,4345.17
177,3,27,322,2009,4228.03
177,3,27,322,2010,4062.95
177,3,27,322,2011,3905.79
177,3,27,322,2012,3653.9
177,3,27,322,2013,3488.06
177,3,27,322,2014,3299.09
177,3,27,322,2015,3126.44
177,3,27,322,2016,2985.8
178,1,22,322,1990,10487.89
178,1,22,322,1991,10058.91
178,1,22,322,1992,9567.01
178,1,22,322,1993,9061.61
178,1,22,322,1994,8603.12
178,1,22,322,1995,8237.78
178,1,22,322,1996,7828.1
178,1,22,322,1997,7535.34
178,1,22,322,1998,7258.52
178,1,22,322,1999,6984.35
178,1,22,322,2000,6745.45
178,1,22,322,2001,6627.16
178,1,22,322,2002,6531.56
178,1,22,322,2003,6339.88
178,1,22,322,2004,6339.56
178,1,22,322,2005,6203.55
178,1,22,322,2006,6058.3
178,1,22,322,2007,5892.48
178,1,22,322,2008,5588.8
178,1,22,322,2009,5270.17
178,1,22,322,2010,5082.86
178,1,22,322,2011,4796.01
178,1,22,322,2012,4581.97
178,1,22,322,2013,4321.88
178,1,22,322,2014,4170.63
178,1,22,322,2015,3822.06
178,1,22,322,2016,3579.65
178,1,27,322,1990,7594.89
178,1,27,322,1991,7335.88
178,1,27,322,1992,6979.96
178,1,27,322,1993,6662.34
178,1,27,322,1994,6453.2
178,1,27,322,1995,6308.25
178,1,27,322,1996,6118.77
178,1,27,322,1997,5971.89
178,1,27,322,1998,5827.79
178,1,27,322,1999,5675.5
178,1,27,322,2000,5542.63
178,1,27,322,2001,5467.21
178,1,27,322,2002,5397.58
178,1,27,322,2003,5254.21
178,1,27,322,2004,5210.74
178,1,27,322,2005,5092.02
178,1,27,322,2006,4968.24
178,1,27,322,2007,4853.28
178,1,27,322,2008,4686.41
178,1,27,322,2009,4517.35
178,1,27,322,2010,4439.1
178,1,27,322,2011,4300.51
178,1,27,322,2012,4213.59
178,1,27,322,2013,4100.96
178,1,27,322,2014,4050.43
178,1,27,322,2015,3820.58
178,1,27,322,2016,3692.1
178,2,22,322,1990,7780.57
178,2,22,322,1991,7515.43
178,2,22,322,1992,7216.1
178,2,22,322,1993,6929.31
178,2,22,322,1994,6712.59
178,2,22,322,1995,6557.25
178,2,22,322,1996,6322.85
178,2,22,322,1997,6158.79
178,2,22,322,1998,6001.86
178,2,22,322,1999,5815.94
178,2,22,322,2000,5666.1
178,2,22,322,2001,5609.04
178,2,22,322,2002,5579.88
178,2,22,322,2003,5416.49
178,2,22,322,2004,5468.76
178,2,22,322,2005,5363.37
178,2,22,322,2006,5247.4
178,2,22,322,2007,5122.37
178,2,22,322,2008,4925.57
178,2,22,322,2009,4636.59
178,2,22,322,2010,4484.31
178,2,22,322,2011,4214.06
178,2,22,322,2012,4018.03
178,2,22,322,2013,3783.8
178,2,22,322,2014,3547.62
178,2,22,322,2015,3232.97
178,2,22,322,2016,3008.8
178,2,27,322,1990,5994.46
178,2,27,322,1991,5842.9
178,2,27,322,1992,5654.27
178,2,27,322,1993,5492.42
178,2,27,322,1994,5407.13
178,2,27,322,1995,5349.17
178,2,27,322,1996,5245.85
178,2,27,322,1997,5162.06
178,2,27,322,1998,5076.19
178,2,27,322,1999,4960.64
178,2,27,322,2000,4861.14
178,2,27,322,2001,4805.74
178,2,27,322,2002,4760.82
178,2,27,322,2003,4621.46
178,2,27,322,2004,4602.42
178,2,27,322,2005,4490.42
178,2,27,322,2006,4373.33
178,2,27,322,2007,4270.71
178,2,27,322,2008,4145.3
178,2,27,322,2009,3976.21
178,2,27,322,2010,3900.59
178,2,27,322,2011,3754.99
178,2,27,322,2012,3661.68
178,2,27,322,2013,3547.08
178,2,27,322,2014,3430.58
178,2,27,322,2015,3231.28
178,2,27,322,2016,3102.74
178,3,22,322,1990,9124.83
178,3,22,322,1991,8778.37
178,3,22,322,1992,8383.49
178,3,22,322,1993,7988.23
178,3,22,322,1994,7651.5
178,3,22,322,1995,7391.87
178,3,22,322,1996,7070.54
178,3,22,322,1997,6842.7
178,3,22,322,1998,6626.36
178,3,22,322,1999,6396.79
178,3,22,322,2000,6202.88
178,3,22,322,2001,6115.58
178,3,22,322,2002,6053.58
178,3,22,322,2003,5876.3
178,3,22,322,2004,5902.58
178,3,22,322,2005,5782.14
178,3,22,322,2006,5651.75
178,3,22,322,2007,5506.55
178,3,22,322,2008,5256.58
178,3,22,322,2009,4952.94
178,3,22,322,2010,4783.3
178,3,22,322,2011,4504.9
178,3,22,322,2012,4300.02
178,3,22,322,2013,4053.01
178,3,22,322,2014,3859.47
178,3,22,322,2015,3527.97
178,3,22,322,2016,3294.8
178,3,27,322,1990,6787.89
178,3,27,322,1991,6586.05
178,3,27,322,1992,6321.41
178,3,27,322,1993,6087.01
178,3,27,322,1994,5941.44
178,3,27,322,1995,5839.18
178,3,27,322,1996,5692.63
178,3,27,322,1997,5576.97
178,3,27,322,1998,5461.07
178,3,27,322,1999,5325.21
178,3,27,322,2000,5206.55
178,3,27,322,2001,5138.47
178,3,27,322,2002,5078.81
178,3,27,322,2003,4935.96
178,3,27,322,2004,4903.17
178,3,27,322,2005,4786.42
178,3,27,322,2006,4664.97
178,3,27,322,2007,4555.33
178,3,27,322,2008,4407.94
178,3,27,322,2009,4238.02
178,3,27,322,2010,4159.97
178,3,27,322,2011,4017.13
178,3,27,322,2012,3926.26
178,3,27,322,2013,3811.86
178,3,27,322,2014,3727.95
178,3,27,322,2015,3515.08
178,3,27,322,2016,3386.44
179,1,22,322,1990,11845.74
179,1,22,322,1991,11506.85
179,1,22,322,1992,11224.81
179,1,22,322,1993,11114.08
179,1,22,322,1994,10976.53
179,1,22,322,1995,10773.16
179,1,22,322,1996,10528.85
179,1,22,322,1997,10285.64
179,1,22,322,1998,10037.2
179,1,22,322,1999,9723.14
179,1,22,322,2000,9626.5
179,1,22,322,2001,9477.29
179,1,22,322,2002,9030.25
179,1,22,322,2003,8576.32
179,1,22,322,2004,8126.31
179,1,22,322,2005,7711.71
179,1,22,322,2006,7279.25
179,1,22,322,2007,6854.66
179,1,22,322,2008,6349.36
179,1,22,322,2009,5873.96
179,1,22,322,2010,5364.77
179,1,22,322,2011,4822.54
179,1,22,322,2012,4301.56
179,1,22,322,2013,3862.07
179,1,22,322,2014,3419.65
179,1,22,322,2015,3199.28
179,1,22,322,2016,2970.66
179,1,27,322,1990,8232.87
179,1,27,322,1991,8030.01
179,1,27,322,1992,7860.58
179,1,27,322,1993,7776.03
179,1,27,322,1994,7687.18
179,1,27,322,1995,7587.97
179,1,27,322,1996,7413.35
179,1,27,322,1997,7288.07
179,1,27,322,1998,7132.19
179,1,27,322,1999,6915.2
179,1,27,322,2000,6848.9
179,1,27,322,2001,6716.76
179,1,27,322,2002,6431.19
179,1,27,322,2003,6174.92
179,1,27,322,2004,5926.73
179,1,27,322,2005,5705.09
179,1,27,322,2006,5478.23
179,1,27,322,2007,5241.68
179,1,27,322,2008,4964.36
179,1,27,322,2009,4711.47
179,1,27,322,2010,4430.61
179,1,27,322,2011,4106.38
179,1,27,322,2012,3791.85
179,1,27,322,2013,3527.47
179,1,27,322,2014,3260.49
179,1,27,322,2015,3117.59
179,1,27,322,2016,2970.73
179,2,22,322,1990,10722.8
179,2,22,322,1991,10480.04
179,2,22,322,1992,10293.52
179,2,22,322,1993,10153.34
179,2,22,322,1994,9987.75
179,2,22,322,1995,9687.96
179,2,22,322,1996,9394.61
179,2,22,322,1997,9090.29
179,2,22,322,1998,8783.51
179,2,22,322,1999,8447.48
179,2,22,322,2000,8313.23
179,2,22,322,2001,8156.1
179,2,22,322,2002,7692.81
179,2,22,322,2003,7236.17
179,2,22,322,2004,6847.67
179,2,22,322,2005,6463.18
179,2,22,322,2006,6074.88
179,2,22,322,2007,5735.05
179,2,22,322,2008,5292.92
179,2,22,322,2009,4899.03
179,2,22,322,2010,4472.95
179,2,22,322,2011,4016.69
179,2,22,322,2012,3586.51
179,2,22,322,2013,3166.86
179,2,22,322,2014,2789.72
179,2,22,322,2015,2593.87
179,2,22,322,2016,2399.97
179,2,27,322,1990,7623.63
179,2,27,322,1991,7499.54
179,2,27,322,1992,7426.28
179,2,27,322,1993,7386.15
179,2,27,322,1994,7351.29
179,2,27,322,1995,7226.82
179,2,27,322,1996,7069.81
179,2,27,322,1997,6918.11
179,2,27,322,1998,6753.93
179,2,27,322,1999,6545.98
179,2,27,322,2000,6451.89
179,2,27,322,2001,6293.41
179,2,27,322,2002,5972.99
179,2,27,322,2003,5671.56
179,2,27,322,2004,5425.13
179,2,27,322,2005,5190.87
179,2,27,322,2006,4947.98
179,2,27,322,2007,4731.07
179,2,27,322,2008,4445.23
179,2,27,322,2009,4206.35
179,2,27,322,2010,3952.24
179,2,27,322,2011,3665.54
179,2,27,322,2012,3386.55
179,2,27,322,2013,3111.93
179,2,27,322,2014,2859.31
179,2,27,322,2015,2712.82
179,2,27,322,2016,2572.99
179,3,22,322,1990,11282.64
179,3,22,322,1991,10992.02
179,3,22,322,1992,10757.85
179,3,22,322,1993,10632.29
179,3,22,322,1994,10480.58
179,3,22,322,1995,10228.75
179,3,22,322,1996,9959.8
179,3,22,322,1997,9685.88
179,3,22,322,1998,9408.07
179,3,22,322,1999,9082.95
179,3,22,322,2000,8967.47
179,3,22,322,2001,8814.28
179,3,22,322,2002,8359.19
179,3,22,322,2003,7904.03
179,3,22,322,2004,7485.02
179,3,22,322,2005,7085.64
179,3,22,322,2006,6675.43
179,3,22,322,2007,6293.41
179,3,22,322,2008,5819.84
179,3,22,322,2009,5385.34
179,3,22,322,2010,4917.84
179,3,22,322,2011,4418.72
179,3,22,322,2012,3943.28
179,3,22,322,2013,3513.78
179,3,22,322,2014,3104.1
179,3,22,322,2015,2896.05
179,3,22,322,2016,2684.84
179,3,27,322,1990,7928.57
179,3,27,322,1991,7765.07
179,3,27,322,1992,7643.67
179,3,27,322,1993,7581.46
179,3,27,322,1994,7519.68
179,3,27,322,1995,7408.1
179,3,27,322,1996,7243.26
179,3,27,322,1997,7105.74
179,3,27,322,1998,6947.38
179,3,27,322,1999,6736.61
179,3,27,322,2000,6657.49
179,3,27,322,2001,6512.55
179,3,27,322,2002,6209.94
179,3,27,322,2003,5931.11
179,3,27,322,2004,5683.72
179,3,27,322,2005,5455.71
179,3,27,322,2006,5220.16
179,3,27,322,2007,4992.88
179,3,27,322,2008,4710.26
179,3,27,322,2009,4463.64
179,3,27,322,2010,4195.78
179,3,27,322,2011,3890.15
179,3,27,322,2012,3593.02
179,3,27,322,2013,3323.17
179,3,27,322,2014,3062.62
179,3,27,322,2015,2917.35
179,3,27,322,2016,2773.45
180,1,22,322,1990,8380.23
180,1,22,322,1991,8009.2
180,1,22,322,1992,7723.48
180,1,22,322,1993,7497.08
180,1,22,322,1994,7288.71
180,1,22,322,1995,7153.28
180,1,22,322,1996,6883.68
180,1,22,322,1997,6606.46
180,1,22,322,1998,6334.4
180,1,22,322,1999,6061.4
180,1,22,322,2000,6082.3
180,1,22,322,2001,5629.53
180,1,22,322,2002,5439.97
180,1,22,322,2003,5423.29
180,1,22,322,2004,5238.15
180,1,22,322,2005,5102.46
180,1,22,322,2006,4885.48
180,1,22,322,2007,4701.78
180,1,22,322,2008,4408
180,1,22,322,2009,4266.53
180,1,22,322,2010,4247.88
180,1,22,322,2011,4032.15
180,1,22,322,2012,3799.66
180,1,22,322,2013,3609.25
180,1,22,322,2014,3363.71
180,1,22,322,2015,3170.05
180,1,22,322,2016,3057.44
180,1,27,322,1990,5136.05
180,1,27,322,1991,5049.61
180,1,27,322,1992,5016.81
180,1,27,322,1993,4983.73
180,1,27,322,1994,4922.68
180,1,27,322,1995,4888.97
180,1,27,322,1996,4810.18
180,1,27,322,1997,4706.31
180,1,27,322,1998,4623.13
180,1,27,322,1999,4475.31
180,1,27,322,2000,4514.57
180,1,27,322,2001,4272.23
180,1,27,322,2002,4192.17
180,1,27,322,2003,4215.6
180,1,27,322,2004,4127.17
180,1,27,322,2005,4054.92
180,1,27,322,2006,3944.29
180,1,27,322,2007,3853.23
180,1,27,322,2008,3702.45
180,1,27,322,2009,3635.63
180,1,27,322,2010,3638.24
180,1,27,322,2011,3484.62
180,1,27,322,2012,3376.98
180,1,27,322,2013,3280.1
180,1,27,322,2014,3157.09
180,1,27,322,2015,3059.12
180,1,27,322,2016,3010.88
180,2,22,322,1990,7602.76
180,2,22,322,1991,7284.71
180,2,22,322,1992,7024.7
180,2,22,322,1993,6798.36
180,2,22,322,1994,6608.14
180,2,22,322,1995,6478.03
180,2,22,322,1996,6206.74
180,2,22,322,1997,5952.66
180,2,22,322,1998,5657.26
180,2,22,322,1999,5410.65
180,2,22,322,2000,5421.57
180,2,22,322,2001,5037.92
180,2,22,322,2002,4841.13
180,2,22,322,2003,4840.53
180,2,22,322,2004,4650.37
180,2,22,322,2005,4505.17
180,2,22,322,2006,4291.19
180,2,22,322,2007,4146.52
180,2,22,322,2008,3871.44
180,2,22,322,2009,3737.15
180,2,22,322,2010,3737.91
180,2,22,322,2011,3559.74
180,2,22,322,2012,3314.94
180,2,22,322,2013,3117.64
180,2,22,322,2014,2822.67
180,2,22,322,2015,2619.59
180,2,22,322,2016,2508.86
180,2,27,322,1990,4944.74
180,2,27,322,1991,4843.77
180,2,27,322,1992,4787.55
180,2,27,322,1993,4722.9
180,2,27,322,1994,4671.71
180,2,27,322,1995,4625.72
180,2,27,322,1996,4490.26
180,2,27,322,1997,4388.82
180,2,27,322,1998,4236.66
180,2,27,322,1999,4080.64
180,2,27,322,2000,4079.05
180,2,27,322,2001,3854.5
180,2,27,322,2002,3751.42
180,2,27,322,2003,3757.64
180,2,27,322,2004,3638.61
180,2,27,322,2005,3537.54
180,2,27,322,2006,3403.79
180,2,27,322,2007,3327.98
180,2,27,322,2008,3182
180,2,27,322,2009,3112.28
180,2,27,322,2010,3127.33
180,2,27,322,2011,3000.82
180,2,27,322,2012,2869.86
180,2,27,322,2013,2769.36
180,2,27,322,2014,2607.08
180,2,27,322,2015,2496.16
180,2,27,322,2016,2448.97
180,3,22,322,1990,7990.18
180,3,22,322,1991,7645.71
180,3,22,322,1992,7372.87
180,3,22,322,1993,7146.48
180,3,22,322,1994,6947.21
180,3,22,322,1995,6814.45
180,3,22,322,1996,6544.03
180,3,22,322,1997,6278.45
180,3,22,322,1998,5994.74
180,3,22,322,1999,5735.04
180,3,22,322,2000,5751.04
180,3,22,322,2001,5333.05
180,3,22,322,2002,5140.02
180,3,22,322,2003,5131.54
180,3,22,322,2004,4944.02
180,3,22,322,2005,4803.69
180,3,22,322,2006,4588.26
180,3,22,322,2007,4424.11
180,3,22,322,2008,4139.69
180,3,22,322,2009,4001.82
180,3,22,322,2010,3992.88
180,3,22,322,2011,3795.94
180,3,22,322,2012,3557.29
180,3,22,322,2013,3363.45
180,3,22,322,2014,3093.18
180,3,22,322,2015,2894.79
180,3,22,322,2016,2783.08
180,3,27,322,1990,5043.63
180,3,27,322,1991,4949.31
180,3,27,322,1992,4904.35
180,3,27,322,1993,4855.1
180,3,27,322,1994,4799.17
180,3,27,322,1995,4759.15
180,3,27,322,1996,4650.98
180,3,27,322,1997,4548.31
180,3,27,322,1998,4429.54
180,3,27,322,1999,4277.06
180,3,27,322,2000,4295.02
180,3,27,322,2001,4061.1
180,3,27,322,2002,3969.29
180,3,27,322,2003,3983.53
180,3,27,322,2004,3879.14
180,3,27,322,2005,3791.73
180,3,27,322,2006,3668.8
180,3,27,322,2007,3585.18
180,3,27,322,2008,3436.68
180,3,27,322,2009,3368.24
180,3,27,322,2010,3377.11
180,3,27,322,2011,3237.15
180,3,27,322,2012,3117.32
180,3,27,322,2013,3018.73
180,3,27,322,2014,2876.01
180,3,27,322,2015,2771.5
180,3,27,322,2016,2724.09
181,1,22,322,1990,10962.98
181,1,22,322,1991,10812.72
181,1,22,322,1992,10686.14
181,1,22,322,1993,10943.17
181,1,22,322,1994,10860.12
181,1,22,322,1995,10452.99
181,1,22,322,1996,9966.46
181,1,22,322,1997,9467.54
181,1,22,322,1998,9036.03
181,1,22,322,1999,8537.33
181,1,22,322,2000,8131.4
181,1,22,322,2001,7685.87
181,1,22,322,2002,7316.24
181,1,22,322,2003,6900.99
181,1,22,322,2004,6498.39
181,1,22,322,2005,6333.11
181,1,22,322,2006,6099.08
181,1,22,322,2007,5913.16
181,1,22,322,2008,5785.35
181,1,22,322,2009,5813.8
181,1,22,322,2010,5756.46
181,1,22,322,2011,5685.29
181,1,22,322,2012,5419.73
181,1,22,322,2013,5202.85
181,1,22,322,2014,5237.17
181,1,22,322,2015,5104.39
181,1,22,322,2016,4925.99
181,1,27,322,1990,6962.9
181,1,27,322,1991,6893.16
181,1,27,322,1992,6845
181,1,27,322,1993,7021.69
181,1,27,322,1994,6970.31
181,1,27,322,1995,6788.23
181,1,27,322,1996,6590.86
181,1,27,322,1997,6368.73
181,1,27,322,1998,6193.71
181,1,27,322,1999,5949.24
181,1,27,322,2000,5746.05
181,1,27,322,2001,5527.52
181,1,27,322,2002,5370.39
181,1,27,322,2003,5198.17
181,1,27,322,2004,5003.64
181,1,27,322,2005,4918.94
181,1,27,322,2006,4802.07
181,1,27,322,2007,4707.37
181,1,27,322,2008,4666.52
181,1,27,322,2009,4713.65
181,1,27,322,2010,4711.73
181,1,27,322,2011,4689.5
181,1,27,322,2012,4494.05
181,1,27,322,2013,4388.91
181,1,27,322,2014,4417.73
181,1,27,322,2015,4352.84
181,1,27,322,2016,4253.19
181,2,22,322,1990,9881.87
181,2,22,322,1991,9692.76
181,2,22,322,1992,9510.97
181,2,22,322,1993,9705.98
181,2,22,322,1994,9639.43
181,2,22,322,1995,9238.25
181,2,22,322,1996,8773.06
181,2,22,322,1997,8339.53
181,2,22,322,1998,7942.61
181,2,22,322,1999,7594.15
181,2,22,322,2000,7298.39
181,2,22,322,2001,6940.63
181,2,22,322,2002,6653.84
181,2,22,322,2003,6324.53
181,2,22,322,2004,6008
181,2,22,322,2005,5925.01
181,2,22,322,2006,5747.2
181,2,22,322,2007,5646.09
181,2,22,322,2008,5630.39
181,2,22,322,2009,5694.8
181,2,22,322,2010,5623.96
181,2,22,322,2011,5581.23
181,2,22,322,2012,5304.02
181,2,22,322,2013,5050.56
181,2,22,322,2014,4989.26
181,2,22,322,2015,4816.84
181,2,22,322,2016,4598.85
181,2,27,322,1990,6246.89
181,2,27,322,1991,6171.54
181,2,27,322,1992,6115.07
181,2,27,322,1993,6247.57
181,2,27,322,1994,6209.71
181,2,27,322,1995,6038.27
181,2,27,322,1996,5831.92
181,2,27,322,1997,5654.21
181,2,27,322,1998,5481.81
181,2,27,322,1999,5297.58
181,2,27,322,2000,5156.38
181,2,27,322,2001,4969.93
181,2,27,322,2002,4847.13
181,2,27,322,2003,4688.35
181,2,27,322,2004,4532.03
181,2,27,322,2005,4478.32
181,2,27,322,2006,4386.88
181,2,27,322,2007,4339.08
181,2,27,322,2008,4348.58
181,2,27,322,2009,4406.6
181,2,27,322,2010,4392.63
181,2,27,322,2011,4381.46
181,2,27,322,2012,4195.32
181,2,27,322,2013,4060.76
181,2,27,322,2014,4030.26
181,2,27,322,2015,3933.4
181,2,27,322,2016,3800.31
181,3,22,322,1990,10421.48
181,3,22,322,1991,10251.54
181,3,22,322,1992,10097.07
181,3,22,322,1993,10322.81
181,3,22,322,1994,10247.85
181,3,22,322,1995,9843.53
181,3,22,322,1996,9367.56
181,3,22,322,1997,8901.33
181,3,22,322,1998,8487.08
181,3,22,322,1999,8063.73
181,3,22,322,2000,7713.07
181,3,22,322,2001,7311.6
181,3,22,322,2002,6983.57
181,3,22,322,2003,6611.47
181,3,22,322,2004,6252.1
181,3,22,322,2005,6128.16
181,3,22,322,2006,5922.37
181,3,22,322,2007,5779.05
181,3,22,322,2008,5707.54
181,3,22,322,2009,5754.05
181,3,22,322,2010,5689.94
181,3,22,322,2011,5633.05
181,3,22,322,2012,5361.66
181,3,22,322,2013,5126.43
181,3,22,322,2014,5112.79
181,3,22,322,2015,4960.14
181,3,22,322,2016,4761.9
181,3,27,322,1990,6602.96
181,3,27,322,1991,6530.34
181,3,27,322,1992,6477.95
181,3,27,322,1993,6632.51
181,3,27,322,1994,6588.17
181,3,27,322,1995,6411.51
181,3,27,322,1996,6209.64
181,3,27,322,1997,6009.86
181,3,27,322,1998,5836.11
181,3,27,322,1999,5621.8
181,3,27,322,2000,5449.98
181,3,27,322,2001,5247.41
181,3,27,322,2002,5107.39
181,3,27,322,2003,4941.37
181,3,27,322,2004,4765.77
181,3,27,322,2005,4696.3
181,3,27,322,2006,4591.77
181,3,27,322,2007,4520.24
181,3,27,322,2008,4503.94
181,3,27,322,2009,4555.96
181,3,27,322,2010,4547.67
181,3,27,322,2011,4530.33
181,3,27,322,2012,4339.62
181,3,27,322,2013,4219.33
181,3,27,322,2014,4218.16
181,3,27,322,2015,4136.87
181,3,27,322,2016,4020.11
182,1,22,322,1990,13483.95
182,1,22,322,1991,13185.07
182,1,22,322,1992,12970.56
182,1,22,322,1993,12651.32
182,1,22,322,1994,12595.09
182,1,22,322,1995,12520.41
182,1,22,322,1996,12607.36
182,1,22,322,1997,12711.17
182,1,22,322,1998,12766.85
182,1,22,322,1999,12708.45
182,1,22,322,2000,12750.08
182,1,22,322,2001,11776.01
182,1,22,322,2002,10380.27
182,1,22,322,2003,9945.03
182,1,22,322,2004,9394.87
182,1,22,322,2005,8786.63
182,1,22,322,2006,8262.9
182,1,22,322,2007,7739.02
182,1,22,322,2008,7253.46
182,1,22,322,2009,7036.36
182,1,22,322,2010,7111.71
182,1,22,322,2011,6819.98
182,1,22,322,2012,6577.66
182,1,22,322,2013,6132.45
182,1,22,322,2014,5602.92
182,1,22,322,2015,5197.87
182,1,22,322,2016,4804.5
182,1,27,322,1990,7651.26
182,1,27,322,1991,7455.56
182,1,27,322,1992,7399.83
182,1,27,322,1993,7290.77
182,1,27,322,1994,7385.42
182,1,27,322,1995,7431.92
182,1,27,322,1996,7586.22
182,1,27,322,1997,7735.12
182,1,27,322,1998,7889.01
182,1,27,322,1999,7922.24
182,1,27,322,2000,7953.62
182,1,27,322,2001,7470.82
182,1,27,322,2002,6810.24
182,1,27,322,2003,6632.89
182,1,27,322,2004,6408.89
182,1,27,322,2005,6120.17
182,1,27,322,2006,5891.13
182,1,27,322,2007,5648.85
182,1,27,322,2008,5423.83
182,1,27,322,2009,5303.56
182,1,27,322,2010,5326.41
182,1,27,322,2011,5079.03
182,1,27,322,2012,4926.07
182,1,27,322,2013,4677.29
182,1,27,322,2014,4414.99
182,1,27,322,2015,4225.73
182,1,27,322,2016,4039.62
182,2,22,322,1990,14438.9
182,2,22,322,1991,14215.76
182,2,22,322,1992,13859.96
182,2,22,322,1993,13427.7
182,2,22,322,1994,13166.45
182,2,22,322,1995,12935.54
182,2,22,322,1996,12676.14
182,2,22,322,1997,12490.24
182,2,22,322,1998,12238.95
182,2,22,322,1999,12091.1
182,2,22,322,2000,12016.38
182,2,22,322,2001,11043.76
182,2,22,322,2002,9774.18
182,2,22,322,2003,9359.21
182,2,22,322,2004,8829.79
182,2,22,322,2005,8127.42
182,2,22,322,2006,7506.53
182,2,22,322,2007,6954.07
182,2,22,322,2008,6436.2
182,2,22,322,2009,6224.26
182,2,22,322,2010,6330.21
182,2,22,322,2011,6086.13
182,2,22,322,2012,5759.92
182,2,22,322,2013,5327.71
182,2,22,322,2014,4825.3
182,2,22,322,2015,4406.91
182,2,22,322,2016,4029.93
182,2,27,322,1990,8508.77
182,2,27,322,1991,8332.65
182,2,27,322,1992,8167.06
182,2,27,322,1993,7970.43
182,2,27,322,1994,7904.02
182,2,27,322,1995,7830.37
182,2,27,322,1996,7767.85
182,2,27,322,1997,7696.1
182,2,27,322,1998,7617.75
182,2,27,322,1999,7542.54
182,2,27,322,2000,7454
182,2,27,322,2001,6904.85
182,2,27,322,2002,6232.84
182,2,27,322,2003,6002.11
182,2,27,322,2004,5705.16
182,2,27,322,2005,5300.22
182,2,27,322,2006,4953.04
182,2,27,322,2007,4641.44
182,2,27,322,2008,4372.59
182,2,27,322,2009,4260.07
182,2,27,322,2010,4314.11
182,2,27,322,2011,4134.1
182,2,27,322,2012,3960.08
182,2,27,322,2013,3752.28
182,2,27,322,2014,3511.28
182,2,27,322,2015,3314.05
182,2,27,322,2016,3135.04
182,3,22,322,1990,13969.73
182,3,22,322,1991,13708.74
182,3,22,322,1992,13421.75
182,3,22,322,1993,13044.51
182,3,22,322,1994,12883.99
182,3,22,322,1995,12730.07
182,3,22,322,1996,12642.08
182,3,22,322,1997,12599.68
182,3,22,322,1998,12500.51
182,3,22,322,1999,12397.04
182,3,22,322,2000,12380.1
182,3,22,322,2001,11406.97
182,3,22,322,2002,10075.02
182,3,22,322,2003,9650.2
182,3,22,322,2004,9110.67
182,3,22,322,2005,8455.27
182,3,22,322,2006,7882.84
182,3,22,322,2007,7344.71
182,3,22,322,2008,6843.01
182,3,22,322,2009,6628.58
182,3,22,322,2010,6719.41
182,3,22,322,2011,6451.76
182,3,22,322,2012,6167.51
182,3,22,322,2013,5728.98
182,3,22,322,2014,5213.21
182,3,22,322,2015,4801.64
182,3,22,322,2016,4416.58
182,3,27,322,1990,8094.72
182,3,27,322,1991,7907.88
182,3,27,322,1992,7794.9
182,3,27,322,1993,7640.46
182,3,27,322,1994,7651.8
182,3,27,322,1995,7636.16
182,3,27,322,1996,7680.69
182,3,27,322,1997,7716.78
182,3,27,322,1998,7752.14
182,3,27,322,1999,7729.02
182,3,27,322,2000,7698.04
182,3,27,322,2001,7179.98
182,3,27,322,2002,6511.66
182,3,27,322,2003,6305.57
182,3,27,322,2004,6042.1
182,3,27,322,2005,5692.45
182,3,27,322,2006,5401.38
182,3,27,322,2007,5121.88
182,3,27,322,2008,4873.73
182,3,27,322,2009,4757.42
182,3,27,322,2010,4796.11
182,3,27,322,2011,4583.75
182,3,27,322,2012,4421.14
182,3,27,322,2013,4194.55
182,3,27,322,2014,3943.51
182,3,27,322,2015,3750.61
182,3,27,322,2016,3568.39
183,1,22,322,1990,1060.49
183,1,22,322,1991,1044.83
183,1,22,322,1992,1035.66
183,1,22,322,1993,1044.55
183,1,22,322,1994,1028.25
183,1,22,322,1995,1004.75
183,1,22,322,1996,986.85
183,1,22,322,1997,957.37
183,1,22,322,1998,900.64
183,1,22,322,1999,857.87
183,1,22,322,2000,803.14
183,1,22,322,2001,761.82
183,1,22,322,2002,734.98
183,1,22,322,2003,710.45
183,1,22,322,2004,687.78
183,1,22,322,2005,669.06
183,1,22,322,2006,658.18
183,1,22,322,2007,646.31
183,1,22,322,2008,639.75
183,1,22,322,2009,643.76
183,1,22,322,2010,638.35
183,1,22,322,2011,624.32
183,1,22,322,2012,609.26
183,1,22,322,2013,604.72
183,1,22,322,2014,602.88
183,1,22,322,2015,600.61
183,1,22,322,2016,600.65
183,1,27,322,1990,1638.91
183,1,27,322,1991,1599.04
183,1,27,322,1992,1561.41
183,1,27,322,1993,1541.21
183,1,27,322,1994,1506.36
183,1,27,322,1995,1463.72
183,1,27,322,1996,1408.97
183,1,27,322,1997,1343.26
183,1,27,322,1998,1240.41
183,1,27,322,1999,1154.89
183,1,27,322,2000,1069.64
183,1,27,322,2001,1007.59
183,1,27,322,2002,962.04
183,1,27,322,2003,921.47
183,1,27,322,2004,883.45
183,1,27,322,2005,852.91
183,1,27,322,2006,829.4
183,1,27,322,2007,803.83
183,1,27,322,2008,786.51
183,1,27,322,2009,784.08
183,1,27,322,2010,770.46
183,1,27,322,2011,747.85
183,1,27,322,2012,726.05
183,1,27,322,2013,716.01
183,1,27,322,2014,704.79
183,1,27,322,2015,692.03
183,1,27,322,2016,680.32
183,2,22,322,1990,700.03
183,2,22,322,1991,683.57
183,2,22,322,1992,679.07
183,2,22,322,1993,662.02
183,2,22,322,1994,629.34
183,2,22,322,1995,590.05
183,2,22,322,1996,551
183,2,22,322,1997,525.15
183,2,22,322,1998,490.25
183,2,22,322,1999,474.7
183,2,22,322,2000,454.96
183,2,22,322,2001,430.47
183,2,22,322,2002,411.8
183,2,22,322,2003,396.05
183,2,22,322,2004,379.31
183,2,22,322,2005,362.58
183,2,22,322,2006,349.58
183,2,22,322,2007,336.18
183,2,22,322,2008,329.77
183,2,22,322,2009,329.96
183,2,22,322,2010,327.61
183,2,22,322,2011,324.16
183,2,22,322,2012,320.29
183,2,22,322,2013,319.37
183,2,22,322,2014,321.03
183,2,22,322,2015,318.58
183,2,22,322,2016,314.58
183,2,27,322,1990,864.45
183,2,27,322,1991,840.18
183,2,27,322,1992,823.67
183,2,27,322,1993,799.17
183,2,27,322,1994,761.01
183,2,27,322,1995,713.98
183,2,27,322,1996,666.81
183,2,27,322,1997,636.16
183,2,27,322,1998,593.5
183,2,27,322,1999,569.97
183,2,27,322,2000,544.79
183,2,27,322,2001,515.66
183,2,27,322,2002,491.24
183,2,27,322,2003,469.56
183,2,27,322,2004,447.94
183,2,27,322,2005,426.65
183,2,27,322,2006,410.39
183,2,27,322,2007,394.01
183,2,27,322,2008,386.18
183,2,27,322,2009,386.05
183,2,27,322,2010,381.58
183,2,27,322,2011,376.44
183,2,27,322,2012,368.41
183,2,27,322,2013,361.89
183,2,27,322,2014,357.25
183,2,27,322,2015,350
183,2,27,322,2016,340.63
183,3,22,322,1990,879.87
183,3,22,322,1991,863.93
183,3,22,322,1992,857.12
183,3,22,322,1993,852.97
183,3,22,322,1994,828.36
183,3,22,322,1995,796.81
183,3,22,322,1996,768.06
183,3,22,322,1997,740.15
183,3,22,322,1998,694.17
183,3,22,322,1999,664.9
183,3,22,322,2000,627.64
183,3,22,322,2001,594.74
183,3,22,322,2002,571.98
183,3,22,322,2003,551.86
183,3,22,322,2004,532.17
183,3,22,322,2005,514.46
183,3,22,322,2006,502.51
183,3,22,322,2007,489.87
183,3,22,322,2008,483.41
183,3,22,322,2009,485.5
183,3,22,322,2010,481.59
183,3,22,322,2011,472.85
183,3,22,322,2012,463.35
183,3,22,322,2013,460.51
183,3,22,322,2014,460.33
183,3,22,322,2015,457.86
183,3,22,322,2016,455.75
183,3,27,322,1990,1187.84
183,3,27,322,1991,1158.06
183,3,27,322,1992,1133.06
183,3,27,322,1993,1113.63
183,3,27,322,1994,1078.1
183,3,27,322,1995,1033.8
183,3,27,322,1996,987.74
183,3,27,322,1997,945.28
183,3,27,322,1998,879.53
183,3,27,322,1999,830.51
183,3,27,322,2000,778.99
183,3,27,322,2001,735.5
183,3,27,322,2002,702.3
183,3,27,322,2003,672.18
183,3,27,322,2004,643.31
183,3,27,322,2005,618.44
183,3,27,322,2006,599.91
183,3,27,322,2007,580.44
183,3,27,322,2008,568.75
183,3,27,322,2009,568.67
183,3,27,322,2010,560.5
183,3,27,322,2011,547.32
183,3,27,322,2012,532.54
183,3,27,322,2013,524.18
183,3,27,322,2014,516.14
183,3,27,322,2015,506.04
183,3,27,322,2016,495.63
184,1,22,322,1990,12177.48
184,1,22,322,1991,11844.19
184,1,22,322,1992,11717.51
184,1,22,322,1993,11567.76
184,1,22,322,1994,11346.94
184,1,22,322,1995,11113.1
184,1,22,322,1996,10768.19
184,1,22,322,1997,10385.3
184,1,22,322,1998,9980.38
184,1,22,322,1999,9551.27
184,1,22,322,2000,9222.12
184,1,22,322,2001,8645.26
184,1,22,322,2002,8199.01
184,1,22,322,2003,7757.52
184,1,22,322,2004,7497.31
184,1,22,322,2005,7360.22
184,1,22,322,2006,7269.37
184,1,22,322,2007,7083.05
184,1,22,322,2008,7023.15
184,1,22,322,2009,6486.06
184,1,22,322,2010,6004.57
184,1,22,322,2011,5531.35
184,1,22,322,2012,5255.31
184,1,22,322,2013,4886.19
184,1,22,322,2014,4671.73
184,1,22,322,2015,4516.4
184,1,22,322,2016,4197.97
184,1,27,322,1990,7678.9
184,1,27,322,1991,7505.05
184,1,27,322,1992,7424.84
184,1,27,322,1993,7353.3
184,1,27,322,1994,7181.98
184,1,27,322,1995,7013.93
184,1,27,322,1996,6816.12
184,1,27,322,1997,6609.96
184,1,27,322,1998,6367.27
184,1,27,322,1999,6127.07
184,1,27,322,2000,5964.43
184,1,27,322,2001,5633.48
184,1,27,322,2002,5424.2
184,1,27,322,2003,5190.03
184,1,27,322,2004,5057.8
184,1,27,322,2005,4998.73
184,1,27,322,2006,4956.42
184,1,27,322,2007,4875.03
184,1,27,322,2008,4836.12
184,1,27,322,2009,4587.61
184,1,27,322,2010,4372.53
184,1,27,322,2011,4151.68
184,1,27,322,2012,4025.29
184,1,27,322,2013,3792.64
184,1,27,322,2014,3692.63
184,1,27,322,2015,3624.42
184,1,27,322,2016,3467.56
184,2,22,322,1990,10835.47
184,2,22,322,1991,10534.51
184,2,22,322,1992,10393.8
184,2,22,322,1993,10250.16
184,2,22,322,1994,10048.57
184,2,22,322,1995,9885.65
184,2,22,322,1996,9557.48
184,2,22,322,1997,9187.53
184,2,22,322,1998,8753.7
184,2,22,322,1999,8368.92
184,2,22,322,2000,8008.11
184,2,22,322,2001,7449.46
184,2,22,322,2002,7016.87
184,2,22,322,2003,6643.05
184,2,22,322,2004,6413.35
184,2,22,322,2005,6276.96
184,2,22,322,2006,6175.74
184,2,22,322,2007,6047.11
184,2,22,322,2008,6028.72
184,2,22,322,2009,5601.3
184,2,22,322,2010,5186.71
184,2,22,322,2011,4775.87
184,2,22,322,2012,4494.62
184,2,22,322,2013,4198.64
184,2,22,322,2014,4025.01
184,2,22,322,2015,3864.68
184,2,22,322,2016,3572.29
184,2,27,322,1990,6979.12
184,2,27,322,1991,6847.05
184,2,27,322,1992,6777.76
184,2,27,322,1993,6683.54
184,2,27,322,1994,6539.88
184,2,27,322,1995,6402.62
184,2,27,322,1996,6186.06
184,2,27,322,1997,5955.09
184,2,27,322,1998,5648.55
184,2,27,322,1999,5379.23
184,2,27,322,2000,5137.79
184,2,27,322,2001,4760.85
184,2,27,322,2002,4499.73
184,2,27,322,2003,4259.37
184,2,27,322,2004,4103.94
184,2,27,322,2005,4006.97
184,2,27,322,2006,3916.22
184,2,27,322,2007,3839.35
184,2,27,322,2008,3808.75
184,2,27,322,2009,3590.64
184,2,27,322,2010,3387.26
184,2,27,322,2011,3180.37
184,2,27,322,2012,3045.73
184,2,27,322,2013,2889.4
184,2,27,322,2014,2843.16
184,2,27,322,2015,2809.98
184,2,27,322,2016,2680.68
184,3,22,322,1990,11477.15
184,3,22,322,1991,11159.63
184,3,22,322,1992,11025.1
184,3,22,322,1993,10878.49
184,3,22,322,1994,10667.93
184,3,22,322,1995,10471.5
184,3,22,322,1996,10135.93
184,3,22,322,1997,9760.4
184,3,22,322,1998,9341.05
184,3,22,322,1999,8935.72
184,3,22,322,2000,8590.84
184,3,22,322,2001,8024.23
184,3,22,322,2002,7585.93
184,3,22,322,2003,7180.37
184,3,22,322,2004,6936.74
184,3,22,322,2005,6800.73
184,3,22,322,2006,6705.17
184,3,22,322,2007,6549.2
184,3,22,322,2008,6511.23
184,3,22,322,2009,6031.07
184,3,22,322,2010,5584.39
184,3,22,322,2011,5143.6
184,3,22,322,2012,4865.26
184,3,22,322,2013,4533.98
184,3,22,322,2014,4340.74
184,3,22,322,2015,4183.16
184,3,22,322,2016,3878.34
184,3,27,322,1990,7281.59
184,3,27,322,1991,7130.52
184,3,27,322,1992,7057.44
184,3,27,322,1993,6973.5
184,3,27,322,1994,6819.18
184,3,27,322,1995,6667.93
184,3,27,322,1996,6461.22
184,3,27,322,1997,6242.84
184,3,27,322,1998,5966.68
184,3,27,322,1999,5710.03
184,3,27,322,2000,5505.24
184,3,27,322,2001,5149.54
184,3,27,322,2002,4912.23
184,3,27,322,2003,4673.9
184,3,27,322,2004,4528.54
184,3,27,322,2005,4448.63
184,3,27,322,2006,4379.68
184,3,27,322,2007,4299.93
184,3,27,322,2008,4264.83
184,3,27,322,2009,4031.71
184,3,27,322,2010,3822.66
184,3,27,322,2011,3609.36
184,3,27,322,2012,3479.76
184,3,27,322,2013,3289.6
184,3,27,322,2014,3220.14
184,3,27,322,2015,3173.69
184,3,27,322,2016,3033.51
185,1,22,322,1990,14028.66
185,1,22,322,1991,14541.29
185,1,22,322,1992,14617.84
185,1,22,322,1993,14436.51
185,1,22,322,1994,14677.76
185,1,22,322,1995,14430.82
185,1,22,322,1996,14001.4
185,1,22,322,1997,13558.04
185,1,22,322,1998,13064.88
185,1,22,322,1999,12433.72
185,1,22,322,2000,11866.84
185,1,22,322,2001,11150.27
185,1,22,322,2002,10366.43
185,1,22,322,2003,9931.8
185,1,22,322,2004,9914.12
185,1,22,322,2005,9184.28
185,1,22,322,2006,8364.44
185,1,22,322,2007,7561.62
185,1,22,322,2008,6759.59
185,1,22,322,2009,5946.14
185,1,22,322,2010,5406.02
185,1,22,322,2011,4981.2
185,1,22,322,2012,4733.81
185,1,22,322,2013,4419.32
185,1,22,322,2014,4240.29
185,1,22,322,2015,4012.61
185,1,22,322,2016,3820.59
185,1,27,322,1990,8165.77
185,1,27,322,1991,8456.37
185,1,27,322,1992,8570.07
185,1,27,322,1993,8559.57
185,1,27,322,1994,8897.41
185,1,27,322,1995,8976.57
185,1,27,322,1996,8914.03
185,1,27,322,1997,8863.52
185,1,27,322,1998,8655.01
185,1,27,322,1999,8244.44
185,1,27,322,2000,7850.04
185,1,27,322,2001,7307.88
185,1,27,322,2002,6786.85
185,1,27,322,2003,6464.4
185,1,27,322,2004,6391.51
185,1,27,322,2005,5982.87
185,1,27,322,2006,5585.53
185,1,27,322,2007,5195.82
185,1,27,322,2008,4798.7
185,1,27,322,2009,4322.73
185,1,27,322,2010,4064.76
185,1,27,322,2011,3863.14
185,1,27,322,2012,3759.69
185,1,27,322,2013,3624.54
185,1,27,322,2014,3554.97
185,1,27,322,2015,3452.94
185,1,27,322,2016,3365.94
185,2,22,322,1990,12896.19
185,2,22,322,1991,13451.25
185,2,22,322,1992,13340.31
185,2,22,322,1993,12983.2
185,2,22,322,1994,13117.13
185,2,22,322,1995,12810.51
185,2,22,322,1996,12327.95
185,2,22,322,1997,11787.19
185,2,22,322,1998,11361.97
185,2,22,322,1999,10757.64
185,2,22,322,2000,10289.72
185,2,22,322,2001,9599.42
185,2,22,322,2002,8971.68
185,2,22,322,2003,8584.13
185,2,22,322,2004,8669.11
185,2,22,322,2005,8022.85
185,2,22,322,2006,7275.12
185,2,22,322,2007,6549.4
185,2,22,322,2008,5832.53
185,2,22,322,2009,5108.42
185,2,22,322,2010,4623.53
185,2,22,322,2011,4226.67
185,2,22,322,2012,3912.08
185,2,22,322,2013,3657.18
185,2,22,322,2014,3487.51
185,2,22,322,2015,3266.72
185,2,22,322,2016,3083.6
185,2,27,322,1990,8060.34
185,2,27,322,1991,8370.82
185,2,27,322,1992,8297.77
185,2,27,322,1993,8133.52
185,2,27,322,1994,8422.19
185,2,27,322,1995,8389.68
185,2,27,322,1996,8250.29
185,2,27,322,1997,8092.05
185,2,27,322,1998,7913.83
185,2,27,322,1999,7580.37
185,2,27,322,2000,7271.09
185,2,27,322,2001,6777.48
185,2,27,322,2002,6305.08
185,2,27,322,2003,5993.84
185,2,27,322,2004,5955.26
185,2,27,322,2005,5540.91
185,2,27,322,2006,5125.06
185,2,27,322,2007,4721.08
185,2,27,322,2008,4339.66
185,2,27,322,2009,3912.14
185,2,27,322,2010,3675.15
185,2,27,322,2011,3474.91
185,2,27,322,2012,3312.51
185,2,27,322,2013,3194.64
185,2,27,322,2014,3114.56
185,2,27,322,2015,2998.77
185,2,27,322,2016,2898.68
185,3,22,322,1990,13452.45
185,3,22,322,1991,13985.52
185,3,22,322,1992,13964.69
185,3,22,322,1993,13691.06
185,3,22,322,1994,13875.29
185,3,22,322,1995,13595.59
185,3,22,322,1996,13136.22
185,3,22,322,1997,12640.43
185,3,22,322,1998,12180.7
185,3,22,322,1999,11562.06
185,3,22,322,2000,11045.74
185,3,22,322,2001,10341.08
185,3,22,322,2002,9637.84
185,3,22,322,2003,9227.51
185,3,22,322,2004,9263.41
185,3,22,322,2005,8577.16
185,3,22,322,2006,7795.22
185,3,22,322,2007,7032.78
185,3,22,322,2008,6275.22
185,3,22,322,2009,5508.45
185,3,22,322,2010,4997.3
185,3,22,322,2011,4587.23
185,3,22,322,2012,4305
185,3,22,322,2013,4021.88
185,3,22,322,2014,3848.02
185,3,22,322,2015,3624.19
185,3,22,322,2016,3437.08
185,3,27,322,1990,8130.41
185,3,27,322,1991,8428.7
185,3,27,322,1992,8441.18
185,3,27,322,1993,8347.18
185,3,27,322,1994,8654.02
185,3,27,322,1995,8670.82
185,3,27,322,1996,8568.05
185,3,27,322,1997,8460.63
185,3,27,322,1998,8268.33
185,3,27,322,1999,7901.87
185,3,27,322,2000,7552.78
185,3,27,322,2001,7036.92
185,3,27,322,2002,6538.35
185,3,27,322,2003,6220.77
185,3,27,322,2004,6162.64
185,3,27,322,2005,5748.86
185,3,27,322,2006,5340.61
185,3,27,322,2007,4941.99
185,3,27,322,2008,4553.17
185,3,27,322,2009,4104.52
185,3,27,322,2010,3858.51
185,3,27,322,2011,3658.23
185,3,27,322,2012,3524.84
185,3,27,322,2013,3399.08
185,3,27,322,2014,3324.38
185,3,27,322,2015,3215.57
185,3,27,322,2016,3121.92
186,1,22,322,1990,2407.89
186,1,22,322,1991,2383.99
186,1,22,322,1992,2346.05
186,1,22,322,1993,2288.65
186,1,22,322,1994,2205.18
186,1,22,322,1995,2116.75
186,1,22,322,1996,2020.68
186,1,22,322,1997,1921.28
186,1,22,322,1998,1839.14
186,1,22,322,1999,1806.5
186,1,22,322,2000,1785.04
186,1,22,322,2001,1756.68
186,1,22,322,2002,1740.96
186,1,22,322,2003,1732.86
186,1,22,322,2004,1720.83
186,1,22,322,2005,1699.21
186,1,22,322,2006,1669.61
186,1,22,322,2007,1652.99
186,1,22,322,2008,1661.45
186,1,22,322,2009,1665.67
186,1,22,322,2010,1668.86
186,1,22,322,2011,1671.69
186,1,22,322,2012,1666.82
186,1,22,322,2013,1665.21
186,1,22,322,2014,1678.91
186,1,22,322,2015,1668.79
186,1,22,322,2016,1655.44
186,1,27,322,1990,3187.38
186,1,27,322,1991,3163.5
186,1,27,322,1992,3108.73
186,1,27,322,1993,3019.96
186,1,27,322,1994,2899.84
186,1,27,322,1995,2777.03
186,1,27,322,1996,2656.74
186,1,27,322,1997,2528.51
186,1,27,322,1998,2414.99
186,1,27,322,1999,2356.72
186,1,27,322,2000,2314.29
186,1,27,322,2001,2279.05
186,1,27,322,2002,2253.17
186,1,27,322,2003,2242.21
186,1,27,322,2004,2226.08
186,1,27,322,2005,2201.19
186,1,27,322,2006,2165.15
186,1,27,322,2007,2141.44
186,1,27,322,2008,2136.12
186,1,27,322,2009,2122.88
186,1,27,322,2010,2103.69
186,1,27,322,2011,2084.28
186,1,27,322,2012,2057.54
186,1,27,322,2013,2042.38
186,1,27,322,2014,2044.82
186,1,27,322,2015,2019.23
186,1,27,322,2016,1984.22
186,2,22,322,1990,1381.75
186,2,22,322,1991,1313.19
186,2,22,322,1992,1247.87
186,2,22,322,1993,1184.58
186,2,22,322,1994,1115.67
186,2,22,322,1995,1051.71
186,2,22,322,1996,1015.78
186,2,22,322,1997,985.09
186,2,22,322,1998,959.71
186,2,22,322,1999,957.1
186,2,22,322,2000,954.75
186,2,22,322,2001,950.18
186,2,22,322,2002,954.91
186,2,22,322,2003,962.86
186,2,22,322,2004,974.32
186,2,22,322,2005,978.48
186,2,22,322,2006,974.13
186,2,22,322,2007,964.63
186,2,22,322,2008,954.67
186,2,22,322,2009,954.54
186,2,22,322,2010,957.67
186,2,22,322,2011,962.92
186,2,22,322,2012,967.81
186,2,22,322,2013,967.13
186,2,22,322,2014,956.52
186,2,22,322,2015,925.16
186,2,22,322,2016,892.69
186,2,27,322,1990,1483.81
186,2,27,322,1991,1413.51
186,2,27,322,1992,1345.51
186,2,27,322,1993,1276.49
186,2,27,322,1994,1204.88
186,2,27,322,1995,1141.6
186,2,27,322,1996,1112.39
186,2,27,322,1997,1085.51
186,2,27,322,1998,1058.92
186,2,27,322,1999,1053.62
186,2,27,322,2000,1047.89
186,2,27,322,2001,1043.95
186,2,27,322,2002,1047.25
186,2,27,322,2003,1054.3
186,2,27,322,2004,1063.11
186,2,27,322,2005,1063.56
186,2,27,322,2006,1052
186,2,27,322,2007,1033.39
186,2,27,322,2008,1012.28
186,2,27,322,2009,1004.61
186,2,27,322,2010,999.19
186,2,27,322,2011,996.46
186,2,27,322,2012,994.63
186,2,27,322,2013,993.94
186,2,27,322,2014,984.85
186,2,27,322,2015,954.02
186,2,27,322,2016,917.27
186,3,22,322,1990,1893.42
186,3,22,322,1991,1847.08
186,3,22,322,1992,1795.96
186,3,22,322,1993,1736.45
186,3,22,322,1994,1660.97
186,3,22,322,1995,1585.09
186,3,22,322,1996,1518.71
186,3,22,322,1997,1453.09
186,3,22,322,1998,1398.77
186,3,22,322,1999,1380.67
186,3,22,322,2000,1368.45
186,3,22,322,2001,1351.82
186,3,22,322,2002,1346.23
186,3,22,322,2003,1346.23
186,3,22,322,2004,1346.43
186,3,22,322,2005,1338.57
186,3,22,322,2006,1323.02
186,3,22,322,2007,1311.69
186,3,22,322,2008,1312.89
186,3,22,322,2009,1316.58
186,3,22,322,2010,1320.79
186,3,22,322,2011,1324.86
186,3,22,322,2012,1324.31
186,3,22,322,2013,1322.42
186,3,22,322,2014,1323.32
186,3,22,322,2015,1301.96
186,3,22,322,2016,1278.49
186,3,27,322,1990,2260.67
186,3,27,322,1991,2212.35
186,3,27,322,1992,2152.35
186,3,27,322,1993,2076.84
186,3,27,322,1994,1984.77
186,3,27,322,1995,1894.59
186,3,27,322,1996,1822.29
186,3,27,322,1997,1746.26
186,3,27,322,1998,1677.83
186,3,27,322,1999,1647.13
186,3,27,322,2000,1623.79
186,3,27,322,2001,1603.82
186,3,27,322,2002,1592.91
186,3,27,322,2003,1590.23
186,3,27,322,2004,1586.62
186,3,27,322,2005,1574.77
186,3,27,322,2006,1552.18
186,3,27,322,2007,1532.23
186,3,27,322,2008,1521.52
186,3,27,322,2009,1515.03
186,3,27,322,2010,1506.37
186,3,27,322,2011,1497.58
186,3,27,322,2012,1484.7
186,3,27,322,2013,1477.02
186,3,27,322,2014,1473.13
186,3,27,322,2015,1444.47
186,3,27,322,2016,1408.77
187,1,22,322,1990,14754.22
187,1,22,322,1991,14512.8
187,1,22,322,1992,14248.38
187,1,22,322,1993,13919.1
187,1,22,322,1994,13615.06
187,1,22,322,1995,13342.08
187,1,22,322,1996,12995.46
187,1,22,322,1997,12656.66
187,1,22,322,1998,12378.3
187,1,22,322,1999,11670.17
187,1,22,322,2000,10831.42
187,1,22,322,2001,10264.15
187,1,22,322,2002,10221.2
187,1,22,322,2003,9975.75
187,1,22,322,2004,9514.26
187,1,22,322,2005,9032.44
187,1,22,322,2006,8732.59
187,1,22,322,2007,9037.8
187,1,22,322,2008,9188.63
187,1,22,322,2009,8691.72
187,1,22,322,2010,8052.49
187,1,22,322,2011,7744.56
187,1,22,322,2012,7731.34
187,1,22,322,2013,7412.32
187,1,22,322,2014,7098.19
187,1,22,322,2015,6780.83
187,1,22,322,2016,6526.2
187,1,27,322,1990,10134.45
187,1,27,322,1991,10001
187,1,27,322,1992,9883.14
187,1,27,322,1993,9741.83
187,1,27,322,1994,9644.17
187,1,27,322,1995,9576.93
187,1,27,322,1996,9478.68
187,1,27,322,1997,9387.61
187,1,27,322,1998,9314.79
187,1,27,322,1999,8926.79
187,1,27,322,2000,8423.17
187,1,27,322,2001,8093.06
187,1,27,322,2002,8135.32
187,1,27,322,2003,8026.58
187,1,27,322,2004,7762.37
187,1,27,322,2005,7479.27
187,1,27,322,2006,7310.5
187,1,27,322,2007,7528.9
187,1,27,322,2008,7647.82
187,1,27,322,2009,7331.17
187,1,27,322,2010,6935.1
187,1,27,322,2011,6763.09
187,1,27,322,2012,6795.56
187,1,27,322,2013,6592.91
187,1,27,322,2014,6395.92
187,1,27,322,2015,6194.49
187,1,27,322,2016,6027.91
187,2,22,322,1990,11407.62
187,2,22,322,1991,11337.21
187,2,22,322,1992,11170.49
187,2,22,322,1993,10952.44
187,2,22,322,1994,10800.73
187,2,22,322,1995,10605.19
187,2,22,322,1996,10376.07
187,2,22,322,1997,10144.04
187,2,22,322,1998,9913.37
187,2,22,322,1999,9555.97
187,2,22,322,2000,9102.11
187,2,22,322,2001,8673.46
187,2,22,322,2002,8490.71
187,2,22,322,2003,8246.7
187,2,22,322,2004,7875.51
187,2,22,322,2005,7454.8
187,2,22,322,2006,7192.26
187,2,22,322,2007,7500.03
187,2,22,322,2008,7671.95
187,2,22,322,2009,7303.94
187,2,22,322,2010,6845.64
187,2,22,322,2011,6600.58
187,2,22,322,2012,6549.44
187,2,22,322,2013,6275.29
187,2,22,322,2014,6026.97
187,2,22,322,2015,5768.08
187,2,22,322,2016,5542.63
187,2,27,322,1990,8435.56
187,2,27,322,1991,8399.72
187,2,27,322,1992,8330.82
187,2,27,322,1993,8238.76
187,2,27,322,1994,8213.89
187,2,27,322,1995,8172.94
187,2,27,322,1996,8121.64
187,2,27,322,1997,8074.22
187,2,27,322,1998,8014.59
187,2,27,322,1999,7837.44
187,2,27,322,2000,7573.89
187,2,27,322,2001,7314.82
187,2,27,322,2002,7231.1
187,2,27,322,2003,7099.08
187,2,27,322,2004,6869.62
187,2,27,322,2005,6602.11
187,2,27,322,2006,6438.28
187,2,27,322,2007,6651.27
187,2,27,322,2008,6773.03
187,2,27,322,2009,6527.38
187,2,27,322,2010,6237.79
187,2,27,322,2011,6086.84
187,2,27,322,2012,6067.19
187,2,27,322,2013,5879
187,2,27,322,2014,5711.32
187,2,27,322,2015,5535.1
187,2,27,322,2016,5375.86
187,3,22,322,1990,13065.05
187,3,22,322,1991,12910.16
187,3,22,322,1992,12695.29
187,3,22,322,1993,12422.34
187,3,22,322,1994,12195.27
187,3,22,322,1995,11961.36
187,3,22,322,1996,11674.14
187,3,22,322,1997,11389.27
187,3,22,322,1998,11135
187,3,22,322,1999,10603.83
187,3,22,322,2000,9959.29
187,3,22,322,2001,9461.99
187,3,22,322,2002,9348.71
187,3,22,322,2003,9104.22
187,3,22,322,2004,8688.49
187,3,22,322,2005,8237.66
187,3,22,322,2006,7956.79
187,3,22,322,2007,8263.46
187,3,22,322,2008,8425.09
187,3,22,322,2009,7993.22
187,3,22,322,2010,7445.16
187,3,22,322,2011,7168.9
187,3,22,322,2012,7136.7
187,3,22,322,2013,6840.38
187,3,22,322,2014,6559.48
187,3,22,322,2015,6271.64
187,3,22,322,2016,6031.79
187,3,27,322,1990,9296.45
187,3,27,322,1991,9211.55
187,3,27,322,1992,9118.1
187,3,27,322,1993,9001.2
187,3,27,322,1994,8939.82
187,3,27,322,1995,8885.77
187,3,27,322,1996,8810.97
187,3,27,322,1997,8741.85
187,3,27,322,1998,8676.02
187,3,27,322,1999,8393.65
187,3,27,322,2000,8010.39
187,3,27,322,2001,7715.44
187,3,27,322,2002,7693.95
187,3,27,322,2003,7573.23
187,3,27,322,2004,7326.04
187,3,27,322,2005,7050.42
187,3,27,322,2006,6883.75
187,3,27,322,2007,7099.1
187,3,27,322,2008,7219
187,3,27,322,2009,6937.56
187,3,27,322,2010,6594.64
187,3,27,322,2011,6432.53
187,3,27,322,2012,6438.05
187,3,27,322,2013,6242.2
187,3,27,322,2014,6059.45
187,3,27,322,2015,5870.22
187,3,27,322,2016,5706.85
189,1,22,322,1990,15242.79
189,1,22,322,1991,14743.1
189,1,22,322,1992,14354.35
189,1,22,322,1993,13985.38
189,1,22,322,1994,13607.98
189,1,22,322,1995,13028.05
189,1,22,322,1996,12482.68
189,1,22,322,1997,11816.67
189,1,22,322,1998,11130.11
189,1,22,322,1999,10360.36
189,1,22,322,2000,9663.13
189,1,22,322,2001,9025.7
189,1,22,322,2002,8594.26
189,1,22,322,2003,8455.63
189,1,22,322,2004,8233.67
189,1,22,322,2005,7808.43
189,1,22,322,2006,7687.29
189,1,22,322,2007,7364.04
189,1,22,322,2008,6972.84
189,1,22,322,2009,6475.13
189,1,22,322,2010,5998.49
189,1,22,322,2011,5701.15
189,1,22,322,2012,5488.23
189,1,22,322,2013,5132.09
189,1,22,322,2014,4718.36
189,1,22,322,2015,4469.34
189,1,22,322,2016,4207.74
189,1,27,322,1990,8653.02
189,1,27,322,1991,8462.93
189,1,27,322,1992,8343.88
189,1,27,322,1993,8201.49
189,1,27,322,1994,8082.77
189,1,27,322,1995,7811.66
189,1,27,322,1996,7604.13
189,1,27,322,1997,7339.26
189,1,27,322,1998,7075.12
189,1,27,322,1999,6763.6
189,1,27,322,2000,6433.3
189,1,27,322,2001,6098.7
189,1,27,322,2002,5884.2
189,1,27,322,2003,5816.94
189,1,27,322,2004,5714.22
189,1,27,322,2005,5520.86
189,1,27,322,2006,5463.1
189,1,27,322,2007,5298.61
189,1,27,322,2008,5112.61
189,1,27,322,2009,4878.18
189,1,27,322,2010,4661.86
189,1,27,322,2011,4524.65
189,1,27,322,2012,4441.86
189,1,27,322,2013,4211.31
189,1,27,322,2014,3997.82
189,1,27,322,2015,3879.86
189,1,27,322,2016,3751.32
189,2,22,322,1990,14444.88
189,2,22,322,1991,14064.02
189,2,22,322,1992,13709.73
189,2,22,322,1993,13381.14
189,2,22,322,1994,13027.53
189,2,22,322,1995,12570.22
189,2,22,322,1996,12096.02
189,2,22,322,1997,11500.6
189,2,22,322,1998,10817.7
189,2,22,322,1999,10162.88
189,2,22,322,2000,9468.37
189,2,22,322,2001,8866.88
189,2,22,322,2002,8392.05
189,2,22,322,2003,8317.11
189,2,22,322,2004,8124.07
189,2,22,322,2005,7670
189,2,22,322,2006,7589.68
189,2,22,322,2007,7346.68
189,2,22,322,2008,6924.55
189,2,22,322,2009,6443.16
189,2,22,322,2010,5904.77
189,2,22,322,2011,5575.28
189,2,22,322,2012,5283.5
189,2,22,322,2013,4852.01
189,2,22,322,2014,4407.77
189,2,22,322,2015,4117.49
189,2,22,322,2016,3836.5
189,2,27,322,1990,8531.95
189,2,27,322,1991,8369.07
189,2,27,322,1992,8245.39
189,2,27,322,1993,8111.15
189,2,27,322,1994,7980.22
189,2,27,322,1995,7789.04
189,2,27,322,1996,7592.37
189,2,27,322,1997,7362.56
189,2,27,322,1998,7088.4
189,2,27,322,1999,6751.71
189,2,27,322,2000,6369.03
189,2,27,322,2001,6000.49
189,2,27,322,2002,5715.74
189,2,27,322,2003,5683.46
189,2,27,322,2004,5563.32
189,2,27,322,2005,5315.87
189,2,27,322,2006,5258.31
189,2,27,322,2007,5134.34
189,2,27,322,2008,4912.55
189,2,27,322,2009,4669.29
189,2,27,322,2010,4385.89
189,2,27,322,2011,4223.31
189,2,27,322,2012,4085.98
189,2,27,322,2013,3838.14
189,2,27,322,2014,3613.08
189,2,27,322,2015,3467.27
189,2,27,322,2016,3314.26
189,3,22,322,1990,14840.54
189,3,22,322,1991,14400.83
189,3,22,322,1992,14029.52
189,3,22,322,1993,13681
189,3,22,322,1994,13315.69
189,3,22,322,1995,12797.59
189,3,22,322,1996,12288.15
189,3,22,322,1997,11657.74
189,3,22,322,1998,10973.09
189,3,22,322,1999,10261.15
189,3,22,322,2000,9565.32
189,3,22,322,2001,8945.93
189,3,22,322,2002,8492.71
189,3,22,322,2003,8386.08
189,3,22,322,2004,8178.65
189,3,22,322,2005,7738.92
189,3,22,322,2006,7638.29
189,3,22,322,2007,7355.32
189,3,22,322,2008,6948.56
189,3,22,322,2009,6459.04
189,3,22,322,2010,5951.3
189,3,22,322,2011,5637.73
189,3,22,322,2012,5385.08
189,3,22,322,2013,4991.04
189,3,22,322,2014,4562.03
189,3,22,322,2015,4292.3
189,3,22,322,2016,4021.04
189,3,27,322,1990,8597.49
189,3,27,322,1991,8419.9
189,3,27,322,1992,8298.22
189,3,27,322,1993,8159.97
189,3,27,322,1994,8034.95
189,3,27,322,1995,7805.19
189,3,27,322,1996,7602.7
189,3,27,322,1997,7356.08
189,3,27,322,1998,7087.34
189,3,27,322,1999,6760.31
189,3,27,322,2000,6401.87
189,3,27,322,2001,6047.9
189,3,27,322,2002,5796.85
189,3,27,322,2003,5747.81
189,3,27,322,2004,5636.3
189,3,27,322,2005,5416.02
189,3,27,322,2006,5357.8
189,3,27,322,2007,5213.09
189,3,27,322,2008,5008.69
189,3,27,322,2009,4769.54
189,3,27,322,2010,4519.38
189,3,27,322,2011,4369.32
189,3,27,322,2012,4259.28
189,3,27,322,2013,4020.65
189,3,27,322,2014,3801.54
189,3,27,322,2015,3669.56
189,3,27,322,2016,3528.62
190,1,22,322,1990,10374.58
190,1,22,322,1991,10204.86
190,1,22,322,1992,9949.5
190,1,22,322,1993,9611.33
190,1,22,322,1994,9222.42
190,1,22,322,1995,8800.58
190,1,22,322,1996,8426.81
190,1,22,322,1997,8036.71
190,1,22,322,1998,7611.81
190,1,22,322,1999,7172.87
190,1,22,322,2000,6957.57
190,1,22,322,2001,6759.96
190,1,22,322,2002,6367.54
190,1,22,322,2003,6093.81
190,1,22,322,2004,5973.05
190,1,22,322,2005,5815.27
190,1,22,322,2006,5760.17
190,1,22,322,2007,5573.04
190,1,22,322,2008,5289.36
190,1,22,322,2009,5078.48
190,1,22,322,2010,4894.84
190,1,22,322,2011,4739.93
190,1,22,322,2012,4670.73
190,1,22,322,2013,4614.23
190,1,22,322,2014,4318
190,1,22,322,2015,3924.3
190,1,22,322,2016,3685.21
190,1,27,322,1990,6361.77
190,1,27,322,1991,6341.77
190,1,27,322,1992,6219.16
190,1,27,322,1993,6098.64
190,1,27,322,1994,5953.86
190,1,27,322,1995,5764.45
190,1,27,322,1996,5610.63
190,1,27,322,1997,5402.45
190,1,27,322,1998,5217.83
190,1,27,322,1999,5014.91
190,1,27,322,2000,4920.68
190,1,27,322,2001,4849.82
190,1,27,322,2002,4649.64
190,1,27,322,2003,4518.92
190,1,27,322,2004,4453.97
190,1,27,322,2005,4373.14
190,1,27,322,2006,4370.07
190,1,27,322,2007,4303.42
190,1,27,322,2008,4190.1
190,1,27,322,2009,4098.27
190,1,27,322,2010,3991.38
190,1,27,322,2011,3930.2
190,1,27,322,2012,3907.62
190,1,27,322,2013,3860.34
190,1,27,322,2014,3701.07
190,1,27,322,2015,3495.64
190,1,27,322,2016,3376.22
190,2,22,322,1990,8187.54
190,2,22,322,1991,8158.01
190,2,22,322,1992,7963.15
190,2,22,322,1993,7719.99
190,2,22,322,1994,7411.42
190,2,22,322,1995,7086.33
190,2,22,322,1996,6820.52
190,2,22,322,1997,6546.13
190,2,22,322,1998,6197.65
190,2,22,322,1999,5891.19
190,2,22,322,2000,5716.78
190,2,22,322,2001,5572.51
190,2,22,322,2002,5288.76
190,2,22,322,2003,5094.28
190,2,22,322,2004,4989.76
190,2,22,322,2005,4851.83
190,2,22,322,2006,4769.32
190,2,22,322,2007,4619.45
190,2,22,322,2008,4350.61
190,2,22,322,2009,4148.44
190,2,22,322,2010,4001.78
190,2,22,322,2011,3878.72
190,2,22,322,2012,3807.89
190,2,22,322,2013,3770.37
190,2,22,322,2014,3504.49
190,2,22,322,2015,3147.89
190,2,22,322,2016,2932.04
190,2,27,322,1990,5766.78
190,2,27,322,1991,5794.72
190,2,27,322,1992,5694.72
190,2,27,322,1993,5574.81
190,2,27,322,1994,5427.87
190,2,27,322,1995,5233.87
190,2,27,322,1996,5082.46
190,2,27,322,1997,4904.66
190,2,27,322,1998,4727.63
190,2,27,322,1999,4549.18
190,2,27,322,2000,4443.59
190,2,27,322,2001,4338.92
190,2,27,322,2002,4160.4
190,2,27,322,2003,4020.35
190,2,27,322,2004,3941.77
190,2,27,322,2005,3853.12
190,2,27,322,2006,3806.13
190,2,27,322,2007,3713
190,2,27,322,2008,3550.85
190,2,27,322,2009,3435.94
190,2,27,322,2010,3352.3
190,2,27,322,2011,3279.81
190,2,27,322,2012,3232.8
190,2,27,322,2013,3195.21
190,2,27,322,2014,3044.01
190,2,27,322,2015,2846.35
190,2,27,322,2016,2725.02
190,3,22,322,1990,9273.53
190,3,22,322,1991,9174.11
190,3,22,322,1992,8948.99
190,3,22,322,1993,8658.5
190,3,22,322,1994,8309.96
190,3,22,322,1995,7936.85
190,3,22,322,1996,7617.57
190,3,22,322,1997,7285.94
190,3,22,322,1998,6899.74
190,3,22,322,1999,6527.74
190,3,22,322,2000,6333.25
190,3,22,322,2001,6162.74
190,3,22,322,2002,5825.22
190,3,22,322,2003,5591.57
190,3,22,322,2004,5479.21
190,3,22,322,2005,5331.63
190,3,22,322,2006,5263
190,3,22,322,2007,5094.79
190,3,22,322,2008,4818.78
190,3,22,322,2009,4612.46
190,3,22,322,2010,4447.52
190,3,22,322,2011,4308.68
190,3,22,322,2012,4238.78
190,3,22,322,2013,4191.87
190,3,22,322,2014,3910.9
190,3,22,322,2015,3535.81
190,3,22,322,2016,3308.38
190,3,27,322,1990,6079.98
190,3,27,322,1991,6083.57
190,3,27,322,1992,5972.31
190,3,27,322,1993,5851.03
190,3,27,322,1994,5704.2
190,3,27,322,1995,5511
190,3,27,322,1996,5356.82
190,3,27,322,1997,5163.19
190,3,27,322,1998,4981.9
190,3,27,322,1999,4790.28
190,3,27,322,2000,4689.54
190,3,27,322,2001,4599.45
190,3,27,322,2002,4409.26
190,3,27,322,2003,4272.2
190,3,27,322,2004,4200.01
190,3,27,322,2005,4115.05
190,3,27,322,2006,4089.24
190,3,27,322,2007,4008
190,3,27,322,2008,3868.29
190,3,27,322,2009,3764.22
190,3,27,322,2010,3669.58
190,3,27,322,2011,3601.99
190,3,27,322,2012,3566.41
190,3,27,322,2013,3524.15
190,3,27,322,2014,3368.7
190,3,27,322,2015,3166.79
190,3,27,322,2016,3045.88
191,1,22,322,1990,16583.84
191,1,22,322,1991,16402.71
191,1,22,322,1992,16197.19
191,1,22,322,1993,15787.87
191,1,22,322,1994,15225.91
191,1,22,322,1995,14432.1
191,1,22,322,1996,13716.6
191,1,22,322,1997,13035.48
191,1,22,322,1998,12540.96
191,1,22,322,1999,12032.81
191,1,22,322,2000,11739.23
191,1,22,322,2001,11079.12
191,1,22,322,2002,10479.55
191,1,22,322,2003,10146.38
191,1,22,322,2004,10003.74
191,1,22,322,2005,9895.31
191,1,22,322,2006,9607.33
191,1,22,322,2007,9068.86
191,1,22,322,2008,8683.53
191,1,22,322,2009,8006.38
191,1,22,322,2010,7274.44
191,1,22,322,2011,6943.3
191,1,22,322,2012,6613.79
191,1,22,322,2013,6119.6
191,1,22,322,2014,5697.04
191,1,22,322,2015,5366.08
191,1,22,322,2016,5145.53
191,1,27,322,1990,8666.33
191,1,27,322,1991,8774.08
191,1,27,322,1992,8857.77
191,1,27,322,1993,8869.89
191,1,27,322,1994,8801.1
191,1,27,322,1995,8627.18
191,1,27,322,1996,8457.61
191,1,27,322,1997,8274.01
191,1,27,322,1998,8170.64
191,1,27,322,1999,8044.08
191,1,27,322,2000,8044.79
191,1,27,322,2001,7832.05
191,1,27,322,2002,7655.79
191,1,27,322,2003,7627.03
191,1,27,322,2004,7602.05
191,1,27,322,2005,7590.38
191,1,27,322,2006,7467.24
191,1,27,322,2007,7191.03
191,1,27,322,2008,6990.05
191,1,27,322,2009,6638.79
191,1,27,322,2010,6289.89
191,1,27,322,2011,6124.79
191,1,27,322,2012,5906.58
191,1,27,322,2013,5552.15
191,1,27,322,2014,5285.73
191,1,27,322,2015,5078.22
191,1,27,322,2016,4945.27
191,2,22,322,1990,16787.65
191,2,22,322,1991,16532.53
191,2,22,322,1992,16198.71
191,2,22,322,1993,15645.39
191,2,22,322,1994,15028.71
191,2,22,322,1995,14216.2
191,2,22,322,1996,13425.43
191,2,22,322,1997,12671.06
191,2,22,322,1998,12010.97
191,2,22,322,1999,11475.51
191,2,22,322,2000,11001.69
191,2,22,322,2001,10238.22
191,2,22,322,2002,9476.39
191,2,22,322,2003,9029.62
191,2,22,322,2004,8882.77
191,2,22,322,2005,8653.43
191,2,22,322,2006,8295.34
191,2,22,322,2007,7721.23
191,2,22,322,2008,7313.34
191,2,22,322,2009,6656.31
191,2,22,322,2010,6008.89
191,2,22,322,2011,5711.33
191,2,22,322,2012,5321.39
191,2,22,322,2013,4860.95
191,2,22,322,2014,4459.72
191,2,22,322,2015,4141.46
191,2,22,322,2016,3941.67
191,2,27,322,1990,9883.76
191,2,27,322,1991,9902.69
191,2,27,322,1992,9899.01
191,2,27,322,1993,9760.49
191,2,27,322,1994,9627.54
191,2,27,322,1995,9373.66
191,2,27,322,1996,9081.83
191,2,27,322,1997,8759.59
191,2,27,322,1998,8459.53
191,2,27,322,1999,8163.68
191,2,27,322,2000,7863.77
191,2,27,322,2001,7424.35
191,2,27,322,2002,6971.93
191,2,27,322,2003,6707.48
191,2,27,322,2004,6533.86
191,2,27,322,2005,6351.76
191,2,27,322,2006,6124.4
191,2,27,322,2007,5776.68
191,2,27,322,2008,5521.01
191,2,27,322,2009,5151.5
191,2,27,322,2010,4788.99
191,2,27,322,2011,4607.23
191,2,27,322,2012,4373.19
191,2,27,322,2013,4069.43
191,2,27,322,2014,3813.96
191,2,27,322,2015,3627.23
191,2,27,322,2016,3514.25
191,3,22,322,1990,16686.53
191,3,22,322,1991,16468.13
191,3,22,322,1992,16197.96
191,3,22,322,1993,15716.05
191,3,22,322,1994,15126.51
191,3,22,322,1995,14323.28
191,3,22,322,1996,13569.85
191,3,22,322,1997,12851.85
191,3,22,322,1998,12273.96
191,3,22,322,1999,11752.13
191,3,22,322,2000,11367.91
191,3,22,322,2001,10655.94
191,3,22,322,2002,9974.98
191,3,22,322,2003,9584.97
191,3,22,322,2004,9440.52
191,3,22,322,2005,9271.64
191,3,22,322,2006,8948.71
191,3,22,322,2007,8392.6
191,3,22,322,2008,7996.19
191,3,22,322,2009,7329.35
191,3,22,322,2010,6639.98
191,3,22,322,2011,6325.83
191,3,22,322,2012,5966.2
191,3,22,322,2013,5489.06
191,3,22,322,2014,5077.29
191,3,22,322,2015,4752.75
191,3,22,322,2016,4542.58
191,3,27,322,1990,9312.36
191,3,27,322,1991,9374.28
191,3,27,322,1992,9414.24
191,3,27,322,1993,9348.79
191,3,27,322,1994,9247.68
191,3,27,322,1995,9032.45
191,3,27,322,1996,8799.56
191,3,27,322,1997,8543.4
191,3,27,322,1998,8337.72
191,3,27,322,1999,8119.86
191,3,27,322,2000,7960.67
191,3,27,322,2001,7626.77
191,3,27,322,2002,7303.67
191,3,27,322,2003,7148.91
191,3,27,322,2004,7042.97
191,3,27,322,2005,6941.27
191,3,27,322,2006,6763.66
191,3,27,322,2007,6450.09
191,3,27,322,2008,6220.34
191,3,27,322,2009,5859.14
191,3,27,322,2010,5501.24
191,3,27,322,2011,5326.93
191,3,27,322,2012,5102.12
191,3,27,322,2013,4775.05
191,3,27,322,2014,4514.44
191,3,27,322,2015,4318.24
191,3,27,322,2016,4196.19
193,1,22,322,1990,2946.62
193,1,22,322,1991,2904
193,1,22,322,1992,2932.65
193,1,22,322,1993,3001.77
193,1,22,322,1994,3123.27
193,1,22,322,1995,3269.22
193,1,22,322,1996,3379.36
193,1,22,322,1997,3426.63
193,1,22,322,1998,3555.56
193,1,22,322,1999,3606.85
193,1,22,322,2000,3659.98
193,1,22,322,2001,3641.85
193,1,22,322,2002,3596
193,1,22,322,2003,3449.45
193,1,22,322,2004,3311.89
193,1,22,322,2005,3132.75
193,1,22,322,2006,2946.03
193,1,22,322,2007,2784.21
193,1,22,322,2008,2634.29
193,1,22,322,2009,2496.95
193,1,22,322,2010,2377.38
193,1,22,322,2011,2222.05
193,1,22,322,2012,2074.49
193,1,22,322,2013,1960.42
193,1,22,322,2014,1871.13
193,1,22,322,2015,1823.68
193,1,22,322,2016,1797.64
193,1,27,322,1990,3647.61
193,1,27,322,1991,3641.07
193,1,27,322,1992,3703
193,1,27,322,1993,3791.82
193,1,27,322,1994,3946.04
193,1,27,322,1995,4120.37
193,1,27,322,1996,4279.53
193,1,27,322,1997,4392.42
193,1,27,322,1998,4559.14
193,1,27,322,1999,4653.77
193,1,27,322,2000,4749.2
193,1,27,322,2001,4756.51
193,1,27,322,2002,4734.65
193,1,27,322,2003,4588.08
193,1,27,322,2004,4432.66
193,1,27,322,2005,4229.87
193,1,27,322,2006,4027.71
193,1,27,322,2007,3838.53
193,1,27,322,2008,3681.58
193,1,27,322,2009,3521.38
193,1,27,322,2010,3376.54
193,1,27,322,2011,3205.63
193,1,27,322,2012,3013.89
193,1,27,322,2013,2866.2
193,1,27,322,2014,2734.06
193,1,27,322,2015,2657.5
193,1,27,322,2016,2606.95
193,2,22,322,1990,2349.78
193,2,22,322,1991,2270.1
193,2,22,322,1992,2242.32
193,2,22,322,1993,2237.07
193,2,22,322,1994,2261.46
193,2,22,322,1995,2307.43
193,2,22,322,1996,2325.43
193,2,22,322,1997,2308.19
193,2,22,322,1998,2424.76
193,2,22,322,1999,2484.66
193,2,22,322,2000,2527.42
193,2,22,322,2001,2500.19
193,2,22,322,2002,2438.55
193,2,22,322,2003,2295
193,2,22,322,2004,2161.24
193,2,22,322,2005,2013.36
193,2,22,322,2006,1848.16
193,2,22,322,2007,1698.41
193,2,22,322,2008,1563.09
193,2,22,322,2009,1432.88
193,2,22,322,2010,1336.59
193,2,22,322,2011,1225.53
193,2,22,322,2012,1145.43
193,2,22,322,2013,1065.12
193,2,22,322,2014,1033.44
193,2,22,322,2015,1016.8
193,2,22,322,2016,1010.05
193,2,27,322,1990,2485.69
193,2,27,322,1991,2424.68
193,2,27,322,1992,2400.9
193,2,27,322,1993,2390.36
193,2,27,322,1994,2409.38
193,2,27,322,1995,2458.15
193,2,27,322,1996,2494.9
193,2,27,322,1997,2519.32
193,2,27,322,1998,2651.37
193,2,27,322,1999,2738.27
193,2,27,322,2000,2814.97
193,2,27,322,2001,2812.27
193,2,27,322,2002,2774.92
193,2,27,322,2003,2650.32
193,2,27,322,2004,2511.41
193,2,27,322,2005,2336.5
193,2,27,322,2006,2160.71
193,2,27,322,2007,2003.78
193,2,27,322,2008,1869.21
193,2,27,322,2009,1728.36
193,2,27,322,2010,1628.89
193,2,27,322,2011,1525.61
193,2,27,322,2012,1455.5
193,2,27,322,2013,1372.76
193,2,27,322,2014,1338.77
193,2,27,322,2015,1319.91
193,2,27,322,2016,1310.06
193,3,22,322,1990,2644.32
193,3,22,322,1991,2583.22
193,3,22,322,1992,2583.61
193,3,22,322,1993,2615.44
193,3,22,322,1994,2688.22
193,3,22,322,1995,2784.09
193,3,22,322,1996,2848.19
193,3,22,322,1997,2863.41
193,3,22,322,1998,2986.55
193,3,22,322,1999,3042.59
193,3,22,322,2000,3090.91
193,3,22,322,2001,3068.61
193,3,22,322,2002,3015.22
193,3,22,322,2003,2870.54
193,3,22,322,2004,2735.19
193,3,22,322,2005,2571.98
193,3,22,322,2006,2396.24
193,3,22,322,2007,2240.62
193,3,22,322,2008,2098.13
193,3,22,322,2009,1964.45
193,3,22,322,2010,1856.6
193,3,22,322,2011,1723.49
193,3,22,322,2012,1609.72
193,3,22,322,2013,1512.56
193,3,22,322,2014,1452.09
193,3,22,322,2015,1420.04
193,3,22,322,2016,1403.63
193,3,27,322,1990,2999.93
193,3,27,322,1991,2964.43
193,3,27,322,1992,2980.3
193,3,27,322,1993,3016.55
193,3,27,322,1994,3099.33
193,3,27,322,1995,3208.85
193,3,27,322,1996,3305.24
193,3,27,322,1997,3373.87
193,3,27,322,1998,3524.11
193,3,27,322,1999,3616.35
193,3,27,322,2000,3704.2
193,3,27,322,2001,3708.43
193,3,27,322,2002,3680.57
193,3,27,322,2003,3547.6
193,3,27,322,2004,3402.12
193,3,27,322,2005,3213.78
193,3,27,322,2006,3026.4
193,3,27,322,2007,2855.63
193,3,27,322,2008,2711.35
193,3,27,322,2009,2561.84
193,3,27,322,2010,2441.68
193,3,27,322,2011,2307.46
193,3,27,322,2012,2181.95
193,3,27,322,2013,2069.85
193,3,27,322,2014,1990.31
193,3,27,322,2015,1944.76
193,3,27,322,2016,1916.72
194,1,22,322,1990,5147.45
194,1,22,322,1991,5026.59
194,1,22,322,1992,4994.64
194,1,22,322,1993,4961.23
194,1,22,322,1994,5023.14
194,1,22,322,1995,5078.89
194,1,22,322,1996,5196.63
194,1,22,322,1997,5403.3
194,1,22,322,1998,5635.88
194,1,22,322,1999,5866.72
194,1,22,322,2000,6089.21
194,1,22,322,2001,6242.89
194,1,22,322,2002,6382.05
194,1,22,322,2003,6470.51
194,1,22,322,2004,6579.92
194,1,22,322,2005,6541.91
194,1,22,322,2006,6509.81
194,1,22,322,2007,6359.72
194,1,22,322,2008,6192.36
194,1,22,322,2009,5897.27
194,1,22,322,2010,5592.9
194,1,22,322,2011,5183.94
194,1,22,322,2012,4956.19
194,1,22,322,2013,4982.32
194,1,22,322,2014,4914.46
194,1,22,322,2015,4557.79
194,1,22,322,2016,4456.06
194,1,27,322,1990,5208.11
194,1,27,322,1991,5148.82
194,1,27,322,1992,5188.81
194,1,27,322,1993,5190.13
194,1,27,322,1994,5329.64
194,1,27,322,1995,5387.54
194,1,27,322,1996,5511.41
194,1,27,322,1997,5757.37
194,1,27,322,1998,6008.77
194,1,27,322,1999,6238.95
194,1,27,322,2000,6446.1
194,1,27,322,2001,6574.92
194,1,27,322,2002,6745.08
194,1,27,322,2003,6837.15
194,1,27,322,2004,6985.69
194,1,27,322,2005,6979.29
194,1,27,322,2006,7011.33
194,1,27,322,2007,6923.38
194,1,27,322,2008,6816.81
194,1,27,322,2009,6608.89
194,1,27,322,2010,6413.78
194,1,27,322,2011,6142.29
194,1,27,322,2012,5993.99
194,1,27,322,2013,6025.21
194,1,27,322,2014,5972.81
194,1,27,322,2015,5605.27
194,1,27,322,2016,5482.7
194,2,22,322,1990,4456.9
194,2,22,322,1991,4309.79
194,2,22,322,1992,4212.08
194,2,22,322,1993,4145.1
194,2,22,322,1994,4112.56
194,2,22,322,1995,4099.39
194,2,22,322,1996,4116.21
194,2,22,322,1997,4152.73
194,2,22,322,1998,4295.39
194,2,22,322,1999,4427.61
194,2,22,322,2000,4677.49
194,2,22,322,2001,4749.22
194,2,22,322,2002,4817.68
194,2,22,322,2003,4934.44
194,2,22,322,2004,4955.43
194,2,22,322,2005,4910.16
194,2,22,322,2006,4824.51
194,2,22,322,2007,4707.88
194,2,22,322,2008,4670.22
194,2,22,322,2009,4421.99
194,2,22,322,2010,4186.2
194,2,22,322,2011,3787.38
194,2,22,322,2012,3567.8
194,2,22,322,2013,3580.01
194,2,22,322,2014,3496.24
194,2,22,322,2015,3218.56
194,2,22,322,2016,3112.45
194,2,27,322,1990,3860.03
194,2,27,322,1991,3765.11
194,2,27,322,1992,3707.03
194,2,27,322,1993,3671.25
194,2,27,322,1994,3663.38
194,2,27,322,1995,3647.21
194,2,27,322,1996,3649.46
194,2,27,322,1997,3672.21
194,2,27,322,1998,3831.65
194,2,27,322,1999,3957.13
194,2,27,322,2000,4238.31
194,2,27,322,2001,4276.82
194,2,27,322,2002,4350.71
194,2,27,322,2003,4494.26
194,2,27,322,2004,4508.17
194,2,27,322,2005,4486.19
194,2,27,322,2006,4403.31
194,2,27,322,2007,4309.64
194,2,27,322,2008,4311.11
194,2,27,322,2009,4118.32
194,2,27,322,2010,3963.49
194,2,27,322,2011,3653.33
194,2,27,322,2012,3501.68
194,2,27,322,2013,3524
194,2,27,322,2014,3456.95
194,2,27,322,2015,3220.08
194,2,27,322,2016,3114.27
194,3,22,322,1990,4791.81
194,3,22,322,1991,4658.53
194,3,22,322,1992,4593.8
194,3,22,322,1993,4543.93
194,3,22,322,1994,4557.96
194,3,22,322,1995,4578.51
194,3,22,322,1996,4643.83
194,3,22,322,1997,4761.89
194,3,22,322,1998,4946.48
194,3,22,322,1999,5124.9
194,3,22,322,2000,5360.49
194,3,22,322,2001,5471.96
194,3,22,322,2002,5575.48
194,3,22,322,2003,5679.88
194,3,22,322,2004,5745.33
194,3,22,322,2005,5704.99
194,3,22,322,2006,5646.87
194,3,22,322,2007,5515.21
194,3,22,322,2008,5415.15
194,3,22,322,2009,5144.97
194,3,22,322,2010,4876.59
194,3,22,322,2011,4473.98
194,3,22,322,2012,4251.58
194,3,22,322,2013,4271.8
194,3,22,322,2014,4196.96
194,3,22,322,2015,3881.17
194,3,22,322,2016,3778.14
194,3,27,322,1990,4438.12
194,3,27,322,1991,4360.78
194,3,27,322,1992,4347.11
194,3,27,322,1993,4328.12
194,3,27,322,1994,4384.47
194,3,27,322,1995,4400.14
194,3,27,322,1996,4454.19
194,3,27,322,1997,4571.75
194,3,27,322,1998,4768.86
194,3,27,322,1999,4936.95
194,3,27,322,2000,5183.94
194,3,27,322,2001,5263.97
194,3,27,322,2002,5383.57
194,3,27,322,2003,5510.22
194,3,27,322,2004,5587.68
194,3,27,322,2005,5576.47
194,3,27,322,2006,5542.39
194,3,27,322,2007,5448.1
194,3,27,322,2008,5396.47
194,3,27,322,2009,5193.24
194,3,27,322,2010,5017.14
194,3,27,322,2011,4725.02
194,3,27,322,2012,4578.01
194,3,27,322,2013,4607.68
194,3,27,322,2014,4549.98
194,3,27,322,2015,4258.19
194,3,27,322,2016,4149
195,1,22,322,1990,4968.41
195,1,22,322,1991,4750
195,1,22,322,1992,4553.03
195,1,22,322,1993,4328.93
195,1,22,322,1994,4192.97
195,1,22,322,1995,4110.15
195,1,22,322,1996,4086.4
195,1,22,322,1997,4038.21
195,1,22,322,1998,4247.21
195,1,22,322,1999,4341.29
195,1,22,322,2000,4423.04
195,1,22,322,2001,4418.63
195,1,22,322,2002,4456.9
195,1,22,322,2003,4433.06
195,1,22,322,2004,4421.11
195,1,22,322,2005,4312.04
195,1,22,322,2006,4145.29
195,1,22,322,2007,3983.89
195,1,22,322,2008,3894.1
195,1,22,322,2009,3802.79
195,1,22,322,2010,3692.24
195,1,22,322,2011,3458.3
195,1,22,322,2012,3244.38
195,1,22,322,2013,3144.23
195,1,22,322,2014,2935.18
195,1,22,322,2015,2722.3
195,1,22,322,2016,2640.71
195,1,27,322,1990,5101.1
195,1,27,322,1991,4931.71
195,1,27,322,1992,4835.94
195,1,27,322,1993,4680.19
195,1,27,322,1994,4650.18
195,1,27,322,1995,4686.83
195,1,27,322,1996,4774.29
195,1,27,322,1997,4753.36
195,1,27,322,1998,4923.99
195,1,27,322,1999,5016.89
195,1,27,322,2000,5113.87
195,1,27,322,2001,5079.76
195,1,27,322,2002,5138.26
195,1,27,322,2003,5116.42
195,1,27,322,2004,5095.33
195,1,27,322,2005,4998.99
195,1,27,322,2006,4846.93
195,1,27,322,2007,4657.75
195,1,27,322,2008,4548.29
195,1,27,322,2009,4374.98
195,1,27,322,2010,4293.13
195,1,27,322,2011,4106.67
195,1,27,322,2012,3904.32
195,1,27,322,2013,3821.97
195,1,27,322,2014,3601.87
195,1,27,322,2015,3426.35
195,1,27,322,2016,3339.49
195,2,22,322,1990,4196.94
195,2,22,322,1991,4006.29
195,2,22,322,1992,3798.96
195,2,22,322,1993,3602.95
195,2,22,322,1994,3442.47
195,2,22,322,1995,3318.09
195,2,22,322,1996,3206.27
195,2,22,322,1997,3168.8
195,2,22,322,1998,3340.6
195,2,22,322,1999,3410.27
195,2,22,322,2000,3456.87
195,2,22,322,2001,3465.94
195,2,22,322,2002,3477.1
195,2,22,322,2003,3407.98
195,2,22,322,2004,3352.47
195,2,22,322,2005,3231.56
195,2,22,322,2006,3084.54
195,2,22,322,2007,2965.4
195,2,22,322,2008,2875.73
195,2,22,322,2009,2855.29
195,2,22,322,2010,2724.06
195,2,22,322,2011,2504.4
195,2,22,322,2012,2332.66
195,2,22,322,2013,2228.61
195,2,22,322,2014,2013.01
195,2,22,322,2015,1833.21
195,2,22,322,2016,1762.43
195,2,27,322,1990,3572.25
195,2,27,322,1991,3440.57
195,2,27,322,1992,3315.99
195,2,27,322,1993,3209
195,2,27,322,1994,3130.88
195,2,27,322,1995,3090.52
195,2,27,322,1996,3034.11
195,2,27,322,1997,3052.81
195,2,27,322,1998,3183.68
195,2,27,322,1999,3254.94
195,2,27,322,2000,3317.08
195,2,27,322,2001,3326.72
195,2,27,322,2002,3352.37
195,2,27,322,2003,3283.42
195,2,27,322,2004,3220.11
195,2,27,322,2005,3115.64
195,2,27,322,2006,3003.96
195,2,27,322,2007,2900.34
195,2,27,322,2008,2801.83
195,2,27,322,2009,2760.62
195,2,27,322,2010,2637.64
195,2,27,322,2011,2457.32
195,2,27,322,2012,2322.88
195,2,27,322,2013,2235.97
195,2,27,322,2014,2054.7
195,2,27,322,2015,1915.8
195,2,27,322,2016,1849.71
195,3,22,322,1990,4574.14
195,3,22,322,1991,4370.21
195,3,22,322,1992,4168.2
195,3,22,322,1993,3958.66
195,3,22,322,1994,3810.43
195,3,22,322,1995,3706.68
195,3,22,322,1996,3638.39
195,3,22,322,1997,3595.99
195,3,22,322,1998,3786.37
195,3,22,322,1999,3868.2
195,3,22,322,2000,3932.04
195,3,22,322,2001,3934.1
195,3,22,322,2002,3958.02
195,3,22,322,2003,3910.39
195,3,22,322,2004,3875.39
195,3,22,322,2005,3759.41
195,3,22,322,2006,3601.9
195,3,22,322,2007,3461.34
195,3,22,322,2008,3370.89
195,3,22,322,2009,3315.49
195,3,22,322,2010,3193.99
195,3,22,322,2011,2967.43
195,3,22,322,2012,2775.43
195,3,22,322,2013,2673.63
195,3,22,322,2014,2461.61
195,3,22,322,2015,2266.07
195,3,22,322,2016,2190.33
195,3,27,322,1990,4262.32
195,3,27,322,1991,4114.08
195,3,27,322,1992,4002.91
195,3,27,322,1993,3874.02
195,3,27,322,1994,3818.28
195,3,27,322,1995,3813.83
195,3,27,322,1996,3824.64
195,3,27,322,1997,3826.32
195,3,27,322,1998,3976.08
195,3,27,322,1999,4057.74
195,3,27,322,2000,4135.97
195,3,27,322,2001,4123.92
195,3,27,322,2002,4162.32
195,3,27,322,2003,4111.82
195,3,27,322,2004,4064.16
195,3,27,322,2005,3959.07
195,3,27,322,2006,3826.21
195,3,27,322,2007,3681.35
195,3,27,322,2008,3574.86
195,3,27,322,2009,3472.06
195,3,27,322,2010,3364.44
195,3,27,322,2011,3179.97
195,3,27,322,2012,3015.02
195,3,27,322,2013,2929.59
195,3,27,322,2014,2732.94
195,3,27,322,2015,2577.04
195,3,27,322,2016,2501.91
196,1,22,322,1990,4326.18
196,1,22,322,1991,4146.04
196,1,22,322,1992,3991.46
196,1,22,322,1993,3816.85
196,1,22,322,1994,3729.06
196,1,22,322,1995,3669.79
196,1,22,322,1996,3683.32
196,1,22,322,1997,3780.52
196,1,22,322,1998,3881.16
196,1,22,322,1999,4060.26
196,1,22,322,2000,4320.14
196,1,22,322,2001,4366.59
196,1,22,322,2002,4407.45
196,1,22,322,2003,4399.07
196,1,22,322,2004,4361.29
196,1,22,322,2005,4364.84
196,1,22,322,2006,4321.5
196,1,22,322,2007,4197.83
196,1,22,322,2008,4066.7
196,1,22,322,2009,3814.59
196,1,22,322,2010,3469.18
196,1,22,322,2011,3215.54
196,1,22,322,2012,3004.76
196,1,22,322,2013,2836.99
196,1,22,322,2014,2723.53
196,1,22,322,2015,2612.62
196,1,22,322,2016,2562.24
196,1,27,322,1990,4305.16
196,1,27,322,1991,4195.26
196,1,27,322,1992,4107.53
196,1,27,322,1993,3984.82
196,1,27,322,1994,3948.71
196,1,27,322,1995,3939.37
196,1,27,322,1996,4002.62
196,1,27,322,1997,4170.9
196,1,27,322,1998,4303.56
196,1,27,322,1999,4496.64
196,1,27,322,2000,4779.28
196,1,27,322,2001,4814.41
196,1,27,322,2002,4847.09
196,1,27,322,2003,4846.42
196,1,27,322,2004,4809.56
196,1,27,322,2005,4813.97
196,1,27,322,2006,4788.85
196,1,27,322,2007,4663.54
196,1,27,322,2008,4520.69
196,1,27,322,2009,4290.01
196,1,27,322,2010,3972.17
196,1,27,322,2011,3735.84
196,1,27,322,2012,3527.27
196,1,27,322,2013,3344.68
196,1,27,322,2014,3212.85
196,1,27,322,2015,3073.25
196,1,27,322,2016,2997.56
196,2,22,322,1990,4025.27
196,2,22,322,1991,3819.83
196,2,22,322,1992,3686.47
196,2,22,322,1993,3465.72
196,2,22,322,1994,3393.22
196,2,22,322,1995,3231.99
196,2,22,322,1996,3221.19
196,2,22,322,1997,3288.88
196,2,22,322,1998,3375.79
196,2,22,322,1999,3519.95
196,2,22,322,2000,3752.96
196,2,22,322,2001,3816.21
196,2,22,322,2002,3870.4
196,2,22,322,2003,3885.48
196,2,22,322,2004,3878.71
196,2,22,322,2005,3896.2
196,2,22,322,2006,3855.76
196,2,22,322,2007,3728.33
196,2,22,322,2008,3559.04
196,2,22,322,2009,3279.35
196,2,22,322,2010,2946.24
196,2,22,322,2011,2672.76
196,2,22,322,2012,2446.11
196,2,22,322,2013,2298.37
196,2,22,322,2014,2213.39
196,2,22,322,2015,2141.2
196,2,22,322,2016,2098.35
196,2,27,322,1990,3770.49
196,2,27,322,1991,3604.41
196,2,27,322,1992,3519.29
196,2,27,322,1993,3334.32
196,2,27,322,1994,3304.18
196,2,27,322,1995,3166.88
196,2,27,322,1996,3191.85
196,2,27,322,1997,3312.2
196,2,27,322,1998,3415.31
196,2,27,322,1999,3562.89
196,2,27,322,2000,3792.34
196,2,27,322,2001,3844.4
196,2,27,322,2002,3878.69
196,2,27,322,2003,3883.45
196,2,27,322,2004,3872.26
196,2,27,322,2005,3895.62
196,2,27,322,2006,3866.27
196,2,27,322,2007,3749.15
196,2,27,322,2008,3588.85
196,2,27,322,2009,3331.21
196,2,27,322,2010,3024.9
196,2,27,322,2011,2776.21
196,2,27,322,2012,2566.74
196,2,27,322,2013,2422.13
196,2,27,322,2014,2331.91
196,2,27,322,2015,2247.68
196,2,27,322,2016,2192.63
196,3,22,322,1990,4173.66
196,3,22,322,1991,3980.59
196,3,22,322,1992,3836.7
196,3,22,322,1993,3638.6
196,3,22,322,1994,3558.46
196,3,22,322,1995,3447.16
196,3,22,322,1996,3448.02
196,3,22,322,1997,3529.7
196,3,22,322,1998,3622.75
196,3,22,322,1999,3783.46
196,3,22,322,2000,4029.29
196,3,22,322,2001,4084.16
196,3,22,322,2002,4132.15
196,3,22,322,2003,4136.35
196,3,22,322,2004,4114.93
196,3,22,322,2005,4125.87
196,3,22,322,2006,4084.43
196,3,22,322,2007,3958.79
196,3,22,322,2008,3807.86
196,3,22,322,2009,3541.3
196,3,22,322,2010,3202.02
196,3,22,322,2011,2937.94
196,3,22,322,2012,2719.13
196,3,22,322,2013,2561.96
196,3,22,322,2014,2463.43
196,3,22,322,2015,2372.5
196,3,22,322,2016,2325.97
196,3,27,322,1990,4011.21
196,3,27,322,1991,3868.99
196,3,27,322,1992,3780.42
196,3,27,322,1993,3622.9
196,3,27,322,1994,3587.85
196,3,27,322,1995,3507.89
196,3,27,322,1996,3548.92
196,3,27,322,1997,3689.3
196,3,27,322,1998,3802.21
196,3,27,322,1999,3968.49
196,3,27,322,2000,4219.43
196,3,27,322,2001,4260.67
196,3,27,322,2002,4293.36
196,3,27,322,2003,4295.14
196,3,27,322,2004,4272.47
196,3,27,322,2005,4287.93
196,3,27,322,2006,4260.99
196,3,27,322,2007,4140.21
196,3,27,322,2008,3988.49
196,3,27,322,2009,3743.06
196,3,27,322,2010,3431.22
196,3,27,322,2011,3188.58
196,3,27,322,2012,2980.17
196,3,27,322,2013,2818.51
196,3,27,322,2014,2709.29
196,3,27,322,2015,2600.25
196,3,27,322,2016,2536.49
197,1,22,322,1990,4901.49
197,1,22,322,1991,4702.98
197,1,22,322,1992,4522.57
197,1,22,322,1993,4417.9
197,1,22,322,1994,4504.08
197,1,22,322,1995,4763.64
197,1,22,322,1996,5153.14
197,1,22,322,1997,5446.86
197,1,22,322,1998,5905.39
197,1,22,322,1999,6443.44
197,1,22,322,2000,7024.71
197,1,22,322,2001,7507.19
197,1,22,322,2002,7877.24
197,1,22,322,2003,8199.44
197,1,22,322,2004,8312.12
197,1,22,322,2005,8446.19
197,1,22,322,2006,7985.58
197,1,22,322,2007,7625.5
197,1,22,322,2008,7672.42
197,1,22,322,2009,7172.8
197,1,22,322,2010,6561.75
197,1,22,322,2011,5972.21
197,1,22,322,2012,5564.28
197,1,22,322,2013,5287.34
197,1,22,322,2014,4903.91
197,1,22,322,2015,4596.87
197,1,22,322,2016,4525.21
197,1,27,322,1990,4647.43
197,1,27,322,1991,4584.44
197,1,27,322,1992,4462.76
197,1,27,322,1993,4355.72
197,1,27,322,1994,4491.58
197,1,27,322,1995,4757.8
197,1,27,322,1996,5205.31
197,1,27,322,1997,5369.79
197,1,27,322,1998,5778.77
197,1,27,322,1999,6124.71
197,1,27,322,2000,6568.85
197,1,27,322,2001,6948.77
197,1,27,322,2002,7190.45
197,1,27,322,2003,7412.34
197,1,27,322,2004,7464.3
197,1,27,322,2005,7523.07
197,1,27,322,2006,7200.49
197,1,27,322,2007,6920.11
197,1,27,322,2008,6859.04
197,1,27,322,2009,6481.63
197,1,27,322,2010,6068.79
197,1,27,322,2011,5695.99
197,1,27,322,2012,5448.6
197,1,27,322,2013,5282.15
197,1,27,322,2014,4950.64
197,1,27,322,2015,4693.71
197,1,27,322,2016,4608.81
197,2,22,322,1990,3756.53
197,2,22,322,1991,3611.22
197,2,22,322,1992,3499.95
197,2,22,322,1993,3425.59
197,2,22,322,1994,3426.76
197,2,22,322,1995,3562.43
197,2,22,322,1996,3684.94
197,2,22,322,1997,3849.79
197,2,22,322,1998,4096.86
197,2,22,322,1999,4498.47
197,2,22,322,2000,4973.64
197,2,22,322,2001,5350.51
197,2,22,322,2002,5732.97
197,2,22,322,2003,6022.82
197,2,22,322,2004,6199.66
197,2,22,322,2005,6400.93
197,2,22,322,2006,6056.13
197,2,22,322,2007,5774.39
197,2,22,322,2008,5810.18
197,2,22,322,2009,5440.12
197,2,22,322,2010,4897.62
197,2,22,322,2011,4366.34
197,2,22,322,2012,4005
197,2,22,322,2013,3760.04
197,2,22,322,2014,3448.73
197,2,22,322,2015,3095.89
197,2,22,322,2016,3034.31
197,2,27,322,1990,3415.85
197,2,27,322,1991,3326.23
197,2,27,322,1992,3249.75
197,2,27,322,1993,3169.34
197,2,27,322,1994,3140.26
197,2,27,322,1995,3232.33
197,2,27,322,1996,3279.97
197,2,27,322,1997,3376.01
197,2,27,322,1998,3568.79
197,2,27,322,1999,3875.76
197,2,27,322,2000,4273.17
197,2,27,322,2001,4535.17
197,2,27,322,2002,4812.59
197,2,27,322,2003,4957.74
197,2,27,322,2004,5042.29
197,2,27,322,2005,5147.33
197,2,27,322,2006,4857.53
197,2,27,322,2007,4588.54
197,2,27,322,2008,4491.23
197,2,27,322,2009,4158.24
197,2,27,322,2010,3759.13
197,2,27,322,2011,3402.83
197,2,27,322,2012,3186.15
197,2,27,322,2013,3048.86
197,2,27,322,2014,2837.63
197,2,27,322,2015,2609.55
197,2,27,322,2016,2559.41
197,3,22,322,1990,4294.94
197,3,22,322,1991,4126.34
197,3,22,322,1992,3984.65
197,3,22,322,1993,3898.3
197,3,22,322,1994,3942.36
197,3,22,322,1995,4139.42
197,3,22,322,1996,4391.81
197,3,22,322,1997,4619.89
197,3,22,322,1998,4969.88
197,3,22,322,1999,5438.37
197,3,22,322,2000,5966.19
197,3,22,322,2001,6396.05
197,3,22,322,2002,6774.65
197,3,22,322,2003,7082.5
197,3,22,322,2004,7230.24
197,3,22,322,2005,7400.52
197,3,22,322,2006,7000.45
197,3,22,322,2007,6681.52
197,3,22,322,2008,6723.84
197,3,22,322,2009,6291.23
197,3,22,322,2010,5716.06
197,3,22,322,2011,5157.16
197,3,22,322,2012,4773.9
197,3,22,322,2013,4514.15
197,3,22,322,2014,4168.1
197,3,22,322,2015,3838.73
197,3,22,322,2016,3772.93
197,3,27,322,1990,3964.65
197,3,27,322,1991,3886.84
197,3,27,322,1992,3792.41
197,3,27,322,1993,3703.79
197,3,27,322,1994,3752.5
197,3,27,322,1995,3928.73
197,3,27,322,1996,4160.81
197,3,27,322,1997,4292.22
197,3,27,322,1998,4587.82
197,3,27,322,1999,4917.22
197,3,27,322,2000,5339.98
197,3,27,322,2001,5654.96
197,3,27,322,2002,5914.15
197,3,27,322,2003,6090.58
197,3,27,322,2004,6155.81
197,3,27,322,2005,6235.2
197,3,27,322,2006,5927.71
197,3,27,322,2007,5650.94
197,3,27,322,2008,5568.69
197,3,27,322,2009,5211.33
197,3,27,322,2010,4804.24
197,3,27,322,2011,4439.71
197,3,27,322,2012,4209.27
197,3,27,322,2013,4059.52
197,3,27,322,2014,3795.12
197,3,27,322,2015,3557.6
197,3,27,322,2016,3493.52
198,1,22,322,1990,4928.94
198,1,22,322,1991,4812.35
198,1,22,322,1992,4828.93
198,1,22,322,1993,4847.04
198,1,22,322,1994,4889.31
198,1,22,322,1995,4973.78
198,1,22,322,1996,4845.65
198,1,22,322,1997,4777.59
198,1,22,322,1998,4802.14
198,1,22,322,1999,5318.27
198,1,22,322,2000,5495.9
198,1,22,322,2001,5425.2
198,1,22,322,2002,5380.5
198,1,22,322,2003,5403.67
198,1,22,322,2004,5359.16
198,1,22,322,2005,5390.83
198,1,22,322,2006,5363.7
198,1,22,322,2007,5463.97
198,1,22,322,2008,5394.43
198,1,22,322,2009,5282.1
198,1,22,322,2010,5210.94
198,1,22,322,2011,5074.14
198,1,22,322,2012,4691.33
198,1,22,322,2013,4456.86
198,1,22,322,2014,4387.52
198,1,22,322,2015,4195.31
198,1,22,322,2016,4160.86
198,1,27,322,1990,3789.99
198,1,27,322,1991,3630.83
198,1,27,322,1992,3695.53
198,1,27,322,1993,3798.16
198,1,27,322,1994,3965.68
198,1,27,322,1995,4258.44
198,1,27,322,1996,4282.14
198,1,27,322,1997,4441.26
198,1,27,322,1998,4728.97
198,1,27,322,1999,5266.62
198,1,27,322,2000,5700.01
198,1,27,322,2001,5726.08
198,1,27,322,2002,5906.84
198,1,27,322,2003,6001.4
198,1,27,322,2004,6093.58
198,1,27,322,2005,6180.96
198,1,27,322,2006,6160.17
198,1,27,322,2007,6196.44
198,1,27,322,2008,6139.68
198,1,27,322,2009,6007.38
198,1,27,322,2010,5908.52
198,1,27,322,2011,5738.41
198,1,27,322,2012,5400.4
198,1,27,322,2013,5164.75
198,1,27,322,2014,5038.25
198,1,27,322,2015,4898.34
198,1,27,322,2016,4855.71
198,2,22,322,1990,3831.15
198,2,22,322,1991,3752.34
198,2,22,322,1992,3739.74
198,2,22,322,1993,3727.57
198,2,22,322,1994,3713.24
198,2,22,322,1995,3684.41
198,2,22,322,1996,3564.64
198,2,22,322,1997,3451.56
198,2,22,322,1998,3427.13
198,2,22,322,1999,3942.87
198,2,22,322,2000,4057.94
198,2,22,322,2001,4036
198,2,22,322,2002,3985.73
198,2,22,322,2003,4047.41
198,2,22,322,2004,4044.56
198,2,22,322,2005,4083.85
198,2,22,322,2006,4103.54
198,2,22,322,2007,4257.91
198,2,22,322,2008,4267.85
198,2,22,322,2009,4240.83
198,2,22,322,2010,4228.83
198,2,22,322,2011,4146.06
198,2,22,322,2012,3803.6
198,2,22,322,2013,3584.38
198,2,22,322,2014,3446.29
198,2,22,322,2015,3237.65
198,2,22,322,2016,3189.13
198,2,27,322,1990,3141.75
198,2,27,322,1991,3068.25
198,2,27,322,1992,3088.42
198,2,27,322,1993,3118.4
198,2,27,322,1994,3149.02
198,2,27,322,1995,3192.64
198,2,27,322,1996,3156.25
198,2,27,322,1997,3134.54
198,2,27,322,1998,3242.46
198,2,27,322,1999,3682.49
198,2,27,322,2000,3876.19
198,2,27,322,2001,3908.04
198,2,27,322,2002,3958.03
198,2,27,322,2003,4029.41
198,2,27,322,2004,4098.13
198,2,27,322,2005,4078.99
198,2,27,322,2006,4054.04
198,2,27,322,2007,4086.85
198,2,27,322,2008,4073.13
198,2,27,322,2009,4057.93
198,2,27,322,2010,3997.74
198,2,27,322,2011,3893.88
198,2,27,322,2012,3646.35
198,2,27,322,2013,3472.77
198,2,27,322,2014,3418.04
198,2,27,322,2015,3285.75
198,2,27,322,2016,3254.22
198,3,22,322,1990,4377.54
198,3,22,322,1991,4279.76
198,3,22,322,1992,4281.42
198,3,22,322,1993,4284.02
198,3,22,322,1994,4297.6
198,3,22,322,1995,4324.97
198,3,22,322,1996,4201.16
198,3,22,322,1997,4110.72
198,3,22,322,1998,4110.96
198,3,22,322,1999,4627.12
198,3,22,322,2000,4773.34
198,3,22,322,2001,4726.83
198,3,22,322,2002,4678.84
198,3,22,322,2003,4720.78
198,3,22,322,2004,4696.65
198,3,22,322,2005,4731.62
198,3,22,322,2006,4727.64
198,3,22,322,2007,4854.84
198,3,22,322,2008,4825.13
198,3,22,322,2009,4755.63
198,3,22,322,2010,4714.09
198,3,22,322,2011,4604.32
198,3,22,322,2012,4241.65
198,3,22,322,2013,4014.67
198,3,22,322,2014,3910.28
198,3,22,322,2015,3709.58
198,3,22,322,2016,3667.94
198,3,27,322,1990,3468.74
198,3,27,322,1991,3354.48
198,3,27,322,1992,3396.33
198,3,27,322,1993,3461.21
198,3,27,322,1994,3557.27
198,3,27,322,1995,3719.88
198,3,27,322,1996,3711.68
198,3,27,322,1997,3775.82
198,3,27,322,1998,3969.69
198,3,27,322,1999,4455.8
198,3,27,322,2000,4763.21
198,3,27,322,2001,4791.32
198,3,27,322,2002,4902.3
198,3,27,322,2003,4982.95
198,3,27,322,2004,5061.36
198,3,27,322,2005,5090.32
198,3,27,322,2006,5065.16
198,3,27,322,2007,5096.89
198,3,27,322,2008,5060.6
198,3,27,322,2009,4988.26
198,3,27,322,2010,4907.31
198,3,27,322,2011,4770.22
198,3,27,322,2012,4478.68
198,3,27,322,2013,4274.92
198,3,27,322,2014,4187.94
198,3,27,322,2015,4051.52
198,3,27,322,2016,4014.86
200,1,22,322,1990,14341.95
200,1,22,322,1991,13884.82
200,1,22,322,1992,13419.99
200,1,22,322,1993,12922.12
200,1,22,322,1994,12500.03
200,1,22,322,1995,12058.52
200,1,22,322,1996,11609.07
200,1,22,322,1997,11067.22
200,1,22,322,1998,10484.07
200,1,22,322,1999,9824.48
200,1,22,322,2000,9261.92
200,1,22,322,2001,8595.9
200,1,22,322,2002,8235.41
200,1,22,322,2003,7567.99
200,1,22,322,2004,7015.24
200,1,22,322,2005,6500.21
200,1,22,322,2006,6115.96
200,1,22,322,2007,5757.39
200,1,22,322,2008,5484.76
200,1,22,322,2009,5305.54
200,1,22,322,2010,5097.1
200,1,22,322,2011,4829.89
200,1,22,322,2012,4682.07
200,1,22,322,2013,4495.82
200,1,22,322,2014,4331.39
200,1,22,322,2015,4196.27
200,1,22,322,2016,4014.53
200,1,27,322,1990,8915.85
200,1,27,322,1991,8803.56
200,1,27,322,1992,8647.29
200,1,27,322,1993,8477.99
200,1,27,322,1994,8381.14
200,1,27,322,1995,8249.34
200,1,27,322,1996,8139.5
200,1,27,322,1997,7906.01
200,1,27,322,1998,7680
200,1,27,322,1999,7355.38
200,1,27,322,2000,7096.87
200,1,27,322,2001,6774.98
200,1,27,322,2002,6591.9
200,1,27,322,2003,6242.08
200,1,27,322,2004,5937.51
200,1,27,322,2005,5642.61
200,1,27,322,2006,5431.06
200,1,27,322,2007,5231.61
200,1,27,322,2008,5087.95
200,1,27,322,2009,4995.91
200,1,27,322,2010,4883.28
200,1,27,322,2011,4681.22
200,1,27,322,2012,4578.58
200,1,27,322,2013,4457.1
200,1,27,322,2014,4350.84
200,1,27,322,2015,4254.98
200,1,27,322,2016,4135.71
200,2,22,322,1990,11523.84
200,2,22,322,1991,11306.35
200,2,22,322,1992,11047.82
200,2,22,322,1993,10755.56
200,2,22,322,1994,10501.75
200,2,22,322,1995,10240.12
200,2,22,322,1996,9943.65
200,2,22,322,1997,9566.74
200,2,22,322,1998,9118.89
200,2,22,322,1999,8666.65
200,2,22,322,2000,8226.94
200,2,22,322,2001,7656.96
200,2,22,322,2002,7390.22
200,2,22,322,2003,6845.06
200,2,22,322,2004,6367.77
200,2,22,322,2005,5908.51
200,2,22,322,2006,5535.42
200,2,22,322,2007,5261.19
200,2,22,322,2008,5016.43
200,2,22,322,2009,4892.38
200,2,22,322,2010,4708.61
200,2,22,322,2011,4471.44
200,2,22,322,2012,4294.35
200,2,22,322,2013,4071.48
200,2,22,322,2014,3865.53
200,2,22,322,2015,3706.1
200,2,22,322,2016,3497.39
200,2,27,322,1990,7292.63
200,2,27,322,1991,7204.81
200,2,27,322,1992,7109
200,2,27,322,1993,6979.47
200,2,27,322,1994,6888.93
200,2,27,322,1995,6799.45
200,2,27,322,1996,6683.64
200,2,27,322,1997,6498.74
200,2,27,322,1998,6278.08
200,2,27,322,1999,6025.06
200,2,27,322,2000,5784.15
200,2,27,322,2001,5463.2
200,2,27,322,2002,5299.85
200,2,27,322,2003,4979.12
200,2,27,322,2004,4705.01
200,2,27,322,2005,4435.41
200,2,27,322,2006,4223.35
200,2,27,322,2007,4067.1
200,2,27,322,2008,3939.05
200,2,27,322,2009,3890.74
200,2,27,322,2010,3800.83
200,2,27,322,2011,3650.58
200,2,27,322,2012,3547.09
200,2,27,322,2013,3417.59
200,2,27,322,2014,3292.86
200,2,27,322,2015,3197.5
200,2,27,322,2016,3076.63
200,3,22,322,1990,12888.39
200,3,22,322,1991,12557.73
200,3,22,322,1992,12202.2
200,3,22,322,1993,11812.81
200,3,22,322,1994,11479.2
200,3,22,322,1995,11131.13
200,3,22,322,1996,10760.36
200,3,22,322,1997,10302.83
200,3,22,322,1998,9788.72
200,3,22,322,1999,9234.94
200,3,22,322,2000,8735.28
200,3,22,322,2001,8118.74
200,3,22,322,2002,7806.59
200,3,22,322,2003,7201.87
200,3,22,322,2004,6687.91
200,3,22,322,2005,6201.54
200,3,22,322,2006,5823.3
200,3,22,322,2007,5507.54
200,3,22,322,2008,5249.18
200,3,22,322,2009,5097.9
200,3,22,322,2010,4902.01
200,3,22,322,2011,4650
200,3,22,322,2012,4487.59
200,3,22,322,2013,4283.09
200,3,22,322,2014,4097.94
200,3,22,322,2015,3950.75
200,3,22,322,2016,3755.61
200,3,27,322,1990,8049.21
200,3,27,322,1991,7944.76
200,3,27,322,1992,7819.86
200,3,27,322,1993,7669.46
200,3,27,322,1994,7573.41
200,3,27,322,1995,7462.33
200,3,27,322,1996,7344.88
200,3,27,322,1997,7134.41
200,3,27,322,1998,6907.46
200,3,27,322,1999,6617.21
200,3,27,322,2000,6366.01
200,3,27,322,2001,6044.42
200,3,27,322,2002,5871.96
200,3,27,322,2003,5537.78
200,3,27,322,2004,5251.46
200,3,27,322,2005,4971.87
200,3,27,322,2006,4762.52
200,3,27,322,2007,4586.85
200,3,27,322,2008,4453.38
200,3,27,322,2009,4386.39
200,3,27,322,2010,4287.91
200,3,27,322,2011,4116.12
200,3,27,322,2012,4016.04
200,3,27,322,2013,3893.34
200,3,27,322,2014,3779.87
200,3,27,322,2015,3686.59
200,3,27,322,2016,3569.23
201,1,22,322,1990,15832.72
201,1,22,322,1991,15325.21
201,1,22,322,1992,14801.87
201,1,22,322,1993,14242.15
201,1,22,322,1994,13807.24
201,1,22,322,1995,13313.3
201,1,22,322,1996,12814.29
201,1,22,322,1997,12315.46
201,1,22,322,1998,11775.37
201,1,22,322,1999,11492.66
201,1,22,322,2000,11461.83
201,1,22,322,2001,11073.87
201,1,22,322,2002,10802.38
201,1,22,322,2003,10219.82
201,1,22,322,2004,9807.51
201,1,22,322,2005,9490.65
201,1,22,322,2006,8934.47
201,1,22,322,2007,8541.6
201,1,22,322,2008,8181.37
201,1,22,322,2009,7893.55
201,1,22,322,2010,7705.94
201,1,22,322,2011,7476.35
201,1,22,322,2012,7423.2
201,1,22,322,2013,7292.22
201,1,22,322,2014,7058.47
201,1,22,322,2015,6710.39
201,1,22,322,2016,6402.76
201,1,27,322,1990,9400.13
201,1,27,322,1991,9174.36
201,1,27,322,1992,8972.07
201,1,27,322,1993,8783.04
201,1,27,322,1994,8611.05
201,1,27,322,1995,8414.43
201,1,27,322,1996,8196.67
201,1,27,322,1997,8003.56
201,1,27,322,1998,7791.58
201,1,27,322,1999,7601.38
201,1,27,322,2000,7572.92
201,1,27,322,2001,7283.68
201,1,27,322,2002,7088.98
201,1,27,322,2003,6790.56
201,1,27,322,2004,6572.03
201,1,27,322,2005,6399.36
201,1,27,322,2006,6120.7
201,1,27,322,2007,5933.9
201,1,27,322,2008,5755.58
201,1,27,322,2009,5611.77
201,1,27,322,2010,5563.35
201,1,27,322,2011,5470.35
201,1,27,322,2012,5514.27
201,1,27,322,2013,5407.08
201,1,27,322,2014,5329.57
201,1,27,322,2015,5180.57
201,1,27,322,2016,5035.27
201,2,22,322,1990,15350.83
201,2,22,322,1991,14892.82
201,2,22,322,1992,14387.75
201,2,22,322,1993,13867.86
201,2,22,322,1994,13451.55
201,2,22,322,1995,13007.12
201,2,22,322,1996,12502.45
201,2,22,322,1997,12049.35
201,2,22,322,1998,11489.85
201,2,22,322,1999,10982.31
201,2,22,322,2000,10700.8
201,2,22,322,2001,10085.28
201,2,22,322,2002,9622.15
201,2,22,322,2003,9057.49
201,2,22,322,2004,8598.18
201,2,22,322,2005,8198.02
201,2,22,322,2006,7718.4
201,2,22,322,2007,7304.4
201,2,22,322,2008,6949.97
201,2,22,322,2009,6629.87
201,2,22,322,2010,6455.68
201,2,22,322,2011,6264.57
201,2,22,322,2012,6150.01
201,2,22,322,2013,6003.45
201,2,22,322,2014,5788.9
201,2,22,322,2015,5459.9
201,2,22,322,2016,5187.5
201,2,27,322,1990,9206.32
201,2,27,322,1991,8967.1
201,2,27,322,1992,8766.59
201,2,27,322,1993,8530.69
201,2,27,322,1994,8341.22
201,2,27,322,1995,8133.71
201,2,27,322,1996,7887.07
201,2,27,322,1997,7687.89
201,2,27,322,1998,7421.23
201,2,27,322,1999,7149.25
201,2,27,322,2000,6976.03
201,2,27,322,2001,6596.51
201,2,27,322,2002,6321.65
201,2,27,322,2003,6019.33
201,2,27,322,2004,5781.3
201,2,27,322,2005,5561.25
201,2,27,322,2006,5313.63
201,2,27,322,2007,5088.02
201,2,27,322,2008,4888.08
201,2,27,322,2009,4723.21
201,2,27,322,2010,4660.03
201,2,27,322,2011,4585.3
201,2,27,322,2012,4571.87
201,2,27,322,2013,4483.64
201,2,27,322,2014,4401.56
201,2,27,322,2015,4247.19
201,2,27,322,2016,4108.31
201,3,22,322,1990,15586.19
201,3,22,322,1991,15104.09
201,3,22,322,1992,14590.2
201,3,22,322,1993,14050.94
201,3,22,322,1994,13625.63
201,3,22,322,1995,13157.04
201,3,22,322,1996,12655.21
201,3,22,322,1997,12179.76
201,3,22,322,1998,11629.85
201,3,22,322,1999,11232.7
201,3,22,322,2000,11074.43
201,3,22,322,2001,10571.05
201,3,22,322,2002,10202.63
201,3,22,322,2003,9629.72
201,3,22,322,2004,9194.12
201,3,22,322,2005,8835.6
201,3,22,322,2006,8318.81
201,3,22,322,2007,7915.84
201,3,22,322,2008,7559.12
201,3,22,322,2009,7255.53
201,3,22,322,2010,7075.15
201,3,22,322,2011,6865.38
201,3,22,322,2012,6781.63
201,3,22,322,2013,6643.12
201,3,22,322,2014,6419.32
201,3,22,322,2015,6081.1
201,3,22,322,2016,5791.36
201,3,27,322,1990,9262.63
201,3,27,322,1991,9028.61
201,3,27,322,1992,8828.77
201,3,27,322,1993,8612.44
201,3,27,322,1994,8430.57
201,3,27,322,1995,8226.55
201,3,27,322,1996,7993.73
201,3,27,322,1997,7796.77
201,3,27,322,1998,7555.35
201,3,27,322,1999,7329.38
201,3,27,322,2000,7228.29
201,3,27,322,2001,6898.92
201,3,27,322,2002,6668.15
201,3,27,322,2003,6369.57
201,3,27,322,2004,6144.46
201,3,27,322,2005,5949.36
201,3,27,322,2006,5688.05
201,3,27,322,2007,5481.11
201,3,27,322,2008,5291.27
201,3,27,322,2009,5138.19
201,3,27,322,2010,5081.76
201,3,27,322,2011,4998.4
201,3,27,322,2012,5013.99
201,3,27,322,2013,4920.14
201,3,27,322,2014,4840.72
201,3,27,322,2015,4689.38
201,3,27,322,2016,4547.56
202,1,22,322,1990,7802.77
202,1,22,322,1991,7782.68
202,1,22,322,1992,7809.9
202,1,22,322,1993,7901.63
202,1,22,322,1994,7913.3
202,1,22,322,1995,7916.13
202,1,22,322,1996,7950.88
202,1,22,322,1997,7948.64
202,1,22,322,1998,7836.52
202,1,22,322,1999,7632.2
202,1,22,322,2000,7556.26
202,1,22,322,2001,7288.94
202,1,22,322,2002,7276.67
202,1,22,322,2003,6963.24
202,1,22,322,2004,6619.69
202,1,22,322,2005,6513.25
202,1,22,322,2006,6546.98
202,1,22,322,2007,6481.4
202,1,22,322,2008,6535.86
202,1,22,322,2009,6576.73
202,1,22,322,2010,6562.12
202,1,22,322,2011,6362.4
202,1,22,322,2012,6194.47
202,1,22,322,2013,5897.64
202,1,22,322,2014,5705.94
202,1,22,322,2015,5438.4
202,1,22,322,2016,5291.08
202,1,27,322,1990,5681.29
202,1,27,322,1991,5738.9
202,1,27,322,1992,5843.7
202,1,27,322,1993,6005.89
202,1,27,322,1994,6079.98
202,1,27,322,1995,6166.92
202,1,27,322,1996,6289.9
202,1,27,322,1997,6406.9
202,1,27,322,1998,6436.46
202,1,27,322,1999,6340.69
202,1,27,322,2000,6333.32
202,1,27,322,2001,6178.98
202,1,27,322,2002,6159.89
202,1,27,322,2003,5982.28
202,1,27,322,2004,5791.61
202,1,27,322,2005,5734.99
202,1,27,322,2006,5742.45
202,1,27,322,2007,5706.61
202,1,27,322,2008,5718.79
202,1,27,322,2009,5711.37
202,1,27,322,2010,5680.57
202,1,27,322,2011,5486.69
202,1,27,322,2012,5381.04
202,1,27,322,2013,5215.05
202,1,27,322,2014,5102.92
202,1,27,322,2015,4951.57
202,1,27,322,2016,4866.97
202,2,22,322,1990,6885.02
202,2,22,322,1991,6836.92
202,2,22,322,1992,6801.7
202,2,22,322,1993,6800.47
202,2,22,322,1994,6789.93
202,2,22,322,1995,6737.71
202,2,22,322,1996,6713.74
202,2,22,322,1997,6657.02
202,2,22,322,1998,6513.03
202,2,22,322,1999,6336.95
202,2,22,322,2000,6258.09
202,2,22,322,2001,6027
202,2,22,322,2002,6016.34
202,2,22,322,2003,5748.17
202,2,22,322,2004,5460.66
202,2,22,322,2005,5323.55
202,2,22,322,2006,5314.36
202,2,22,322,2007,5261.26
202,2,22,322,2008,5308.8
202,2,22,322,2009,5375.24
202,2,22,322,2010,5381.13
202,2,22,322,2011,5245.13
202,2,22,322,2012,5055.81
202,2,22,322,2013,4786.3
202,2,22,322,2014,4573.38
202,2,22,322,2015,4329.39
202,2,22,322,2016,4191.73
202,2,27,322,1990,5064.6
202,2,27,322,1991,5057.45
202,2,27,322,1992,5072.2
202,2,27,322,1993,5108.85
202,2,27,322,1994,5159.92
202,2,27,322,1995,5183.18
202,2,27,322,1996,5213.7
202,2,27,322,1997,5260.46
202,2,27,322,1998,5230.13
202,2,27,322,1999,5132.01
202,2,27,322,2000,5089.29
202,2,27,322,2001,4926.3
202,2,27,322,2002,4896.31
202,2,27,322,2003,4716.52
202,2,27,322,2004,4535.69
202,2,27,322,2005,4445.19
202,2,27,322,2006,4407.88
202,2,27,322,2007,4354.29
202,2,27,322,2008,4352.32
202,2,27,322,2009,4361.85
202,2,27,322,2010,4353.45
202,2,27,322,2011,4225.88
202,2,27,322,2012,4108.51
202,2,27,322,2013,3956.1
202,2,27,322,2014,3830.68
202,2,27,322,2015,3690.01
202,2,27,322,2016,3606.28
202,3,22,322,1990,7340.76
202,3,22,322,1991,7306.7
202,3,22,322,1992,7302.63
202,3,22,322,1993,7347.72
202,3,22,322,1994,7348.35
202,3,22,322,1995,7323.64
202,3,22,322,1996,7329.01
202,3,22,322,1997,7299.57
202,3,22,322,1998,7171.64
202,3,22,322,1999,6981.71
202,3,22,322,2000,6904.51
202,3,22,322,2001,6655.61
202,3,22,322,2002,6644.39
202,3,22,322,2003,6353.89
202,3,22,322,2004,6038.66
202,3,22,322,2005,5917.05
202,3,22,322,2006,5929.48
202,3,22,322,2007,5870.36
202,3,22,322,2008,5921.55
202,3,22,322,2009,5975.4
202,3,22,322,2010,5971.2
202,3,22,322,2011,5803.48
202,3,22,322,2012,5624.96
202,3,22,322,2013,5341.88
202,3,22,322,2014,5139.66
202,3,22,322,2015,4883.98
202,3,22,322,2016,4741.55
202,3,27,322,1990,5368.13
202,3,27,322,1991,5391.58
202,3,27,322,1992,5449.29
202,3,27,322,1993,5546.03
202,3,27,322,1994,5608.59
202,3,27,322,1995,5662.82
202,3,27,322,1996,5737.63
202,3,27,322,1997,5819
202,3,27,322,1998,5817.85
202,3,27,322,1999,5720.67
202,3,27,322,2000,5695.02
202,3,27,322,2001,5535.45
202,3,27,322,2002,5510.68
202,3,27,322,2003,5331.18
202,3,27,322,2004,5145
202,3,27,322,2005,5071.26
202,3,27,322,2006,5055.83
202,3,27,322,2007,5010.63
202,3,27,322,2008,5015.46
202,3,27,322,2009,5016.56
202,3,27,322,2010,4997.49
202,3,27,322,2011,4838.11
202,3,27,322,2012,4727.04
202,3,27,322,2013,4568.21
202,3,27,322,2014,4449.7
202,3,27,322,2015,4303.86
202,3,27,322,2016,4219.94
203,1,22,322,1990,3023.35
203,1,22,322,1991,2871.47
203,1,22,322,1992,2866.7
203,1,22,322,1993,2947.96
203,1,22,322,1994,3115.57
203,1,22,322,1995,3365.79
203,1,22,322,1996,3607.26
203,1,22,322,1997,3671.76
203,1,22,322,1998,3517.86
203,1,22,322,1999,3292.83
203,1,22,322,2000,3081.01
203,1,22,322,2001,2895.69
203,1,22,322,2002,2734.22
203,1,22,322,2003,2579.95
203,1,22,322,2004,2438.05
203,1,22,322,2005,2314.43
203,1,22,322,2006,2263.55
203,1,22,322,2007,2143.64
203,1,22,322,2008,2027.57
203,1,22,322,2009,1924.39
203,1,22,322,2010,1881.17
203,1,22,322,2011,1798.68
203,1,22,322,2012,1744.93
203,1,22,322,2013,1677.89
203,1,22,322,2014,1623.66
203,1,22,322,2015,1566.86
203,1,22,322,2016,1517.15
203,1,27,322,1990,2551.38
203,1,27,322,1991,2511.22
203,1,27,322,1992,2540.63
203,1,27,322,1993,2636.91
203,1,27,322,1994,2805.33
203,1,27,322,1995,3065.26
203,1,27,322,1996,3360.99
203,1,27,322,1997,3538.46
203,1,27,322,1998,3512.34
203,1,27,322,1999,3399.92
203,1,27,322,2000,3288.5
203,1,27,322,2001,3186.78
203,1,27,322,2002,3097.11
203,1,27,322,2003,3008.28
203,1,27,322,2004,2925.03
203,1,27,322,2005,2849.62
203,1,27,322,2006,2815.89
203,1,27,322,2007,2732.25
203,1,27,322,2008,2644.79
203,1,27,322,2009,2564.55
203,1,27,322,2010,2520.86
203,1,27,322,2011,2461.65
203,1,27,322,2012,2410.96
203,1,27,322,2013,2356.57
203,1,27,322,2014,2309.03
203,1,27,322,2015,2261.7
203,1,27,322,2016,2214.46
203,2,22,322,1990,3100.08
203,2,22,322,1991,2918.45
203,2,22,322,1992,2902.47
203,2,22,322,1993,2958.88
203,2,22,322,1994,3075.15
203,2,22,322,1995,3232.1
203,2,22,322,1996,3343.5
203,2,22,322,1997,3289.61
203,2,22,322,1998,3048.71
203,2,22,322,1999,2765.87
203,2,22,322,2000,2515.27
203,2,22,322,2001,2303.09
203,2,22,322,2002,2114.26
203,2,22,322,2003,1935.64
203,2,22,322,2004,1773.53
203,2,22,322,2005,1626.29
203,2,22,322,2006,1557.11
203,2,22,322,2007,1421.94
203,2,22,322,2008,1293.35
203,2,22,322,2009,1180.34
203,2,22,322,2010,1137.65
203,2,22,322,2011,1052.04
203,2,22,322,2012,1014.78
203,2,22,322,2013,954.72
203,2,22,322,2014,910.53
203,2,22,322,2015,863.93
203,2,22,322,2016,824.9
203,2,27,322,1990,2262.05
203,2,27,322,1991,2179.81
203,2,27,322,1992,2185.59
203,2,27,322,1993,2239.81
203,2,27,322,1994,2335.31
203,2,27,322,1995,2467.64
203,2,27,322,1996,2577.08
203,2,27,322,1997,2581.99
203,2,27,322,1998,2456.18
203,2,27,322,1999,2288.42
203,2,27,322,2000,2134.02
203,2,27,322,2001,1994.76
203,2,27,322,2002,1865.05
203,2,27,322,2003,1738.26
203,2,27,322,2004,1622.05
203,2,27,322,2005,1514.48
203,2,27,322,2006,1459.5
203,2,27,322,2007,1359.02
203,2,27,322,2008,1262.5
203,2,27,322,2009,1178.93
203,2,27,322,2010,1142.25
203,2,27,322,2011,1078.2
203,2,27,322,2012,1054.41
203,2,27,322,2013,1011.87
203,2,27,322,2014,980.8
203,2,27,322,2015,948.75
203,2,27,322,2016,919.69
203,3,22,322,1990,3063.7
203,3,22,322,1991,2896.11
203,3,22,322,1992,2885.41
203,3,22,322,1993,2953.66
203,3,22,322,1994,3094.53
203,3,22,322,1995,3296.33
203,3,22,322,1996,3470.36
203,3,22,322,1997,3473.53
203,3,22,322,1998,3274.6
203,3,22,322,1999,3019.8
203,3,22,322,2000,2788.28
203,3,22,322,2001,2589.81
203,3,22,322,2002,2415.13
203,3,22,322,2003,2249.33
203,3,22,322,2004,2098.05
203,3,22,322,2005,1963.22
203,3,22,322,2006,1903.62
203,3,22,322,2007,1776.52
203,3,22,322,2008,1654.57
203,3,22,322,2009,1546.8
203,3,22,322,2010,1504.17
203,3,22,322,2011,1420.39
203,3,22,322,2012,1375.15
203,3,22,322,2013,1311.72
203,3,22,322,2014,1262.65
203,3,22,322,2015,1211.12
203,3,22,322,2016,1166.89
203,3,27,322,1990,2359.66
203,3,27,322,1991,2297.55
203,3,27,322,1992,2314.56
203,3,27,322,1993,2387.87
203,3,27,322,1994,2515.69
203,3,27,322,1995,2703.94
203,3,27,322,1996,2894.13
203,3,27,322,1997,2973.73
203,3,27,322,1998,2892.9
203,3,27,322,1999,2751.47
203,3,27,322,2000,2617.4
203,3,27,322,2001,2496.5
203,3,27,322,2002,2386.64
203,3,27,322,2003,2278.61
203,3,27,322,2004,2179
203,3,27,322,2005,2087.66
203,3,27,322,2006,2043.61
203,3,27,322,2007,1952.58
203,3,27,322,2008,1861.99
203,3,27,322,2009,1781.77
203,3,27,322,2010,1742.93
203,3,27,322,2011,1679.72
203,3,27,322,2012,1642.46
203,3,27,322,2013,1593.26
203,3,27,322,2014,1553.95
203,3,27,322,2015,1514.36
203,3,27,322,2016,1476.58
204,1,22,322,1990,12646.29
204,1,22,322,1991,12406.68
204,1,22,322,1992,12343.69
204,1,22,322,1993,12344.66
204,1,22,322,1994,12343.22
204,1,22,322,1995,12342.9
204,1,22,322,1996,12468.1
204,1,22,322,1997,12474.94
204,1,22,322,1998,12413.38
204,1,22,322,1999,12234.92
204,1,22,322,2000,12175.55
204,1,22,322,2001,12036.67
204,1,22,322,2002,11939.02
204,1,22,322,2003,11693.74
204,1,22,322,2004,11377.58
204,1,22,322,2005,10971.83
204,1,22,322,2006,11000.48
204,1,22,322,2007,11226.14
204,1,22,322,2008,10980.06
204,1,22,322,2009,10748.85
204,1,22,322,2010,10479.05
204,1,22,322,2011,10040.69
204,1,22,322,2012,9609.03
204,1,22,322,2013,9269.62
204,1,22,322,2014,8825.13
204,1,22,322,2015,8620.55
204,1,22,322,2016,8296.99
204,1,27,322,1990,7870.87
204,1,27,322,1991,7760.27
204,1,27,322,1992,7796.15
204,1,27,322,1993,7882.84
204,1,27,322,1994,7957.77
204,1,27,322,1995,7996.12
204,1,27,322,1996,8231.59
204,1,27,322,1997,8363.7
204,1,27,322,1998,8402.81
204,1,27,322,1999,8355.47
204,1,27,322,2000,8302.5
204,1,27,322,2001,8218.46
204,1,27,322,2002,8161.34
204,1,27,322,2003,8027.11
204,1,27,322,2004,7866.01
204,1,27,322,2005,7597.27
204,1,27,322,2006,7575.42
204,1,27,322,2007,7685.64
204,1,27,322,2008,7559.11
204,1,27,322,2009,7432.62
204,1,27,322,2010,7297.76
204,1,27,322,2011,7070.27
204,1,27,322,2012,6838.67
204,1,27,322,2013,6630.5
204,1,27,322,2014,6389.18
204,1,27,322,2015,6264.07
204,1,27,322,2016,6085.96
204,2,22,322,1990,11604.47
204,2,22,322,1991,11445.65
204,2,22,322,1992,11386.41
204,2,22,322,1993,11433
204,2,22,322,1994,11402.08
204,2,22,322,1995,11472.96
204,2,22,322,1996,11518.25
204,2,22,322,1997,11507.65
204,2,22,322,1998,11466.75
204,2,22,322,1999,11334.13
204,2,22,322,2000,11257.03
204,2,22,322,2001,11137.29
204,2,22,322,2002,11056.01
204,2,22,322,2003,10779.5
204,2,22,322,2004,10423.22
204,2,22,322,2005,9976.13
204,2,22,322,2006,10016.05
204,2,22,322,2007,10213.74
204,2,22,322,2008,9935.92
204,2,22,322,2009,9722.34
204,2,22,322,2010,9464.5
204,2,22,322,2011,9042.66
204,2,22,322,2012,8566.35
204,2,22,322,2013,8235.88
204,2,22,322,2014,7833.48
204,2,22,322,2015,7644.66
204,2,22,322,2016,7351.01
204,2,27,322,1990,7082.61
204,2,27,322,1991,6989.83
204,2,27,322,1992,7004.82
204,2,27,322,1993,7082.51
204,2,27,322,1994,7087.73
204,2,27,322,1995,7157.13
204,2,27,322,1996,7229.83
204,2,27,322,1997,7269.15
204,2,27,322,1998,7302.18
204,2,27,322,1999,7231.06
204,2,27,322,2000,7158.94
204,2,27,322,2001,7082.03
204,2,27,322,2002,7039.89
204,2,27,322,2003,6909.25
204,2,27,322,2004,6698.69
204,2,27,322,2005,6418.42
204,2,27,322,2006,6395.41
204,2,27,322,2007,6480
204,2,27,322,2008,6336.74
204,2,27,322,2009,6214.29
204,2,27,322,2010,6079.47
204,2,27,322,2011,5842.66
204,2,27,322,2012,5577.2
204,2,27,322,2013,5386.88
204,2,27,322,2014,5165.08
204,2,27,322,2015,5051.46
204,2,27,322,2016,4884.9
204,3,22,322,1990,12121.43
204,3,22,322,1991,11922.75
204,3,22,322,1992,11861.86
204,3,22,322,1993,11885.98
204,3,22,322,1994,11869.89
204,3,22,322,1995,11905.53
204,3,22,322,1996,11990.72
204,3,22,322,1997,11988.94
204,3,22,322,1998,11937.88
204,3,22,322,1999,11782.57
204,3,22,322,2000,11714.43
204,3,22,322,2001,11585.31
204,3,22,322,2002,11496.03
204,3,22,322,2003,11235.27
204,3,22,322,2004,10899.18
204,3,22,322,2005,10472.9
204,3,22,322,2006,10507.4
204,3,22,322,2007,10719.26
204,3,22,322,2008,10457.51
204,3,22,322,2009,10235.31
204,3,22,322,2010,9971.67
204,3,22,322,2011,9541.72
204,3,22,322,2012,9087.87
204,3,22,322,2013,8753.05
204,3,22,322,2014,8329.7
204,3,22,322,2015,8133.08
204,3,22,322,2016,7824.55
204,3,27,322,1990,7463.17
204,3,27,322,1991,7360.5
204,3,27,322,1992,7385.51
204,3,27,322,1993,7466.94
204,3,27,322,1994,7504.89
204,3,27,322,1995,7558.59
204,3,27,322,1996,7708.34
204,3,27,322,1997,7791.08
204,3,27,322,1998,7826.85
204,3,27,322,1999,7766.09
204,3,27,322,2000,7703.24
204,3,27,322,2001,7623.17
204,3,27,322,2002,7574.32
204,3,27,322,2003,7443.57
204,3,27,322,2004,7257.1
204,3,27,322,2005,6983.33
204,3,27,322,2006,6960.93
204,3,27,322,2007,7058.53
204,3,27,322,2008,6924.37
204,3,27,322,2009,6800.05
204,3,27,322,2010,6665.55
204,3,27,322,2011,6433.23
204,3,27,322,2012,6184.81
204,3,27,322,2013,5986.11
204,3,27,322,2014,5754.61
204,3,27,322,2015,5635.37
204,3,27,322,2016,5463.25
205,1,22,322,1990,8989.8
205,1,22,322,1991,8797.02
205,1,22,322,1992,8698.74
205,1,22,322,1993,8609.14
205,1,22,322,1994,8551.67
205,1,22,322,1995,8509.54
205,1,22,322,1996,8384.83
205,1,22,322,1997,8224.76
205,1,22,322,1998,8091.19
205,1,22,322,1999,7874.3
205,1,22,322,2000,7721.58
205,1,22,322,2001,7390.32
205,1,22,322,2002,7095.25
205,1,22,322,2003,6813.85
205,1,22,322,2004,6628.64
205,1,22,322,2005,6409.9
205,1,22,322,2006,6337.3
205,1,22,322,2007,6104.16
205,1,22,322,2008,5861.33
205,1,22,322,2009,5653.07
205,1,22,322,2010,5524.04
205,1,22,322,2011,5482.89
205,1,22,322,2012,5723.63
205,1,22,322,2013,5722.61
205,1,22,322,2014,5538.94
205,1,22,322,2015,5344.5
205,1,22,322,2016,5208.73
205,1,27,322,1990,6888.24
205,1,27,322,1991,6871.25
205,1,27,322,1992,6955.7
205,1,27,322,1993,7047.24
205,1,27,322,1994,7136.31
205,1,27,322,1995,7248.81
205,1,27,322,1996,7238.41
205,1,27,322,1997,7161.79
205,1,27,322,1998,7121.41
205,1,27,322,1999,6965.84
205,1,27,322,2000,6864.03
205,1,27,322,2001,6644.11
205,1,27,322,2002,6440.26
205,1,27,322,2003,6262.47
205,1,27,322,2004,6180.77
205,1,27,322,2005,6019.1
205,1,27,322,2006,5978.82
205,1,27,322,2007,5812.34
205,1,27,322,2008,5652.81
205,1,27,322,2009,5518.92
205,1,27,322,2010,5435.84
205,1,27,322,2011,5411.45
205,1,27,322,2012,5553.51
205,1,27,322,2013,5544.92
205,1,27,322,2014,5389.02
205,1,27,322,2015,5220.49
205,1,27,322,2016,5091.42
205,2,22,322,1990,6957.86
205,2,22,322,1991,6806.06
205,2,22,322,1992,6639.34
205,2,22,322,1993,6510.81
205,2,22,322,1994,6395.02
205,2,22,322,1995,6313.85
205,2,22,322,1996,6189.79
205,2,22,322,1997,6074.83
205,2,22,322,1998,5932.61
205,2,22,322,1999,5777.32
205,2,22,322,2000,5616.71
205,2,22,322,2001,5333.01
205,2,22,322,2002,5058.06
205,2,22,322,2003,4822.07
205,2,22,322,2004,4617.82
205,2,22,322,2005,4443.53
205,2,22,322,2006,4350.55
205,2,22,322,2007,4182.06
205,2,22,322,2008,3991.8
205,2,22,322,2009,3854.19
205,2,22,322,2010,3754.66
205,2,22,322,2011,3729.35
205,2,22,322,2012,3967.19
205,2,22,322,2013,4006.98
205,2,22,322,2014,3862.04
205,2,22,322,2015,3712.18
205,2,22,322,2016,3531.08
205,2,27,322,1990,4957.7
205,2,27,322,1991,4936.38
205,2,27,322,1992,4907.01
205,2,27,322,1993,4946.55
205,2,27,322,1994,4950.07
205,2,27,322,1995,4988.74
205,2,27,322,1996,4977.19
205,2,27,322,1997,4945.58
205,2,27,322,1998,4896.76
205,2,27,322,1999,4814.36
205,2,27,322,2000,4716.4
205,2,27,322,2001,4559.59
205,2,27,322,2002,4376.28
205,2,27,322,2003,4237.15
205,2,27,322,2004,4093.52
205,2,27,322,2005,4000.17
205,2,27,322,2006,3954.28
205,2,27,322,2007,3841.94
205,2,27,322,2008,3717.76
205,2,27,322,2009,3619.55
205,2,27,322,2010,3559.76
205,2,27,322,2011,3550.85
205,2,27,322,2012,3687.63
205,2,27,322,2013,3706.55
205,2,27,322,2014,3596.22
205,2,27,322,2015,3479.09
205,2,27,322,2016,3350.11
205,3,22,322,1990,8015.91
205,3,22,322,1991,7841.99
205,3,22,322,1992,7710.13
205,3,22,322,1993,7601.13
205,3,22,322,1994,7514.93
205,3,22,322,1995,7453.33
205,3,22,322,1996,7328.17
205,3,22,322,1997,7189.13
205,3,22,322,1998,7050.68
205,3,22,322,1999,6862.62
205,3,22,322,2000,6705.03
205,3,22,322,2001,6395.39
205,3,22,322,2002,6108.55
205,3,22,322,2003,5847.57
205,3,22,322,2004,5651.58
205,3,22,322,2005,5453.07
205,3,22,322,2006,5369.21
205,3,22,322,2007,5166.44
205,3,22,322,2008,4948.28
205,3,22,322,2009,4773.65
205,3,22,322,2010,4658.21
205,3,22,322,2011,4623.97
205,3,22,322,2012,4862.52
205,3,22,322,2013,4880.79
205,3,22,322,2014,4715.46
205,3,22,322,2015,4542.28
205,3,22,322,2016,4383.53
205,3,27,322,1990,5969.53
205,3,27,322,1991,5951.45
205,3,27,322,1992,5983.53
205,3,27,322,1993,6051.57
205,3,27,322,1994,6101.19
205,3,27,322,1995,6180.57
205,3,27,322,1996,6170.31
205,3,27,322,1997,6115.31
205,3,27,322,1998,6071.99
205,3,27,322,1999,5951.65
205,3,27,322,2000,5852.16
205,3,27,322,2001,5661.89
205,3,27,322,2002,5467.4
205,3,27,322,2003,5307.51
205,3,27,322,2004,5197.06
205,3,27,322,2005,5065.87
205,3,27,322,2006,5021.69
205,3,27,322,2007,4880.32
205,3,27,322,2008,4737.25
205,3,27,322,2009,4620.28
205,3,27,322,2010,4547.39
205,3,27,322,2011,4529.27
205,3,27,322,2012,4667.27
205,3,27,322,2013,4670.6
205,3,27,322,2014,4534.82
205,3,27,322,2015,4389.2
205,3,27,322,2016,4257.89
206,1,22,322,1990,9546.07
206,1,22,322,1991,9100.02
206,1,22,322,1992,8577.52
206,1,22,322,1993,8072.58
206,1,22,322,1994,7524.99
206,1,22,322,1995,7095.95
206,1,22,322,1996,6694.95
206,1,22,322,1997,6315.28
206,1,22,322,1998,5943.97
206,1,22,322,1999,5663.03
206,1,22,322,2000,5547.2
206,1,22,322,2001,5498.35
206,1,22,322,2002,5398.4
206,1,22,322,2003,5229.75
206,1,22,322,2004,5344.28
206,1,22,322,2005,5245.78
206,1,22,322,2006,5071.64
206,1,22,322,2007,4845.18
206,1,22,322,2008,4622.44
206,1,22,322,2009,4310.66
206,1,22,322,2010,4064.85
206,1,22,322,2011,3826.6
206,1,22,322,2012,3729.87
206,1,22,322,2013,3673.26
206,1,22,322,2014,3556.84
206,1,22,322,2015,3408.83
206,1,22,322,2016,3244.12
206,1,27,322,1990,6033.85
206,1,27,322,1991,5834.17
206,1,27,322,1992,5608.01
206,1,27,322,1993,5385.16
206,1,27,322,1994,5146.14
206,1,27,322,1995,4955.12
206,1,27,322,1996,4784.1
206,1,27,322,1997,4625.9
206,1,27,322,1998,4471
206,1,27,322,1999,4365.89
206,1,27,322,2000,4361.67
206,1,27,322,2001,4364.81
206,1,27,322,2002,4373.79
206,1,27,322,2003,4280.67
206,1,27,322,2004,4327.83
206,1,27,322,2005,4317.5
206,1,27,322,2006,4268
206,1,27,322,2007,4174.43
206,1,27,322,2008,4063.62
206,1,27,322,2009,3844.25
206,1,27,322,2010,3704.63
206,1,27,322,2011,3593.82
206,1,27,322,2012,3548.72
206,1,27,322,2013,3522.1
206,1,27,322,2014,3468.92
206,1,27,322,2015,3395.27
206,1,27,322,2016,3312.64
206,2,22,322,1990,7553.98
206,2,22,322,1991,7291.98
206,2,22,322,1992,6946.82
206,2,22,322,1993,6566.17
206,2,22,322,1994,6203.39
206,2,22,322,1995,5898.42
206,2,22,322,1996,5594.84
206,2,22,322,1997,5325.19
206,2,22,322,1998,5052.61
206,2,22,322,1999,4836.94
206,2,22,322,2000,4680.23
206,2,22,322,2001,4663.6
206,2,22,322,2002,4588.7
206,2,22,322,2003,4433.57
206,2,22,322,2004,4584.61
206,2,22,322,2005,4469.01
206,2,22,322,2006,4300.67
206,2,22,322,2007,4082.38
206,2,22,322,2008,3867.52
206,2,22,322,2009,3593.81
206,2,22,322,2010,3351.04
206,2,22,322,2011,3122.03
206,2,22,322,2012,3043.8
206,2,22,322,2013,2923.88
206,2,22,322,2014,2819.7
206,2,22,322,2015,2670.9
206,2,22,322,2016,2516.72
206,2,27,322,1990,4856.67
206,2,27,322,1991,4739.55
206,2,27,322,1992,4593.17
206,2,27,322,1993,4428.44
206,2,27,322,1994,4274.4
206,2,27,322,1995,4141.77
206,2,27,322,1996,4013.78
206,2,27,322,1997,3901.89
206,2,27,322,1998,3785.79
206,2,27,322,1999,3681.79
206,2,27,322,2000,3570.29
206,2,27,322,2001,3547.46
206,2,27,322,2002,3537.36
206,2,27,322,2003,3405.83
206,2,27,322,2004,3468.76
206,2,27,322,2005,3407.46
206,2,27,322,2006,3341.12
206,2,27,322,2007,3261.36
206,2,27,322,2008,3150.54
206,2,27,322,2009,2997.66
206,2,27,322,2010,2858.47
206,2,27,322,2011,2731.77
206,2,27,322,2012,2709.41
206,2,27,322,2013,2657.48
206,2,27,322,2014,2609.87
206,2,27,322,2015,2536.34
206,2,27,322,2016,2457.18
206,3,22,322,1990,8557.26
206,3,22,322,1991,8202.13
206,3,22,322,1992,7766.79
206,3,22,322,1993,7322.48
206,3,22,322,1994,6865.81
206,3,22,322,1995,6497.68
206,3,22,322,1996,6144.42
206,3,22,322,1997,5819
206,3,22,322,1998,5496.54
206,3,22,322,1999,5247.84
206,3,22,322,2000,5111.02
206,3,22,322,2001,5078.08
206,3,22,322,2002,4990.57
206,3,22,322,2003,4828.63
206,3,22,322,2004,4961.48
206,3,22,322,2005,4854.28
206,3,22,322,2006,4683
206,3,22,322,2007,4460.55
206,3,22,322,2008,4241.64
206,3,22,322,2009,3948.94
206,3,22,322,2010,3704.58
206,3,22,322,2011,3470.89
206,3,22,322,2012,3383.45
206,3,22,322,2013,3294.87
206,3,22,322,2014,3184.62
206,3,22,322,2015,3036.21
206,3,22,322,2016,2876.82
206,3,27,322,1990,5458.74
206,3,27,322,1991,5299.66
206,3,27,322,1992,5112.56
206,3,27,322,1993,4917.86
206,3,27,322,1994,4720.4
206,3,27,322,1995,4557.77
206,3,27,322,1996,4407.88
206,3,27,322,1997,4272.3
206,3,27,322,1998,4136.4
206,3,27,322,1999,4031.71
206,3,27,322,2000,3974.81
206,3,27,322,2001,3964.28
206,3,27,322,2002,3962.75
206,3,27,322,2003,3849.99
206,3,27,322,2004,3903.98
206,3,27,322,2005,3868.08
206,3,27,322,2006,3809.88
206,3,27,322,2007,3722.48
206,3,27,322,2008,3611.17
206,3,27,322,2009,3423.78
206,3,27,322,2010,3283.51
206,3,27,322,2011,3164
206,3,27,322,2012,3129.2
206,3,27,322,2013,3089.07
206,3,27,322,2014,3037.58
206,3,27,322,2015,2962.78
206,3,27,322,2016,2881.05
207,1,22,322,1990,5561.9
207,1,22,322,1991,5404.03
207,1,22,322,1992,5321.12
207,1,22,322,1993,5213.29
207,1,22,322,1994,5161.76
207,1,22,322,1995,5066.6
207,1,22,322,1996,4963.01
207,1,22,322,1997,4921.18
207,1,22,322,1998,4805.26
207,1,22,322,1999,4740.15
207,1,22,322,2000,4704.97
207,1,22,322,2001,4616.15
207,1,22,322,2002,4622.12
207,1,22,322,2003,4650.43
207,1,22,322,2004,4561.76
207,1,22,322,2005,4471.51
207,1,22,322,2006,4383.67
207,1,22,322,2007,4219.78
207,1,22,322,2008,4032.84
207,1,22,322,2009,3967.33
207,1,22,322,2010,3874.26
207,1,22,322,2011,3756.94
207,1,22,322,2012,3578.57
207,1,22,322,2013,3442.89
207,1,22,322,2014,3319.29
207,1,22,322,2015,3185.93
207,1,22,322,2016,3030.63
207,1,27,322,1990,5529.75
207,1,27,322,1991,5479.57
207,1,27,322,1992,5485.66
207,1,27,322,1993,5405.62
207,1,27,322,1994,5419.47
207,1,27,322,1995,5402.83
207,1,27,322,1996,5385.36
207,1,27,322,1997,5501.06
207,1,27,322,1998,5452.99
207,1,27,322,1999,5477.22
207,1,27,322,2000,5477.22
207,1,27,322,2001,5462.34
207,1,27,322,2002,5481.57
207,1,27,322,2003,5493.26
207,1,27,322,2004,5425.39
207,1,27,322,2005,5305.12
207,1,27,322,2006,5197.53
207,1,27,322,2007,5029.45
207,1,27,322,2008,4894.48
207,1,27,322,2009,4840.14
207,1,27,322,2010,4773.43
207,1,27,322,2011,4681.23
207,1,27,322,2012,4465.39
207,1,27,322,2013,4360.7
207,1,27,322,2014,4268.34
207,1,27,322,2015,4167.45
207,1,27,322,2016,4051.94
207,2,22,322,1990,4446.21
207,2,22,322,1991,4277.96
207,2,22,322,1992,4156.46
207,2,22,322,1993,4032.29
207,2,22,322,1994,3942.2
207,2,22,322,1995,3833.59
207,2,22,322,1996,3706.58
207,2,22,322,1997,3574.84
207,2,22,322,1998,3415.36
207,2,22,322,1999,3299.88
207,2,22,322,2000,3223.18
207,2,22,322,2001,3156
207,2,22,322,2002,3108.57
207,2,22,322,2003,3115.55
207,2,22,322,2004,3003.19
207,2,22,322,2005,2926.29
207,2,22,322,2006,2833.64
207,2,22,322,2007,2734.23
207,2,22,322,2008,2573.98
207,2,22,322,2009,2502.17
207,2,22,322,2010,2415.94
207,2,22,322,2011,2308.2
207,2,22,322,2012,2159.36
207,2,22,322,2013,2029.76
207,2,22,322,2014,1910.07
207,2,22,322,2015,1791.2
207,2,22,322,2016,1667.53
207,2,27,322,1990,3713.35
207,2,27,322,1991,3651.64
207,2,27,322,1992,3622.77
207,2,27,322,1993,3549.55
207,2,27,322,1994,3526.33
207,2,27,322,1995,3511.46
207,2,27,322,1996,3478.2
207,2,27,322,1997,3443.45
207,2,27,322,1998,3341.06
207,2,27,322,1999,3271.04
207,2,27,322,2000,3222.17
207,2,27,322,2001,3184.8
207,2,27,322,2002,3139.93
207,2,27,322,2003,3111.76
207,2,27,322,2004,3004.77
207,2,27,322,2005,2928.74
207,2,27,322,2006,2843.74
207,2,27,322,2007,2768.38
207,2,27,322,2008,2646.79
207,2,27,322,2009,2585.46
207,2,27,322,2010,2520.45
207,2,27,322,2011,2438.84
207,2,27,322,2012,2306.72
207,2,27,322,2013,2219.77
207,2,27,322,2014,2140.26
207,2,27,322,2015,2061.97
207,2,27,322,2016,1974.26
207,3,22,322,1990,5012.97
207,3,22,322,1991,4849.45
207,3,22,322,1992,4746.83
207,3,22,322,1993,4630.22
207,3,22,322,1994,4559.01
207,3,22,322,1995,4456.73
207,3,22,322,1996,4341.42
207,3,22,322,1997,4255.17
207,3,22,322,1998,4117.73
207,3,22,322,1999,4027.49
207,3,22,322,2000,3971.14
207,3,22,322,2001,3891.8
207,3,22,322,2002,3869.75
207,3,22,322,2003,3885.65
207,3,22,322,2004,3783.29
207,3,22,322,2005,3697.9
207,3,22,322,2006,3605.67
207,3,22,322,2007,3472.41
207,3,22,322,2008,3297.46
207,3,22,322,2009,3227.82
207,3,22,322,2010,3137.8
207,3,22,322,2011,3025.54
207,3,22,322,2012,2862.72
207,3,22,322,2013,2731.08
207,3,22,322,2014,2610.4
207,3,22,322,2015,2485.08
207,3,22,322,2016,2346.21
207,3,27,322,1990,4599.49
207,3,27,322,1991,4545.76
207,3,27,322,1992,4535.8
207,3,27,322,1993,4460.95
207,3,27,322,1994,4457.25
207,3,27,322,1995,4442.47
207,3,27,322,1996,4417.93
207,3,27,322,1997,4458.23
207,3,27,322,1998,4381.97
207,3,27,322,1999,4356.8
207,3,27,322,2000,4329.84
207,3,27,322,2001,4297.12
207,3,27,322,2002,4277.75
207,3,27,322,2003,4259.03
207,3,27,322,2004,4161.74
207,3,27,322,2005,4057.19
207,3,27,322,2006,3954.65
207,3,27,322,2007,3829.2
207,3,27,322,2008,3695.17
207,3,27,322,2009,3633.07
207,3,27,322,2010,3564.51
207,3,27,322,2011,3478.85
207,3,27,322,2012,3309.94
207,3,27,322,2013,3217.66
207,3,27,322,2014,3134.64
207,3,27,322,2015,3047.48
207,3,27,322,2016,2948.23
208,1,22,322,1990,18647.77
208,1,22,322,1991,17973.66
208,1,22,322,1992,17478.21
208,1,22,322,1993,16962.51
208,1,22,322,1994,16429.16
208,1,22,322,1995,15910.69
208,1,22,322,1996,15196.13
208,1,22,322,1997,14229.06
208,1,22,322,1998,13082.08
208,1,22,322,1999,12783.76
208,1,22,322,2000,12331.81
208,1,22,322,2001,11659.91
208,1,22,322,2002,11093.37
208,1,22,322,2003,10673.55
208,1,22,322,2004,10512.67
208,1,22,322,2005,10099.07
208,1,22,322,2006,9715.06
208,1,22,322,2007,9376.81
208,1,22,322,2008,8796.83
208,1,22,322,2009,8461.69
208,1,22,322,2010,8280.71
208,1,22,322,2011,7844.41
208,1,22,322,2012,7412.61
208,1,22,322,2013,7155.61
208,1,22,322,2014,6792.4
208,1,22,322,2015,6502.5
208,1,22,322,2016,6263.34
208,1,27,322,1990,11434.45
208,1,27,322,1991,11188.41
208,1,27,322,1992,11050.32
208,1,27,322,1993,10880.27
208,1,27,322,1994,10691.51
208,1,27,322,1995,10468.31
208,1,27,322,1996,10111.06
208,1,27,322,1997,9626.93
208,1,27,322,1998,9064.12
208,1,27,322,1999,8939.71
208,1,27,322,2000,8683.81
208,1,27,322,2001,8333.43
208,1,27,322,2002,8069.41
208,1,27,322,2003,7838.76
208,1,27,322,2004,7759.37
208,1,27,322,2005,7541.32
208,1,27,322,2006,7369.48
208,1,27,322,2007,7223.41
208,1,27,322,2008,6925.51
208,1,27,322,2009,6774.19
208,1,27,322,2010,6704.85
208,1,27,322,2011,6460.32
208,1,27,322,2012,6229.03
208,1,27,322,2013,6088.91
208,1,27,322,2014,5891.81
208,1,27,322,2015,5731.98
208,1,27,322,2016,5597.67
208,2,22,322,1990,16359.94
208,2,22,322,1991,15813.71
208,2,22,322,1992,15368.23
208,2,22,322,1993,14905.06
208,2,22,322,1994,14473.64
208,2,22,322,1995,14059.56
208,2,22,322,1996,13409.38
208,2,22,322,1997,12586.52
208,2,22,322,1998,11622.9
208,2,22,322,1999,11229.51
208,2,22,322,2000,10749.88
208,2,22,322,2001,10128.2
208,2,22,322,2002,9557.59
208,2,22,322,2003,9242.51
208,2,22,322,2004,9111.7
208,2,22,322,2005,8687.67
208,2,22,322,2006,8281.81
208,2,22,322,2007,8054.96
208,2,22,322,2008,7595.98
208,2,22,322,2009,7262.55
208,2,22,322,2010,7126.33
208,2,22,322,2011,6720.1
208,2,22,322,2012,6270.55
208,2,22,322,2013,6042.55
208,2,22,322,2014,5684.51
208,2,22,322,2015,5399.64
208,2,22,322,2016,5186.03
208,2,27,322,1990,10307.09
208,2,27,322,1991,10091.37
208,2,27,322,1992,9922.36
208,2,27,322,1993,9720.97
208,2,27,322,1994,9524.56
208,2,27,322,1995,9284.53
208,2,27,322,1996,8882.87
208,2,27,322,1997,8397.09
208,2,27,322,1998,7868.88
208,2,27,322,1999,7625.21
208,2,27,322,2000,7320.82
208,2,27,322,2001,6967.94
208,2,27,322,2002,6649.79
208,2,27,322,2003,6445.58
208,2,27,322,2004,6359.35
208,2,27,322,2005,6111.64
208,2,27,322,2006,5911.84
208,2,27,322,2007,5802.17
208,2,27,322,2008,5553.93
208,2,27,322,2009,5380.31
208,2,27,322,2010,5311.08
208,2,27,322,2011,5092.13
208,2,27,322,2012,4852.04
208,2,27,322,2013,4738.27
208,2,27,322,2014,4546.04
208,2,27,322,2015,4396.43
208,2,27,322,2016,4278.47
208,3,22,322,1990,17490.96
208,3,22,322,1991,16882.04
208,3,22,322,1992,16412.41
208,3,22,322,1993,15923.85
208,3,22,322,1994,15442.56
208,3,22,322,1995,14977.37
208,3,22,322,1996,14295.92
208,3,22,322,1997,13402.14
208,3,22,322,1998,12348.07
208,3,22,322,1999,12002.56
208,3,22,322,2000,11537.34
208,3,22,322,2001,10891.32
208,3,22,322,2002,10323.38
208,3,22,322,2003,9956.63
208,3,22,322,2004,9811.29
208,3,22,322,2005,9392.86
208,3,22,322,2006,8998.23
208,3,22,322,2007,8715.9
208,3,22,322,2008,8196.55
208,3,22,322,2009,7862.38
208,3,22,322,2010,7703.89
208,3,22,322,2011,7282.84
208,3,22,322,2012,6842.36
208,3,22,322,2013,6600
208,3,22,322,2014,6239.53
208,3,22,322,2015,5952.3
208,3,22,322,2016,5725.96
208,3,27,322,1990,10868.35
208,3,27,322,1991,10636.77
208,3,27,322,1992,10481.62
208,3,27,322,1993,10294.16
208,3,27,322,1994,10099.81
208,3,27,322,1995,9865.64
208,3,27,322,1996,9483.82
208,3,27,322,1997,8996.61
208,3,27,322,1998,8449.99
208,3,27,322,1999,8264.49
208,3,27,322,2000,7983.64
208,3,27,322,2001,7632.31
208,3,27,322,2002,7340.74
208,3,27,322,2003,7122.91
208,3,27,322,2004,7040.03
208,3,27,322,2005,6806.83
208,3,27,322,2006,6621.35
208,3,27,322,2007,6493.05
208,3,27,322,2008,6219.52
208,3,27,322,2009,6056.58
208,3,27,322,2010,5986.67
208,3,27,322,2011,5755.96
208,3,27,322,2012,5520.99
208,3,27,322,2013,5394.97
208,3,27,322,2014,5200.92
208,3,27,322,2015,5046.95
208,3,27,322,2016,4921.39
209,1,22,322,1990,12386.84
209,1,22,322,1991,11879.1
209,1,22,322,1992,11454.81
209,1,22,322,1993,11015.65
209,1,22,322,1994,10538.01
209,1,22,322,1995,10195.71
209,1,22,322,1996,9730.72
209,1,22,322,1997,9331.97
209,1,22,322,1998,9017.37
209,1,22,322,1999,8657.78
209,1,22,322,2000,8800.75
209,1,22,322,2001,8658.27
209,1,22,322,2002,8413.45
209,1,22,322,2003,8097.62
209,1,22,322,2004,7777.02
209,1,22,322,2005,7342.96
209,1,22,322,2006,7086.22
209,1,22,322,2007,7427.5
209,1,22,322,2008,7014.23
209,1,22,322,2009,6665.61
209,1,22,322,2010,6329.27
209,1,22,322,2011,5854.3
209,1,22,322,2012,5375.06
209,1,22,322,2013,5175.18
209,1,22,322,2014,4895.1
209,1,22,322,2015,4620.54
209,1,22,322,2016,4431.22
209,1,27,322,1990,9130.14
209,1,27,322,1991,8920.14
209,1,27,322,1992,8763.88
209,1,27,322,1993,8600.13
209,1,27,322,1994,8418.83
209,1,27,322,1995,8327.65
209,1,27,322,1996,8146.73
209,1,27,322,1997,8010.8
209,1,27,322,1998,7920.86
209,1,27,322,1999,7743.32
209,1,27,322,2000,7775.18
209,1,27,322,2001,7683.96
209,1,27,322,2002,7528.97
209,1,27,322,2003,7327.85
209,1,27,322,2004,7226.84
209,1,27,322,2005,6957.77
209,1,27,322,2006,6795.71
209,1,27,322,2007,6966.2
209,1,27,322,2008,6735.26
209,1,27,322,2009,6563.88
209,1,27,322,2010,6381.05
209,1,27,322,2011,6122.73
209,1,27,322,2012,5844.94
209,1,27,322,2013,5743.27
209,1,27,322,2014,5576.76
209,1,27,322,2015,5328.16
209,1,27,322,2016,5166.86
209,2,22,322,1990,9321.43
209,2,22,322,1991,8963.17
209,2,22,322,1992,8681.65
209,2,22,322,1993,8345.35
209,2,22,322,1994,8017.87
209,2,22,322,1995,7815.42
209,2,22,322,1996,7465.06
209,2,22,322,1997,7164.14
209,2,22,322,1998,6918.26
209,2,22,322,1999,6675.86
209,2,22,322,2000,6866.64
209,2,22,322,2001,6799.16
209,2,22,322,2002,6637.13
209,2,22,322,2003,6393.33
209,2,22,322,2004,6088.99
209,2,22,322,2005,5674.01
209,2,22,322,2006,5471.98
209,2,22,322,2007,5882.6
209,2,22,322,2008,5553.04
209,2,22,322,2009,5211.11
209,2,22,322,2010,4891.84
209,2,22,322,2011,4451.28
209,2,22,322,2012,3993.41
209,2,22,322,2013,3825.99
209,2,22,322,2014,3572.18
209,2,22,322,2015,3290.99
209,2,22,322,2016,3143.4
209,2,27,322,1990,6811.44
209,2,27,322,1991,6650.14
209,2,27,322,1992,6536.64
209,2,27,322,1993,6390.57
209,2,27,322,1994,6250.59
209,2,27,322,1995,6183.84
209,2,27,322,1996,6022.18
209,2,27,322,1997,5892.37
209,2,27,322,1998,5789.56
209,2,27,322,1999,5634.59
209,2,27,322,2000,5708.86
209,2,27,322,2001,5609.28
209,2,27,322,2002,5491.29
209,2,27,322,2003,5314.73
209,2,27,322,2004,5129.35
209,2,27,322,2005,4841.52
209,2,27,322,2006,4717.12
209,2,27,322,2007,4934.9
209,2,27,322,2008,4729.79
209,2,27,322,2009,4532.92
209,2,27,322,2010,4329.09
209,2,27,322,2011,4049.63
209,2,27,322,2012,3791.06
209,2,27,322,2013,3691.93
209,2,27,322,2014,3539.08
209,2,27,322,2015,3339.24
209,2,27,322,2016,3232.25
209,3,22,322,1990,10834.3
209,3,22,322,1991,10402.13
209,3,22,322,1992,10050.11
209,3,22,322,1993,9663.07
209,3,22,322,1994,9261.53
209,3,22,322,1995,8990.12
209,3,22,322,1996,8583.31
209,3,22,322,1997,8234.29
209,3,22,322,1998,7954.81
209,3,22,322,1999,7654.97
209,3,22,322,2000,7822.61
209,3,22,322,2001,7718.7
209,3,22,322,2002,7516.48
209,3,22,322,2003,7237.79
209,3,22,322,2004,6926.07
209,3,22,322,2005,6502.11
209,3,22,322,2006,6273.24
209,3,22,322,2007,6649.67
209,3,22,322,2008,6278.67
209,3,22,322,2009,5933.51
209,3,22,322,2010,5605.83
209,3,22,322,2011,5148.19
209,3,22,322,2012,4679.76
209,3,22,322,2013,4496.28
209,3,22,322,2014,4229.46
209,3,22,322,2015,3951.59
209,3,22,322,2016,3783.24
209,3,27,322,1990,7942.87
209,3,27,322,1991,7756.4
209,3,27,322,1992,7620.5
209,3,27,322,1993,7464.4
209,3,27,322,1994,7302.25
209,3,27,322,1995,7220.91
209,3,27,322,1996,7048.28
209,3,27,322,1997,6913.81
209,3,27,322,1998,6815.84
209,3,27,322,1999,6648.22
209,3,27,322,2000,6702.33
209,3,27,322,2001,6606.01
209,3,27,322,2002,6470.93
209,3,27,322,2003,6283.24
209,3,27,322,2004,6138.04
209,3,27,322,2005,5859.79
209,3,27,322,2006,5717.58
209,3,27,322,2007,5912.19
209,3,27,322,2008,5693.48
209,3,27,322,2009,5508.29
209,3,27,322,2010,5313.61
209,3,27,322,2011,5043.2
209,3,27,322,2012,4775.35
209,3,27,322,2013,4674.13
209,3,27,322,2014,4514.18
209,3,27,322,2015,4291.58
209,3,27,322,2016,4158.72
210,1,22,322,1990,14038.99
210,1,22,322,1991,13603.3
210,1,22,322,1992,13177.56
210,1,22,322,1993,12708.85
210,1,22,322,1994,12248.77
210,1,22,322,1995,11591.8
210,1,22,322,1996,11138.09
210,1,22,322,1997,10401.64
210,1,22,322,1998,9702.82
210,1,22,322,1999,8727.84
210,1,22,322,2000,7842.13
210,1,22,322,2001,6938.35
210,1,22,322,2002,6174.32
210,1,22,322,2003,5549.52
210,1,22,322,2004,5012.33
210,1,22,322,2005,4680.96
210,1,22,322,2006,4331.04
210,1,22,322,2007,4038.55
210,1,22,322,2008,3766.75
210,1,22,322,2009,3629.17
210,1,22,322,2010,3489.32
210,1,22,322,2011,3342.32
210,1,22,322,2012,3279.9
210,1,22,322,2013,3095.52
210,1,22,322,2014,2828.69
210,1,22,322,2015,2665.98
210,1,22,322,2016,2584.32
210,1,27,322,1990,7927.51
210,1,27,322,1991,7744.89
210,1,27,322,1992,7560.15
210,1,27,322,1993,7388.87
210,1,27,322,1994,7259.1
210,1,27,322,1995,6983.81
210,1,27,322,1996,6955.57
210,1,27,322,1997,6667.97
210,1,27,322,1998,6372.77
210,1,27,322,1999,5846.72
210,1,27,322,2000,5382.78
210,1,27,322,2001,4888.08
210,1,27,322,2002,4516.46
210,1,27,322,2003,4204.74
210,1,27,322,2004,3944.21
210,1,27,322,2005,3786.64
210,1,27,322,2006,3658.72
210,1,27,322,2007,3554.36
210,1,27,322,2008,3433.7
210,1,27,322,2009,3386.02
210,1,27,322,2010,3332.57
210,1,27,322,2011,3282.12
210,1,27,322,2012,3250.56
210,1,27,322,2013,3157.96
210,1,27,322,2014,2969.02
210,1,27,322,2015,2868.88
210,1,27,322,2016,2813.15
210,2,22,322,1990,12600.51
210,2,22,322,1991,12337.02
210,2,22,322,1992,12098.03
210,2,22,322,1993,11784.5
210,2,22,322,1994,11559.24
210,2,22,322,1995,11095.37
210,2,22,322,1996,10791.74
210,2,22,322,1997,10186.99
210,2,22,322,1998,9510
210,2,22,322,1999,8680.18
210,2,22,322,2000,7819.44
210,2,22,322,2001,6969.14
210,2,22,322,2002,6153.49
210,2,22,322,2003,5552.43
210,2,22,322,2004,5084.85
210,2,22,322,2005,4792.7
210,2,22,322,2006,4417.74
210,2,22,322,2007,4158.62
210,2,22,322,2008,3904.81
210,2,22,322,2009,3765.77
210,2,22,322,2010,3614.11
210,2,22,322,2011,3457.61
210,2,22,322,2012,3386.74
210,2,22,322,2013,3163.74
210,2,22,322,2014,2862.83
210,2,22,322,2015,2663.59
210,2,22,322,2016,2509.26
210,2,27,322,1990,7773.49
210,2,27,322,1991,7677.51
210,2,27,322,1992,7596.74
210,2,27,322,1993,7470.5
210,2,27,322,1994,7451.09
210,2,27,322,1995,7278.04
210,2,27,322,1996,7260.91
210,2,27,322,1997,7007.94
210,2,27,322,1998,6654.76
210,2,27,322,1999,6164.83
210,2,27,322,2000,5667.39
210,2,27,322,2001,5146.97
210,2,27,322,2002,4715.98
210,2,27,322,2003,4365.62
210,2,27,322,2004,4128.63
210,2,27,322,2005,3979.82
210,2,27,322,2006,3797.6
210,2,27,322,2007,3685.43
210,2,27,322,2008,3560.1
210,2,27,322,2009,3493.7
210,2,27,322,2010,3415.21
210,2,27,322,2011,3331.44
210,2,27,322,2012,3296.82
210,2,27,322,2013,3176.21
210,2,27,322,2014,2972.59
210,2,27,322,2015,2849.09
210,2,27,322,2016,2749.2
210,3,22,322,1990,13317.52
210,3,22,322,1991,12968.18
210,3,22,322,1992,12636.06
210,3,22,322,1993,12245.17
210,3,22,322,1994,11902.9
210,3,22,322,1995,11342.82
210,3,22,322,1996,10964.46
210,3,22,322,1997,10294.1
210,3,22,322,1998,9606.28
210,3,22,322,1999,8703.99
210,3,22,322,2000,7830.79
210,3,22,322,2001,6953.73
210,3,22,322,2002,6163.91
210,3,22,322,2003,5550.97
210,3,22,322,2004,5048.5
210,3,22,322,2005,4736.66
210,3,22,322,2006,4374.23
210,3,22,322,2007,4098.34
210,3,22,322,2008,3835.46
210,3,22,322,2009,3697.12
210,3,22,322,2010,3551.36
210,3,22,322,2011,3399.61
210,3,22,322,2012,3332.96
210,3,22,322,2013,3129.38
210,3,22,322,2014,2845.63
210,3,22,322,2015,2664.8
210,3,22,322,2016,2547.11
210,3,27,322,1990,7864.58
210,3,27,322,1991,7725.54
210,3,27,322,1992,7593.4
210,3,27,322,1993,7444.13
210,3,27,322,1994,7369.54
210,3,27,322,1995,7145.8
210,3,27,322,1996,7121.2
210,3,27,322,1997,6850
210,3,27,322,1998,6523.89
210,3,27,322,1999,6014.63
210,3,27,322,2000,5533.12
210,3,27,322,2001,5024.31
210,3,27,322,2002,4623.3
210,3,27,322,2003,4291.22
210,3,27,322,2004,4042.48
210,3,27,322,2005,3889.22
210,3,27,322,2006,3733.17
210,3,27,322,2007,3624.34
210,3,27,322,2008,3501.1
210,3,27,322,2009,3443.69
210,3,27,322,2010,3377.4
210,3,27,322,2011,3309.56
210,3,27,322,2012,3276.63
210,3,27,322,2013,3170.33
210,3,27,322,2014,2974.77
210,3,27,322,2015,2863.51
210,3,27,322,2016,2786.31
211,1,22,322,1990,9267.2
211,1,22,322,1991,8854.55
211,1,22,322,1992,8502.83
211,1,22,322,1993,8125.15
211,1,22,322,1994,7815.15
211,1,22,322,1995,7517.32
211,1,22,322,1996,7245.91
211,1,22,322,1997,6984.21
211,1,22,322,1998,6736.2
211,1,22,322,1999,6454.78
211,1,22,322,2000,6257.95
211,1,22,322,2001,5944.72
211,1,22,322,2002,5795.75
211,1,22,322,2003,5430.22
211,1,22,322,2004,5101.2
211,1,22,322,2005,4756.48
211,1,22,322,2006,4560.88
211,1,22,322,2007,4383.09
211,1,22,322,2008,4295.1
211,1,22,322,2009,4196.35
211,1,22,322,2010,4017.54
211,1,22,322,2011,3729.67
211,1,22,322,2012,3505.33
211,1,22,322,2013,3347.41
211,1,22,322,2014,3268.67
211,1,22,322,2015,3118.93
211,1,22,322,2016,2982.99
211,1,27,322,1990,5072.99
211,1,27,322,1991,4863.58
211,1,27,322,1992,4703.57
211,1,27,322,1993,4525.07
211,1,27,322,1994,4382.27
211,1,27,322,1995,4229.01
211,1,27,322,1996,4077.84
211,1,27,322,1997,3916.6
211,1,27,322,1998,3760.28
211,1,27,322,1999,3613.23
211,1,27,322,2000,3525.23
211,1,27,322,2001,3374.77
211,1,27,322,2002,3315.12
211,1,27,322,2003,3141.81
211,1,27,322,2004,2997.19
211,1,27,322,2005,2843.17
211,1,27,322,2006,2755.24
211,1,27,322,2007,2693.75
211,1,27,322,2008,2659.94
211,1,27,322,2009,2629.65
211,1,27,322,2010,2553.75
211,1,27,322,2011,2397.44
211,1,27,322,2012,2291.54
211,1,27,322,2013,2222.62
211,1,27,322,2014,2194.05
211,1,27,322,2015,2128.66
211,1,27,322,2016,2067.68
211,2,22,322,1990,9272.14
211,2,22,322,1991,8974.78
211,2,22,322,1992,8698.52
211,2,22,322,1993,8400.96
211,2,22,322,1994,8124.25
211,2,22,322,1995,7896.48
211,2,22,322,1996,7603.37
211,2,22,322,1997,7308.73
211,2,22,322,1998,6968.99
211,2,22,322,1999,6674.91
211,2,22,322,2000,6454.12
211,2,22,322,2001,6146.47
211,2,22,322,2002,6007.44
211,2,22,322,2003,5630.04
211,2,22,322,2004,5263.08
211,2,22,322,2005,4924.86
211,2,22,322,2006,4707.15
211,2,22,322,2007,4514.94
211,2,22,322,2008,4409.86
211,2,22,322,2009,4282.38
211,2,22,322,2010,4077.76
211,2,22,322,2011,3763.33
211,2,22,322,2012,3474.5
211,2,22,322,2013,3297.8
211,2,22,322,2014,3191.78
211,2,22,322,2015,3011.25
211,2,22,322,2016,2865.03
211,2,27,322,1990,5274.84
211,2,27,322,1991,5121.32
211,2,27,322,1992,4984.21
211,2,27,322,1993,4817.21
211,2,27,322,1994,4672.7
211,2,27,322,1995,4558.35
211,2,27,322,1996,4386.27
211,2,27,322,1997,4215.49
211,2,27,322,1998,4011.23
211,2,27,322,1999,3849.89
211,2,27,322,2000,3735.87
211,2,27,322,2001,3568.76
211,2,27,322,2002,3488.54
211,2,27,322,2003,3286.97
211,2,27,322,2004,3099.93
211,2,27,322,2005,2925.52
211,2,27,322,2006,2818.66
211,2,27,322,2007,2722.83
211,2,27,322,2008,2668.05
211,2,27,322,2009,2602.98
211,2,27,322,2010,2508.95
211,2,27,322,2011,2348.02
211,2,27,322,2012,2210.35
211,2,27,322,2013,2133.01
211,2,27,322,2014,2092.13
211,2,27,322,2015,2012.1
211,2,27,322,2016,1945.71
211,3,22,322,1990,9269.7
211,3,22,322,1991,8915.29
211,3,22,322,1992,8601.63
211,3,22,322,1993,8264.27
211,3,22,322,1994,7970.9
211,3,22,322,1995,7708.19
211,3,22,322,1996,7425.69
211,3,22,322,1997,7147.26
211,3,22,322,1998,6853.05
211,3,22,322,1999,6565.17
211,3,22,322,2000,6356.22
211,3,22,322,2001,6045.69
211,3,22,322,2002,5901.59
211,3,22,322,2003,5530.02
211,3,22,322,2004,5181.98
211,3,22,322,2005,4840.42
211,3,22,322,2006,4633.73
211,3,22,322,2007,4448.7
211,3,22,322,2008,4352.15
211,3,22,322,2009,4239.08
211,3,22,322,2010,4047.43
211,3,22,322,2011,3746.37
211,3,22,322,2012,3490.04
211,3,22,322,2013,3322.82
211,3,22,322,2014,3230.57
211,3,22,322,2015,3065.59
211,3,22,322,2016,2924.6
211,3,27,322,1990,5172.35
211,3,27,322,1991,4991.16
211,3,27,322,1992,4842.48
211,3,27,322,1993,4669.02
211,3,27,322,1994,4525.32
211,3,27,322,1995,4392.37
211,3,27,322,1996,4231.2
211,3,27,322,1997,4066.35
211,3,27,322,1998,3886.8
211,3,27,322,1999,3732.91
211,3,27,322,2000,3631.97
211,3,27,322,2001,3472.89
211,3,27,322,2002,3402.22
211,3,27,322,2003,3214.31
211,3,27,322,2004,3048.05
211,3,27,322,2005,2883.27
211,3,27,322,2006,2785.93
211,3,27,322,2007,2706.46
211,3,27,322,2008,2661.9
211,3,27,322,2009,2613.62
211,3,27,322,2010,2528.73
211,3,27,322,2011,2370.69
211,3,27,322,2012,2249.24
211,3,27,322,2013,2176.3
211,3,27,322,2014,2141.78
211,3,27,322,2015,2069.33
211,3,27,322,2016,2005.82
212,1,22,322,1990,5051.12
212,1,22,322,1991,4927.53
212,1,22,322,1992,4846.34
212,1,22,322,1993,4759.44
212,1,22,322,1994,4717.67
212,1,22,322,1995,4650.45
212,1,22,322,1996,4715.59
212,1,22,322,1997,4714.65
212,1,22,322,1998,4773.28
212,1,22,322,1999,4772.73
212,1,22,322,2000,4791.62
212,1,22,322,2001,4790.16
212,1,22,322,2002,4751.14
212,1,22,322,2003,4673.42
212,1,22,322,2004,4613.22
212,1,22,322,2005,4647.87
212,1,22,322,2006,4474.1
212,1,22,322,2007,4283.83
212,1,22,322,2008,4083.23
212,1,22,322,2009,3850.42
212,1,22,322,2010,3679.08
212,1,22,322,2011,3494.25
212,1,22,322,2012,3362
212,1,22,322,2013,3150.78
212,1,22,322,2014,2982.32
212,1,22,322,2015,2835.36
212,1,22,322,2016,2698.14
212,1,27,322,1990,4599.93
212,1,27,322,1991,4505.92
212,1,27,322,1992,4475.18
212,1,27,322,1993,4435.81
212,1,27,322,1994,4460.38
212,1,27,322,1995,4434.08
212,1,27,322,1996,4502.73
212,1,27,322,1997,4507.39
212,1,27,322,1998,4540.67
212,1,27,322,1999,4465.01
212,1,27,322,2000,4431.33
212,1,27,322,2001,4422.96
212,1,27,322,2002,4356.26
212,1,27,322,2003,4279.6
212,1,27,322,2004,4241.97
212,1,27,322,2005,4244.11
212,1,27,322,2006,4100.04
212,1,27,322,2007,3969.23
212,1,27,322,2008,3843.08
212,1,27,322,2009,3704.38
212,1,27,322,2010,3595.84
212,1,27,322,2011,3482.27
212,1,27,322,2012,3408.24
212,1,27,322,2013,3246.2
212,1,27,322,2014,3136.45
212,1,27,322,2015,3042.53
212,1,27,322,2016,2951.01
212,2,22,322,1990,4027.49
212,2,22,322,1991,3933.22
212,2,22,322,1992,3865.18
212,2,22,322,1993,3792.07
212,2,22,322,1994,3742.96
212,2,22,322,1995,3707.38
212,2,22,322,1996,3786.47
212,2,22,322,1997,3818.63
212,2,22,322,1998,3925.35
212,2,22,322,1999,3975.68
212,2,22,322,2000,4007.8
212,2,22,322,2001,3979.5
212,2,22,322,2002,3940.7
212,2,22,322,2003,3841.53
212,2,22,322,2004,3771.56
212,2,22,322,2005,3778.13
212,2,22,322,2006,3616.32
212,2,22,322,2007,3441
212,2,22,322,2008,3247.86
212,2,22,322,2009,3052.68
212,2,22,322,2010,2892.85
212,2,22,322,2011,2715.87
212,2,22,322,2012,2585.71
212,2,22,322,2013,2400.62
212,2,22,322,2014,2239.04
212,2,22,322,2015,2101.54
212,2,22,322,2016,1982.02
212,2,27,322,1990,3689.65
212,2,27,322,1991,3636.68
212,2,27,322,1992,3613.02
212,2,27,322,1993,3583.65
212,2,27,322,1994,3580.55
212,2,27,322,1995,3584.05
212,2,27,322,1996,3667.58
212,2,27,322,1997,3695.37
212,2,27,322,1998,3770.62
212,2,27,322,1999,3784.9
212,2,27,322,2000,3783.82
212,2,27,322,2001,3751.88
212,2,27,322,2002,3696.68
212,2,27,322,2003,3609.7
212,2,27,322,2004,3552.83
212,2,27,322,2005,3534.88
212,2,27,322,2006,3410.18
212,2,27,322,2007,3280.06
212,2,27,322,2008,3148.19
212,2,27,322,2009,3015.61
212,2,27,322,2010,2906.05
212,2,27,322,2011,2785.83
212,2,27,322,2012,2697.76
212,2,27,322,2013,2550.42
212,2,27,322,2014,2430.96
212,2,27,322,2015,2330.16
212,2,27,322,2016,2239.02
212,3,22,322,1990,4537.38
212,3,22,322,1991,4428.59
212,3,22,322,1992,4354.11
212,3,22,322,1993,4274.26
212,3,22,322,1994,4228.99
212,3,22,322,1995,4177.84
212,3,22,322,1996,4250.22
212,3,22,322,1997,4266.17
212,3,22,322,1998,4349.21
212,3,22,322,1999,4374.43
212,3,22,322,2000,4400.23
212,3,22,322,2001,4385.7
212,3,22,322,2002,4347.08
212,3,22,322,2003,4258.91
212,3,22,322,2004,4194.06
212,3,22,322,2005,4214.91
212,3,22,322,2006,4047.19
212,3,22,322,2007,3864.45
212,3,22,322,2008,3667.64
212,3,22,322,2009,3453.63
212,3,22,322,2010,3288.09
212,3,22,322,2011,3107.25
212,3,22,322,2012,2976.12
212,3,22,322,2013,2777.97
212,3,22,322,2014,2613.01
212,3,22,322,2015,2470.82
212,3,22,322,2016,2342.45
212,3,27,322,1990,4131.65
212,3,27,322,1991,4059.63
212,3,27,322,1992,4032.84
212,3,27,322,1993,3998.97
212,3,27,322,1994,4008.88
212,3,27,322,1995,3998.43
212,3,27,322,1996,4075.32
212,3,27,322,1997,4091.87
212,3,27,322,1998,4146.86
212,3,27,322,1999,4119.92
212,3,27,322,2000,4103.88
212,3,27,322,2001,4083.63
212,3,27,322,2002,4023.18
212,3,27,322,2003,3941.63
212,3,27,322,2004,3893.7
212,3,27,322,2005,3885.68
212,3,27,322,2006,3752.12
212,3,27,322,2007,3621.23
212,3,27,322,2008,3491.97
212,3,27,322,2009,3355.48
212,3,27,322,2010,3246.4
212,3,27,322,2011,3129.38
212,3,27,322,2012,3048.06
212,3,27,322,2013,2893.61
212,3,27,322,2014,2778.62
212,3,27,322,2015,2680.98
212,3,27,322,2016,2589.41
213,1,22,322,1990,25761.98
213,1,22,322,1991,25024.57
213,1,22,322,1992,24283.36
213,1,22,322,1993,23377.44
213,1,22,322,1994,22381.1
213,1,22,322,1995,21407.76
213,1,22,322,1996,20347.19
213,1,22,322,1997,19330.96
213,1,22,322,1998,18264.15
213,1,22,322,1999,17272.31
213,1,22,322,2000,16414.6
213,1,22,322,2001,15550.63
213,1,22,322,2002,14491.98
213,1,22,322,2003,13459.25
213,1,22,322,2004,12497
213,1,22,322,2005,12180.77
213,1,22,322,2006,11741.42
213,1,22,322,2007,10756.92
213,1,22,322,2008,9488.87
213,1,22,322,2009,8740.36
213,1,22,322,2010,8062.51
213,1,22,322,2011,7630.62
213,1,22,322,2012,7356.62
213,1,22,322,2013,7166.76
213,1,22,322,2014,6953.22
213,1,22,322,2015,6660.48
213,1,22,322,2016,6356.9
213,1,27,322,1990,13285.04
213,1,27,322,1991,12877.23
213,1,27,322,1992,12595.74
213,1,27,322,1993,12245
213,1,27,322,1994,11830.1
213,1,27,322,1995,11465.98
213,1,27,322,1996,10994.46
213,1,27,322,1997,10613.26
213,1,27,322,1998,10210.73
213,1,27,322,1999,9796.29
213,1,27,322,2000,9415.86
213,1,27,322,2001,9074.92
213,1,27,322,2002,8594.69
213,1,27,322,2003,8176.05
213,1,27,322,2004,7750.51
213,1,27,322,2005,7644.78
213,1,27,322,2006,7482.55
213,1,27,322,2007,7046.76
213,1,27,322,2008,6467.43
213,1,27,322,2009,6142.78
213,1,27,322,2010,5849.05
213,1,27,322,2011,5665.14
213,1,27,322,2012,5553.75
213,1,27,322,2013,5483.65
213,1,27,322,2014,5350.42
213,1,27,322,2015,5184.22
213,1,27,322,2016,5026.85
213,2,22,322,1990,23270.04
213,2,22,322,1991,22679.17
213,2,22,322,1992,22078.88
213,2,22,322,1993,21194.92
213,2,22,322,1994,20421.11
213,2,22,322,1995,19690.27
213,2,22,322,1996,18801.03
213,2,22,322,1997,17995.02
213,2,22,322,1998,16980.09
213,2,22,322,1999,15998.28
213,2,22,322,2000,15136.37
213,2,22,322,2001,14342.53
213,2,22,322,2002,13369.16
213,2,22,322,2003,12370.31
213,2,22,322,2004,11439.8
213,2,22,322,2005,11162.21
213,2,22,322,2006,10833.36
213,2,22,322,2007,9939.32
213,2,22,322,2008,8885.67
213,2,22,322,2009,8142.19
213,2,22,322,2010,7483.17
213,2,22,322,2011,7100.72
213,2,22,322,2012,6811.63
213,2,22,322,2013,6643.41
213,2,22,322,2014,6423.91
213,2,22,322,2015,6049.43
213,2,22,322,2016,5746.02
213,2,27,322,1990,12445.31
213,2,27,322,1991,12171.64
213,2,27,322,1992,11931.53
213,2,27,322,1993,11532.91
213,2,27,322,1994,11183.22
213,2,27,322,1995,10854.66
213,2,27,322,1996,10400.08
213,2,27,322,1997,10029.42
213,2,27,322,1998,9541.83
213,2,27,322,1999,9040.7
213,2,27,322,2000,8604.07
213,2,27,322,2001,8217.8
213,2,27,322,2002,7730.44
213,2,27,322,2003,7233.3
213,2,27,322,2004,6777.48
213,2,27,322,2005,6633.37
213,2,27,322,2006,6482.64
213,2,27,322,2007,6043.22
213,2,27,322,2008,5531.18
213,2,27,322,2009,5165.52
213,2,27,322,2010,4836.01
213,2,27,322,2011,4655.81
213,2,27,322,2012,4521.17
213,2,27,322,2013,4450.9
213,2,27,322,2014,4331.5
213,2,27,322,2015,4140.76
213,2,27,322,2016,3990.68
213,3,22,322,1990,24494.99
213,3,22,322,1991,23832.53
213,3,22,322,1992,23164.2
213,3,22,322,1993,22271.22
213,3,22,322,1994,21389.48
213,3,22,322,1995,20540.37
213,3,22,322,1996,19567.78
213,3,22,322,1997,18658.9
213,3,22,322,1998,17619.52
213,3,22,322,1999,16633.92
213,3,22,322,2000,15775.08
213,3,22,322,2001,14946.65
213,3,22,322,2002,13931.06
213,3,22,322,2003,12915.67
213,3,22,322,2004,11969.65
213,3,22,322,2005,11673.03
213,3,22,322,2006,11288.98
213,3,22,322,2007,10349.81
213,3,22,322,2008,9188.72
213,3,22,322,2009,8442.9
213,3,22,322,2010,7774.57
213,3,22,322,2011,7367.3
213,3,22,322,2012,7085.9
213,3,22,322,2013,6906.89
213,3,22,322,2014,6690.49
213,3,22,322,2015,6357.27
213,3,22,322,2016,6053.84
213,3,27,322,1990,12839.32
213,3,27,322,1991,12504.06
213,3,27,322,1992,12245.45
213,3,27,322,1993,11872.79
213,3,27,322,1994,11492.53
213,3,27,322,1995,11146.45
213,3,27,322,1996,10685.24
213,3,27,322,1997,10310.08
213,3,27,322,1998,9865.98
213,3,27,322,1999,9409.27
213,3,27,322,2000,9002.4
213,3,27,322,2001,8638.3
213,3,27,322,2002,8154.63
213,3,27,322,2003,7696.04
213,3,27,322,2004,7255.66
213,3,27,322,2005,7130.5
213,3,27,322,2006,6974
213,3,27,322,2007,6536.86
213,3,27,322,2008,5991.08
213,3,27,322,2009,5646.45
213,3,27,322,2010,5335.21
213,3,27,322,2011,5153.45
213,3,27,322,2012,5030.93
213,3,27,322,2013,4960.66
213,3,27,322,2014,4834.84
213,3,27,322,2015,4657.59
213,3,27,322,2016,4504.95
214,1,22,322,1990,10066.27
214,1,22,322,1991,9910.99
214,1,22,322,1992,9782.4
214,1,22,322,1993,9545.17
214,1,22,322,1994,9310.28
214,1,22,322,1995,9042.97
214,1,22,322,1996,8833.91
214,1,22,322,1997,8595.2
214,1,22,322,1998,8393.74
214,1,22,322,1999,8116.66
214,1,22,322,2000,7849.5
214,1,22,322,2001,7487.79
214,1,22,322,2002,7122.39
214,1,22,322,2003,6740.32
214,1,22,322,2004,6413.4
214,1,22,322,2005,6133.02
214,1,22,322,2006,6008.52
214,1,22,322,2007,5821.84
214,1,22,322,2008,5523.53
214,1,22,322,2009,5530.61
214,1,22,322,2010,5455.69
214,1,22,322,2011,5228.41
214,1,22,322,2012,5074.1
214,1,22,322,2013,4852.78
214,1,22,322,2014,4688.09
214,1,22,322,2015,4290.91
214,1,22,322,2016,4016.26
214,1,27,322,1990,7079.23
214,1,27,322,1991,7006.29
214,1,27,322,1992,6955.08
214,1,27,322,1993,6839.29
214,1,27,322,1994,6666.67
214,1,27,322,1995,6504.46
214,1,27,322,1996,6396.37
214,1,27,322,1997,6258.75
214,1,27,322,1998,6152.42
214,1,27,322,1999,5967.19
214,1,27,322,2000,5820.08
214,1,27,322,2001,5599.18
214,1,27,322,2002,5410.77
214,1,27,322,2003,5187.03
214,1,27,322,2004,4984.58
214,1,27,322,2005,4798.41
214,1,27,322,2006,4718.6
214,1,27,322,2007,4604.76
214,1,27,322,2008,4411.17
214,1,27,322,2009,4414.86
214,1,27,322,2010,4363.95
214,1,27,322,2011,4232.46
214,1,27,322,2012,4149.28
214,1,27,322,2013,4049.51
214,1,27,322,2014,3974.17
214,1,27,322,2015,3732.29
214,1,27,322,2016,3599.7
214,2,22,322,1990,9234.6
214,2,22,322,1991,9125.42
214,2,22,322,1992,8984.57
214,2,22,322,1993,8788.09
214,2,22,322,1994,8593.11
214,2,22,322,1995,8417.41
214,2,22,322,1996,8203.64
214,2,22,322,1997,8024.44
214,2,22,322,1998,7758.39
214,2,22,322,1999,7459.58
214,2,22,322,2000,7096.79
214,2,22,322,2001,6691.62
214,2,22,322,2002,6277.18
214,2,22,322,2003,5879.62
214,2,22,322,2004,5542.79
214,2,22,322,2005,5215.54
214,2,22,322,2006,5087.26
214,2,22,322,2007,4922.07
214,2,22,322,2008,4643.25
214,2,22,322,2009,4628.77
214,2,22,322,2010,4550.1
214,2,22,322,2011,4358.74
214,2,22,322,2012,4218.52
214,2,22,322,2013,4008.37
214,2,22,322,2014,3859.09
214,2,22,322,2015,3497.4
214,2,22,322,2016,3245.29
214,2,27,322,1990,6733.69
214,2,27,322,1991,6686.8
214,2,27,322,1992,6629
214,2,27,322,1993,6534.9
214,2,27,322,1994,6424.45
214,2,27,322,1995,6340.1
214,2,27,322,1996,6219.18
214,2,27,322,1997,6108.87
214,2,27,322,1998,5929.42
214,2,27,322,1999,5713.42
214,2,27,322,2000,5468.62
214,2,27,322,2001,5204.46
214,2,27,322,2002,4973.7
214,2,27,322,2003,4708.32
214,2,27,322,2004,4483.49
214,2,27,322,2005,4245.39
214,2,27,322,2006,4130.84
214,2,27,322,2007,4010.7
214,2,27,322,2008,3796.3
214,2,27,322,2009,3750.72
214,2,27,322,2010,3669.62
214,2,27,322,2011,3530.61
214,2,27,322,2012,3444.98
214,2,27,322,2013,3339.74
214,2,27,322,2014,3267.13
214,2,27,322,2015,3061.62
214,2,27,322,2016,2937.12
214,3,22,322,1990,9654.5
214,3,22,322,1991,9522.14
214,3,22,322,1992,9387.56
214,3,22,322,1993,9170.56
214,3,22,322,1994,8955.49
214,3,22,322,1995,8733.56
214,3,22,322,1996,8522.26
214,3,22,322,1997,8313.07
214,3,22,322,1998,8079.81
214,3,22,322,1999,7792.12
214,3,22,322,2000,7477.87
214,3,22,322,2001,7094.85
214,3,22,322,2002,6705.42
214,3,22,322,2003,6315.88
214,3,22,322,2004,5984.25
214,3,22,322,2005,5680.94
214,3,22,322,2006,5554.76
214,3,22,322,2007,5378.86
214,3,22,322,2008,5090.33
214,3,22,322,2009,5086.97
214,3,22,322,2010,5010.38
214,3,22,322,2011,4800.91
214,3,22,322,2012,4653.67
214,3,22,322,2013,4437.96
214,3,22,322,2014,4280.96
214,3,22,322,2015,3901.33
214,3,22,322,2016,3637.83
214,3,27,322,1990,6914.84
214,3,27,322,1991,6854.82
214,3,27,322,1992,6800.56
214,3,27,322,1993,6695.48
214,3,27,322,1994,6555.37
214,3,27,322,1995,6432.76
214,3,27,322,1996,6317.78
214,3,27,322,1997,6193.2
214,3,27,322,1998,6049.27
214,3,27,322,1999,5848.12
214,3,27,322,2000,5651.28
214,3,27,322,2001,5408.55
214,3,27,322,2002,5198.94
214,3,27,322,2003,4953.69
214,3,27,322,2004,4739.82
214,3,27,322,2005,4527.34
214,3,27,322,2006,4429.48
214,3,27,322,2007,4312.13
214,3,27,322,2008,4107.47
214,3,27,322,2009,4086
214,3,27,322,2010,4019.5
214,3,27,322,2011,3883.6
214,3,27,322,2012,3799.11
214,3,27,322,2013,3696.53
214,3,27,322,2014,3622.53
214,3,27,322,2015,3399.19
214,3,27,322,2016,3270.65
215,1,22,322,1990,8841.42
215,1,22,322,1991,8511.35
215,1,22,322,1992,8182.89
215,1,22,322,1993,7853.91
215,1,22,322,1994,7515.56
215,1,22,322,1995,7086.45
215,1,22,322,1996,6183.98
215,1,22,322,1997,6260.97
215,1,22,322,1998,5729.63
215,1,22,322,1999,5586.98
215,1,22,322,2000,5596.35
215,1,22,322,2001,5080.83
215,1,22,322,2002,4814.02
215,1,22,322,2003,4720.53
215,1,22,322,2004,4141.85
215,1,22,322,2005,4490.32
215,1,22,322,2006,4303.26
215,1,22,322,2007,4032.15
215,1,22,322,2008,3959.77
215,1,22,322,2009,3722.81
215,1,22,322,2010,3526.92
215,1,22,322,2011,3361.42
215,1,22,322,2012,3176.06
215,1,22,322,2013,3022.69
215,1,22,322,2014,2850.75
215,1,22,322,2015,2682.26
215,1,22,322,2016,2571.61
215,1,27,322,1990,6174.05
215,1,27,322,1991,5982.05
215,1,27,322,1992,5800.3
215,1,27,322,1993,5626.14
215,1,27,322,1994,5396.03
215,1,27,322,1995,5185.07
215,1,27,322,1996,4767.19
215,1,27,322,1997,4816.11
215,1,27,322,1998,4583.84
215,1,27,322,1999,4479.17
215,1,27,322,2000,4454.48
215,1,27,322,2001,4196.33
215,1,27,322,2002,4071.24
215,1,27,322,2003,4024.81
215,1,27,322,2004,3740.47
215,1,27,322,2005,3912.23
215,1,27,322,2006,3827.56
215,1,27,322,2007,3646.23
215,1,27,322,2008,3605
215,1,27,322,2009,3494.32
215,1,27,322,2010,3361.4
215,1,27,322,2011,3288.53
215,1,27,322,2012,3203.91
215,1,27,322,2013,3108.76
215,1,27,322,2014,3025.31
215,1,27,322,2015,2947.69
215,1,27,322,2016,2896.8
215,2,22,322,1990,7218.64
215,2,22,322,1991,6972.22
215,2,22,322,1992,6733.16
215,2,22,322,1993,6501.93
215,2,22,322,1994,6300.89
215,2,22,322,1995,6003.36
215,2,22,322,1996,5531.64
215,2,22,322,1997,5518.17
215,2,22,322,1998,5180.93
215,2,22,322,1999,4976.67
215,2,22,322,2000,4999
215,2,22,322,2001,4552.54
215,2,22,322,2002,4252.08
215,2,22,322,2003,4065.72
215,2,22,322,2004,3545.03
215,2,22,322,2005,3653.68
215,2,22,322,2006,3457.5
215,2,22,322,2007,3234.9
215,2,22,322,2008,3166.49
215,2,22,322,2009,2974.34
215,2,22,322,2010,2810.82
215,2,22,322,2011,2640.34
215,2,22,322,2012,2444.96
215,2,22,322,2013,2311.65
215,2,22,322,2014,2169.32
215,2,22,322,2015,2030.11
215,2,22,322,2016,1919.17
215,2,27,322,1990,5072.34
215,2,27,322,1991,4971.91
215,2,27,322,1992,4887.72
215,2,27,322,1993,4808.01
215,2,27,322,1994,4736.92
215,2,27,322,1995,4611.32
215,2,27,322,1996,4431.14
215,2,27,322,1997,4457.57
215,2,27,322,1998,4282.99
215,2,27,322,1999,4160.02
215,2,27,322,2000,4177.9
215,2,27,322,2001,3922.17
215,2,27,322,2002,3758.14
215,2,27,322,2003,3634.54
215,2,27,322,2004,3360.27
215,2,27,322,2005,3375.93
215,2,27,322,2006,3258.4
215,2,27,322,2007,3117.62
215,2,27,322,2008,3047.95
215,2,27,322,2009,2935.03
215,2,27,322,2010,2838.7
215,2,27,322,2011,2722.46
215,2,27,322,2012,2572.88
215,2,27,322,2013,2477.68
215,2,27,322,2014,2390.52
215,2,27,322,2015,2306.91
215,2,27,322,2016,2235.6
215,3,22,322,1990,8022.61
215,3,22,322,1991,7734.85
215,3,22,322,1992,7451.63
215,3,22,322,1993,7172.12
215,3,22,322,1994,6903.19
215,3,22,322,1995,6540.54
215,3,22,322,1996,5855.27
215,3,22,322,1997,5886.75
215,3,22,322,1998,5453.24
215,3,22,322,1999,5279.6
215,3,22,322,2000,5295.55
215,3,22,322,2001,4814.86
215,3,22,322,2002,4531.17
215,3,22,322,2003,4391
215,3,22,322,2004,3841.57
215,3,22,322,2005,4069.47
215,3,22,322,2006,3877.91
215,3,22,322,2007,3631.28
215,3,22,322,2008,3560.99
215,3,22,322,2009,3346.64
215,3,22,322,2010,3167.1
215,3,22,322,2011,2999.18
215,3,22,322,2012,2808.85
215,3,22,322,2013,2665.63
215,3,22,322,2014,2508.63
215,3,22,322,2015,2354.89
215,3,22,322,2016,2244.14
215,3,27,322,1990,5610.5
215,3,27,322,1991,5466.14
215,3,27,322,1992,5335.45
215,3,27,322,1993,5210.74
215,3,27,322,1994,5064.28
215,3,27,322,1995,4897.24
215,3,27,322,1996,4599.22
215,3,27,322,1997,4638.69
215,3,27,322,1998,4433.9
215,3,27,322,1999,4321.24
215,3,27,322,2000,4319.68
215,3,27,322,2001,4061.43
215,3,27,322,2002,3916.01
215,3,27,322,2003,3829.54
215,3,27,322,2004,3549.67
215,3,27,322,2005,3641.89
215,3,27,322,2006,3539.52
215,3,27,322,2007,3379.29
215,3,27,322,2008,3322.32
215,3,27,322,2009,3209.43
215,3,27,322,2010,3096.13
215,3,27,322,2011,2999.65
215,3,27,322,2012,2879.68
215,3,27,322,2013,2784.15
215,3,27,322,2014,2697.73
215,3,27,322,2015,2616.02
215,3,27,322,2016,2553.93
216,1,22,322,1990,7851.51
216,1,22,322,1991,7427.7
216,1,22,322,1992,7144.45
216,1,22,322,1993,6874.34
216,1,22,322,1994,6660.19
216,1,22,322,1995,6412.39
216,1,22,322,1996,6337.02
216,1,22,322,1997,6207.45
216,1,22,322,1998,6069.56
216,1,22,322,1999,5953.73
216,1,22,322,2000,5850.56
216,1,22,322,2001,5717.04
216,1,22,322,2002,5639.11
216,1,22,322,2003,5512.83
216,1,22,322,2004,5718
216,1,22,322,2005,5618.78
216,1,22,322,2006,5476.68
216,1,22,322,2007,5264.2
216,1,22,322,2008,4946.29
216,1,22,322,2009,4613.18
216,1,22,322,2010,4336.59
216,1,22,322,2011,4070.85
216,1,22,322,2012,3834.28
216,1,22,322,2013,3553.87
216,1,22,322,2014,3520.07
216,1,22,322,2015,3343.16
216,1,22,322,2016,3164.06
216,1,27,322,1990,5568.59
216,1,27,322,1991,5330.46
216,1,27,322,1992,5204.19
216,1,27,322,1993,5078.65
216,1,27,322,1994,5015.41
216,1,27,322,1995,4881.36
216,1,27,322,1996,4840.13
216,1,27,322,1997,4801.97
216,1,27,322,1998,4744.89
216,1,27,322,1999,4711.72
216,1,27,322,2000,4657.18
216,1,27,322,2001,4581.42
216,1,27,322,2002,4523.45
216,1,27,322,2003,4437.15
216,1,27,322,2004,4541.84
216,1,27,322,2005,4477.92
216,1,27,322,2006,4384.41
216,1,27,322,2007,4249.63
216,1,27,322,2008,4067.59
216,1,27,322,2009,3879.53
216,1,27,322,2010,3727.49
216,1,27,322,2011,3586.77
216,1,27,322,2012,3467.97
216,1,27,322,2013,3267.41
216,1,27,322,2014,3248.77
216,1,27,322,2015,3164.21
216,1,27,322,2016,3076.53
216,2,22,322,1990,6863.99
216,2,22,322,1991,6554.39
216,2,22,322,1992,6302.9
216,2,22,322,1993,6055.59
216,2,22,322,1994,5863.81
216,2,22,322,1995,5689.36
216,2,22,322,1996,5609.84
216,2,22,322,1997,5470.88
216,2,22,322,1998,5261.23
216,2,22,322,1999,5069.08
216,2,22,322,2000,4889.46
216,2,22,322,2001,4701.2
216,2,22,322,2002,4579.54
216,2,22,322,2003,4465.5
216,2,22,322,2004,4670.5
216,2,22,322,2005,4634.39
216,2,22,322,2006,4507.81
216,2,22,322,2007,4321.54
216,2,22,322,2008,4028.78
216,2,22,322,2009,3714.11
216,2,22,322,2010,3468.83
216,2,22,322,2011,3265.87
216,2,22,322,2012,3053.42
216,2,22,322,2013,2831.12
216,2,22,322,2014,2762.93
216,2,22,322,2015,2599.11
216,2,22,322,2016,2449.04
216,2,27,322,1990,4974.71
216,2,27,322,1991,4819.52
216,2,27,322,1992,4702.1
216,2,27,322,1993,4566.45
216,2,27,322,1994,4504.23
216,2,27,322,1995,4405.99
216,2,27,322,1996,4382.3
216,2,27,322,1997,4326.71
216,2,27,322,1998,4235.76
216,2,27,322,1999,4159.58
216,2,27,322,2000,4049.62
216,2,27,322,2001,3939.9
216,2,27,322,2002,3849.9
216,2,27,322,2003,3761.92
216,2,27,322,2004,3874.63
216,2,27,322,2005,3842.57
216,2,27,322,2006,3759.33
216,2,27,322,2007,3641.9
216,2,27,322,2008,3473.39
216,2,27,322,2009,3291.46
216,2,27,322,2010,3148.07
216,2,27,322,2011,3031.2
216,2,27,322,2012,2910.93
216,2,27,322,2013,2749.4
216,2,27,322,2014,2704.49
216,2,27,322,2015,2610.7
216,2,27,322,2016,2522.41
216,3,22,322,1990,7355.21
216,3,22,322,1991,6988.65
216,3,22,322,1992,6721.25
216,3,22,322,1993,6462.47
216,3,22,322,1994,6259.34
216,3,22,322,1995,6048.13
216,3,22,322,1996,5970.09
216,3,22,322,1997,5835.1
216,3,22,322,1998,5660.16
216,3,22,322,1999,5504.88
216,3,22,322,2000,5362.19
216,3,22,322,2001,5200.29
216,3,22,322,2002,5099.7
216,3,22,322,2003,4979.36
216,3,22,322,2004,5184.21
216,3,22,322,2005,5116.92
216,3,22,322,2006,4982.47
216,3,22,322,2007,4783.15
216,3,22,322,2008,4477.92
216,3,22,322,2009,4154.15
216,3,22,322,2010,3893.55
216,3,22,322,2011,3659.99
216,3,22,322,2012,3435.93
216,3,22,322,2013,3185.38
216,3,22,322,2014,3134.28
216,3,22,322,2015,2964.26
216,3,22,322,2016,2800.14
216,3,27,322,1990,5273.09
216,3,27,322,1991,5076.94
216,3,27,322,1992,4954.7
216,3,27,322,1993,4822.92
216,3,27,322,1994,4759.94
216,3,27,322,1995,4642.9
216,3,27,322,1996,4610.6
216,3,27,322,1997,4562.55
216,3,27,322,1998,4488.37
216,3,27,322,1999,4433.36
216,3,27,322,2000,4349.77
216,3,27,322,2001,4256.46
216,3,27,322,2002,4181.47
216,3,27,322,2003,4093.23
216,3,27,322,2004,4201.44
216,3,27,322,2005,4152.73
216,3,27,322,2006,4064.16
216,3,27,322,2007,3938.19
216,3,27,322,2008,3763.33
216,3,27,322,2009,3578.69
216,3,27,322,2010,3430.96
216,3,27,322,2011,3302.16
216,3,27,322,2012,3182.54
216,3,27,322,2013,3002.87
216,3,27,322,2014,2971.24
216,3,27,322,2015,2881.82
216,3,27,322,2016,2793.21
217,1,22,322,1990,18210.71
217,1,22,322,1991,17592.17
217,1,22,322,1992,17064.8
217,1,22,322,1993,16451.4
217,1,22,322,1994,15671.21
217,1,22,322,1995,15041.02
217,1,22,322,1996,14528.47
217,1,22,322,1997,14109.54
217,1,22,322,1998,13559.99
217,1,22,322,1999,13105.22
217,1,22,322,2000,12752.35
217,1,22,322,2001,12245.61
217,1,22,322,2002,11577.71
217,1,22,322,2003,10941.42
217,1,22,322,2004,10498.76
217,1,22,322,2005,10053.56
217,1,22,322,2006,9696.46
217,1,22,322,2007,9118.08
217,1,22,322,2008,8564.58
217,1,22,322,2009,8316.15
217,1,22,322,2010,8126.24
217,1,22,322,2011,7674.29
217,1,22,322,2012,7409.57
217,1,22,322,2013,7006.36
217,1,22,322,2014,6913.65
217,1,22,322,2015,6684.74
217,1,22,322,2016,6424.61
217,1,27,322,1990,11937.39
217,1,27,322,1991,11579.75
217,1,27,322,1992,11306.16
217,1,27,322,1993,10982.79
217,1,27,322,1994,10564.38
217,1,27,322,1995,10303.61
217,1,27,322,1996,10037.89
217,1,27,322,1997,9952.06
217,1,27,322,1998,9661.89
217,1,27,322,1999,9431.52
217,1,27,322,2000,9237.95
217,1,27,322,2001,8986.08
217,1,27,322,2002,8664.55
217,1,27,322,2003,8289.52
217,1,27,322,2004,7980.65
217,1,27,322,2005,7708.41
217,1,27,322,2006,7483.53
217,1,27,322,2007,7146.84
217,1,27,322,2008,6831.28
217,1,27,322,2009,6681.06
217,1,27,322,2010,6571.6
217,1,27,322,2011,6234.73
217,1,27,322,2012,6081.67
217,1,27,322,2013,5845.62
217,1,27,322,2014,5785.33
217,1,27,322,2015,5667.3
217,1,27,322,2016,5535.93
217,2,22,322,1990,16400.58
217,2,22,322,1991,15948.45
217,2,22,322,1992,15535.78
217,2,22,322,1993,14937.32
217,2,22,322,1994,14239.39
217,2,22,322,1995,13745.79
217,2,22,322,1996,13159.71
217,2,22,322,1997,12774.18
217,2,22,322,1998,12230.91
217,2,22,322,1999,11873.83
217,2,22,322,2000,11518.84
217,2,22,322,2001,10961.21
217,2,22,322,2002,10316.8
217,2,22,322,2003,9764.55
217,2,22,322,2004,9373.51
217,2,22,322,2005,8951.08
217,2,22,322,2006,8611.34
217,2,22,322,2007,8272.2
217,2,22,322,2008,7814.78
217,2,22,322,2009,7586.83
217,2,22,322,2010,7476.04
217,2,22,322,2011,7134.94
217,2,22,322,2012,6821.61
217,2,22,322,2013,6470.64
217,2,22,322,2014,6223.47
217,2,22,322,2015,6006.31
217,2,22,322,2016,5732.78
217,2,27,322,1990,10603.7
217,2,27,322,1991,10333.39
217,2,27,322,1992,10117.86
217,2,27,322,1993,9798.93
217,2,27,322,1994,9465.81
217,2,27,322,1995,9257.41
217,2,27,322,1996,8987.75
217,2,27,322,1997,8891.96
217,2,27,322,1998,8628.12
217,2,27,322,1999,8479.54
217,2,27,322,2000,8292.1
217,2,27,322,2001,8011.41
217,2,27,322,2002,7699.87
217,2,27,322,2003,7368.5
217,2,27,322,2004,7125.79
217,2,27,322,2005,6846.58
217,2,27,322,2006,6619.23
217,2,27,322,2007,6421.43
217,2,27,322,2008,6135.59
217,2,27,322,2009,5996.77
217,2,27,322,2010,5931.47
217,2,27,322,2011,5677.23
217,2,27,322,2012,5484.02
217,2,27,322,2013,5263.12
217,2,27,322,2014,5109.44
217,2,27,322,2015,4987.1
217,2,27,322,2016,4834.44
217,3,22,322,1990,17295.61
217,3,22,322,1991,16761.27
217,3,22,322,1992,16291.91
217,3,22,322,1993,15686.05
217,3,22,322,1994,14947.42
217,3,22,322,1995,14386.25
217,3,22,322,1996,13836.44
217,3,22,322,1997,13434.35
217,3,22,322,1998,12887.92
217,3,22,322,1999,12482.46
217,3,22,322,2000,12128.34
217,3,22,322,2001,11595.57
217,3,22,322,2002,10939.22
217,3,22,322,2003,10345.18
217,3,22,322,2004,9928.48
217,3,22,322,2005,9494.74
217,3,22,322,2006,9146.41
217,3,22,322,2007,8689.39
217,3,22,322,2008,8184.73
217,3,22,322,2009,7946.83
217,3,22,322,2010,7797.12
217,3,22,322,2011,7401.41
217,3,22,322,2012,7112.22
217,3,22,322,2013,6735.53
217,3,22,322,2014,6564.85
217,3,22,322,2015,6342
217,3,22,322,2016,6075.2
217,3,27,322,1990,11268.37
217,3,27,322,1991,10954.07
217,3,27,322,1992,10709.16
217,3,27,322,1993,10387.59
217,3,27,322,1994,10011.74
217,3,27,322,1995,9776.74
217,3,27,322,1996,9508.7
217,3,27,322,1997,9417.05
217,3,27,322,1998,9139.63
217,3,27,322,1999,8949.86
217,3,27,322,2000,8758.97
217,3,27,322,2001,8492.27
217,3,27,322,2002,8175.29
217,3,27,322,2003,7821.63
217,3,27,322,2004,7546.18
217,3,27,322,2005,7269.89
217,3,27,322,2006,7043.6
217,3,27,322,2007,6776.71
217,3,27,322,2008,6475.82
217,3,27,322,2009,6331.52
217,3,27,322,2010,6244.26
217,3,27,322,2011,5949.35
217,3,27,322,2012,5776.11
217,3,27,322,2013,5547.46
217,3,27,322,2014,5440.55
217,3,27,322,2015,5320.31
217,3,27,322,2016,5178.22
218,1,22,322,1990,9113.83
218,1,22,322,1991,8906.35
218,1,22,322,1992,8761.48
218,1,22,322,1993,8700.44
218,1,22,322,1994,8610.26
218,1,22,322,1995,8426.3
218,1,22,322,1996,8219.66
218,1,22,322,1997,7985.67
218,1,22,322,1998,7815.1
218,1,22,322,1999,7535.75
218,1,22,322,2000,7368.65
218,1,22,322,2001,7213.92
218,1,22,322,2002,7190.6
218,1,22,322,2003,6869.01
218,1,22,322,2004,6491.75
218,1,22,322,2005,6206.69
218,1,22,322,2006,5896.84
218,1,22,322,2007,5556.53
218,1,22,322,2008,5310.77
218,1,22,322,2009,5117.84
218,1,22,322,2010,4902.81
218,1,22,322,2011,4647.31
218,1,22,322,2012,4423.04
218,1,22,322,2013,4196.76
218,1,22,322,2014,4017.01
218,1,22,322,2015,3796.53
218,1,22,322,2016,3604.03
218,1,27,322,1990,6581.12
218,1,27,322,1991,6518.75
218,1,27,322,1992,6514.77
218,1,27,322,1993,6582.62
218,1,27,322,1994,6651.08
218,1,27,322,1995,6660.39
218,1,27,322,1996,6683.64
218,1,27,322,1997,6681.82
218,1,27,322,1998,6718.54
218,1,27,322,1999,6509.27
218,1,27,322,2000,6406.74
218,1,27,322,2001,6324.62
218,1,27,322,2002,6292.45
218,1,27,322,2003,6204.02
218,1,27,322,2004,5947.89
218,1,27,322,2005,5799.31
218,1,27,322,2006,5625.63
218,1,27,322,2007,5457.62
218,1,27,322,2008,5391.57
218,1,27,322,2009,5254.58
218,1,27,322,2010,5135.71
218,1,27,322,2011,4971.4
218,1,27,322,2012,4834.7
218,1,27,322,2013,4702.01
218,1,27,322,2014,4519.69
218,1,27,322,2015,4358.56
218,1,27,322,2016,4226.74
218,2,22,322,1990,7611.22
218,2,22,322,1991,7390.67
218,2,22,322,1992,7172.55
218,2,22,322,1993,7006.62
218,2,22,322,1994,6818.18
218,2,22,322,1995,6578.58
218,2,22,322,1996,6313.63
218,2,22,322,1997,6073.37
218,2,22,322,1998,5848.16
218,2,22,322,1999,5615.4
218,2,22,322,2000,5441.24
218,2,22,322,2001,5287.6
218,2,22,322,2002,5269.91
218,2,22,322,2003,4962.98
218,2,22,322,2004,4652.91
218,2,22,322,2005,4404.14
218,2,22,322,2006,4129.46
218,2,22,322,2007,3874.6
218,2,22,322,2008,3688.61
218,2,22,322,2009,3554.82
218,2,22,322,2010,3395.12
218,2,22,322,2011,3238.69
218,2,22,322,2012,3058.7
218,2,22,322,2013,2882.91
218,2,22,322,2014,2734.41
218,2,22,322,2015,2550.22
218,2,22,322,2016,2398.7
218,2,27,322,1990,5436.89
218,2,27,322,1991,5352.87
218,2,27,322,1992,5269.46
218,2,27,322,1993,5227.56
218,2,27,322,1994,5185.24
218,2,27,322,1995,5088
218,2,27,322,1996,4986.22
218,2,27,322,1997,4929.16
218,2,27,322,1998,4833.14
218,2,27,322,1999,4655.14
218,2,27,322,2000,4531.53
218,2,27,322,2001,4409.85
218,2,27,322,2002,4378.92
218,2,27,322,2003,4191.29
218,2,27,322,2004,3960.12
218,2,27,322,2005,3809.71
218,2,27,322,2006,3629.47
218,2,27,322,2007,3505.69
218,2,27,322,2008,3399.05
218,2,27,322,2009,3317.06
218,2,27,322,2010,3228.42
218,2,27,322,2011,3152.15
218,2,27,322,2012,3059.13
218,2,27,322,2013,2966.76
218,2,27,322,2014,2852.61
218,2,27,322,2015,2732.64
218,2,27,322,2016,2638.95
218,3,22,322,1990,8352.27
218,3,22,322,1991,8136.72
218,3,22,322,1992,7952.88
218,3,22,322,1993,7836.54
218,3,22,322,1994,7694.49
218,3,22,322,1995,7480.75
218,3,22,322,1996,7243.72
218,3,22,322,1997,7006.49
218,3,22,322,1998,6808.3
218,3,22,322,1999,6553.32
218,3,22,322,2000,6383.15
218,3,22,322,2001,6229.59
218,3,22,322,2002,6209.87
218,3,22,322,2003,5896.52
218,3,22,322,2004,5554.27
218,3,22,322,2005,5288.41
218,3,22,322,2006,4997.14
218,3,22,322,2007,4700.97
218,3,22,322,2008,4486.23
218,3,22,322,2009,4323.92
218,3,22,322,2010,4137.49
218,3,22,322,2011,3932.75
218,3,22,322,2012,3731.36
218,3,22,322,2013,3531.06
218,3,22,322,2014,3367.51
218,3,22,322,2015,3165.77
218,3,22,322,2016,2994.34
218,3,27,322,1990,5989.54
218,3,27,322,1991,5914.72
218,3,27,322,1992,5867.75
218,3,27,322,1993,5876.54
218,3,27,322,1994,5885.31
218,3,27,322,1995,5835.95
218,3,27,322,1996,5792.05
218,3,27,322,1997,5761.07
218,3,27,322,1998,5727.04
218,3,27,322,1999,5533.89
218,3,27,322,2000,5420.34
218,3,27,322,2001,5317.14
218,3,27,322,2002,5286.18
218,3,27,322,2003,5143.81
218,3,27,322,2004,4900.1
218,3,27,322,2005,4750.34
218,3,27,322,2006,4573
218,3,27,322,2007,4428.17
218,3,27,322,2008,4338.74
218,3,27,322,2009,4230.96
218,3,27,322,2010,4127.66
218,3,27,322,2011,4009.86
218,3,27,322,2012,3896.65
218,3,27,322,2013,3785.34
218,3,27,322,2014,3640.2
218,3,27,322,2015,3501.22
218,3,27,322,2016,3389.88
298,1,22,322,1990,1213.51
298,1,22,322,1991,1191.15
298,1,22,322,1992,1155.27
298,1,22,322,1993,1136.25
298,1,22,322,1994,1105.91
298,1,22,322,1995,1058.17
298,1,22,322,1996,1033.4
298,1,22,322,1997,1006.37
298,1,22,322,1998,1017.72
298,1,22,322,1999,1016.88
298,1,22,322,2000,983.56
298,1,22,322,2001,959.7
298,1,22,322,2002,937.52
298,1,22,322,2003,921.78
298,1,22,322,2004,904.38
298,1,22,322,2005,874.88
298,1,22,322,2006,837.79
298,1,22,322,2007,799.18
298,1,22,322,2008,763.76
298,1,22,322,2009,744.72
298,1,22,322,2010,720.44
298,1,22,322,2011,696.46
298,1,22,322,2012,673.63
298,1,22,322,2013,663.28
298,1,22,322,2014,652.75
298,1,22,322,2015,635.84
298,1,22,322,2016,618.12
298,1,27,322,1990,1397.81
298,1,27,322,1991,1384.32
298,1,27,322,1992,1357.14
298,1,27,322,1993,1330.19
298,1,27,322,1994,1304.71
298,1,27,322,1995,1274.04
298,1,27,322,1996,1259.07
298,1,27,322,1997,1243.23
298,1,27,322,1998,1244.02
298,1,27,322,1999,1238.71
298,1,27,322,2000,1195.17
298,1,27,322,2001,1167.75
298,1,27,322,2002,1151.38
298,1,27,322,2003,1147.78
298,1,27,322,2004,1137.61
298,1,27,322,2005,1114.15
298,1,27,322,2006,1078.19
298,1,27,322,2007,1041.11
298,1,27,322,2008,1007.22
298,1,27,322,2009,995.18
298,1,27,322,2010,976.42
298,1,27,322,2011,956.17
298,1,27,322,2012,934.77
298,1,27,322,2013,928.67
298,1,27,322,2014,921.83
298,1,27,322,2015,908.47
298,1,27,322,2016,891.22
298,2,22,322,1990,865.34
298,2,22,322,1991,854.03
298,2,22,322,1992,842.99
298,2,22,322,1993,850.41
298,2,22,322,1994,837.89
298,2,22,322,1995,814.11
298,2,22,322,1996,816.27
298,2,22,322,1997,816.16
298,2,22,322,1998,789.65
298,2,22,322,1999,782.4
298,2,22,322,2000,765.55
298,2,22,322,2001,749.18
298,2,22,322,2002,743.31
298,2,22,322,2003,728.73
298,2,22,322,2004,711.46
298,2,22,322,2005,688.97
298,2,22,322,2006,671.21
298,2,22,322,2007,648.84
298,2,22,322,2008,625.86
298,2,22,322,2009,606.11
298,2,22,322,2010,585.66
298,2,22,322,2011,580.29
298,2,22,322,2012,568.24
298,2,22,322,2013,558.25
298,2,22,322,2014,547.39
298,2,22,322,2015,530.71
298,2,22,322,2016,513.62
298,2,27,322,1990,993.12
298,2,27,322,1991,986.8
298,2,27,322,1992,987.02
298,2,27,322,1993,994.05
298,2,27,322,1994,989.48
298,2,27,322,1995,976.24
298,2,27,322,1996,976.82
298,2,27,322,1997,975.17
298,2,27,322,1998,958.92
298,2,27,322,1999,961.88
298,2,27,322,2000,944.65
298,2,27,322,2001,936.23
298,2,27,322,2002,930.86
298,2,27,322,2003,914.69
298,2,27,322,2004,900.36
298,2,27,322,2005,880.98
298,2,27,322,2006,870.04
298,2,27,322,2007,851.75
298,2,27,322,2008,831.96
298,2,27,322,2009,815.18
298,2,27,322,2010,797.49
298,2,27,322,2011,803.2
298,2,27,322,2012,795.17
298,2,27,322,2013,786.89
298,2,27,322,2014,777.26
298,2,27,322,2015,761.11
298,2,27,322,2016,742.01
298,3,22,322,1990,1044.18
298,3,22,322,1991,1027.19
298,3,22,322,1992,1003.38
298,3,22,322,1993,997.19
298,3,22,322,1994,975.48
298,3,22,322,1995,939.31
298,3,22,322,1996,927.5
298,3,22,322,1997,913.4
298,3,22,322,1998,906.11
298,3,22,322,1999,902.08
298,3,22,322,2000,876.8
298,3,22,322,2001,856.68
298,3,22,322,2002,842.56
298,3,22,322,2003,827.34
298,3,22,322,2004,809.87
298,3,22,322,2005,783.67
298,3,22,322,2006,755.9
298,3,22,322,2007,725.14
298,3,22,322,2008,695.74
298,3,22,322,2009,676.25
298,3,22,322,2010,653.74
298,3,22,322,2011,638.87
298,3,22,322,2012,621.29
298,3,22,322,2013,611.02
298,3,22,322,2014,600.22
298,3,22,322,2015,583.32
298,3,22,322,2016,565.8
298,3,27,322,1990,1199.96
298,3,27,322,1991,1189.53
298,3,27,322,1992,1175.38
298,3,27,322,1993,1164.8
298,3,27,322,1994,1149.33
298,3,27,322,1995,1126.65
298,3,27,322,1996,1118.51
298,3,27,322,1997,1108.84
298,3,27,322,1998,1101.72
298,3,27,322,1999,1100.92
298,3,27,322,2000,1070.81
298,3,27,322,2001,1053.56
298,3,27,322,2002,1042.49
298,3,27,322,2003,1031.81
298,3,27,322,2004,1019.28
298,3,27,322,2005,997.57
298,3,27,322,2006,974.32
298,3,27,322,2007,946.71
298,3,27,322,2008,919.92
298,3,27,322,2009,905.15
298,3,27,322,2010,886.7
298,3,27,322,2011,880.3
298,3,27,322,2012,865.98
298,3,27,322,2013,858.55
298,3,27,322,2014,850.11
298,3,27,322,2015,835.07
298,3,27,322,2016,816.58
305,1,22,322,1990,596.89
305,1,22,322,1991,587.37
305,1,22,322,1992,581.49
305,1,22,322,1993,575.1
305,1,22,322,1994,555.31
305,1,22,322,1995,510
305,1,22,322,1996,484.71
305,1,22,322,1997,451.61
305,1,22,322,1998,430.64
305,1,22,322,1999,419.81
305,1,22,322,2000,411.63
305,1,22,322,2001,392.39
305,1,22,322,2002,384.84
305,1,22,322,2003,383.33
305,1,22,322,2004,378.01
305,1,22,322,2005,383.92
305,1,22,322,2006,387.22
305,1,22,322,2007,383.53
305,1,22,322,2008,381.12
305,1,22,322,2009,377.11
305,1,22,322,2010,374.77
305,1,22,322,2011,363.58
305,1,22,322,2012,365.9
305,1,22,322,2013,366.59
305,1,22,322,2014,362.21
305,1,22,322,2015,355.53
305,1,22,322,2016,351.75
305,1,27,322,1990,796.07
305,1,27,322,1991,783.27
305,1,27,322,1992,778.35
305,1,27,322,1993,770.31
305,1,27,322,1994,742.66
305,1,27,322,1995,680.75
305,1,27,322,1996,660.78
305,1,27,322,1997,615.19
305,1,27,322,1998,587.83
305,1,27,322,1999,574.55
305,1,27,322,2000,563.29
305,1,27,322,2001,528.88
305,1,27,322,2002,516.21
305,1,27,322,2003,508.35
305,1,27,322,2004,493.66
305,1,27,322,2005,492.9
305,1,27,322,2006,492.82
305,1,27,322,2007,481.31
305,1,27,322,2008,472.29
305,1,27,322,2009,461.35
305,1,27,322,2010,452.52
305,1,27,322,2011,434.62
305,1,27,322,2012,432.39
305,1,27,322,2013,428.27
305,1,27,322,2014,418.55
305,1,27,322,2015,405.17
305,1,27,322,2016,401.85
305,2,22,322,1990,509.46
305,2,22,322,1991,526.4
305,2,22,322,1992,545.72
305,2,22,322,1993,546.86
305,2,22,322,1994,523.79
305,2,22,322,1995,483.42
305,2,22,322,1996,449.39
305,2,22,322,1997,428.71
305,2,22,322,1998,412.93
305,2,22,322,1999,407.4
305,2,22,322,2000,406.5
305,2,22,322,2001,393.05
305,2,22,322,2002,391.66
305,2,22,322,2003,380.15
305,2,22,322,2004,373.03
305,2,22,322,2005,371.95
305,2,22,322,2006,358.63
305,2,22,322,2007,342.72
305,2,22,322,2008,331.96
305,2,22,322,2009,318.97
305,2,22,322,2010,304.21
305,2,22,322,2011,289.17
305,2,22,322,2012,275.37
305,2,22,322,2013,265.21
305,2,22,322,2014,258.78
305,2,22,322,2015,250.23
305,2,22,322,2016,240.91
305,2,27,322,1990,660.13
305,2,27,322,1991,677
305,2,27,322,1992,695.82
305,2,27,322,1993,696.26
305,2,27,322,1994,665.14
305,2,27,322,1995,609.1
305,2,27,322,1996,562.33
305,2,27,322,1997,532.26
305,2,27,322,1998,509.9
305,2,27,322,1999,499.71
305,2,27,322,2000,494.4
305,2,27,322,2001,474.09
305,2,27,322,2002,468.43
305,2,27,322,2003,449.58
305,2,27,322,2004,437.08
305,2,27,322,2005,432.2
305,2,27,322,2006,412.62
305,2,27,322,2007,388.99
305,2,27,322,2008,371.32
305,2,27,322,2009,350.89
305,2,27,322,2010,328.65
305,2,27,322,2011,307.65
305,2,27,322,2012,288.62
305,2,27,322,2013,273.91
305,2,27,322,2014,262.95
305,2,27,322,2015,250.43
305,2,27,322,2016,245.23
305,3,22,322,1990,552.89
305,3,22,322,1991,556.67
305,3,22,322,1992,563.47
305,3,22,322,1993,560.87
305,3,22,322,1994,539.43
305,3,22,322,1995,496.62
305,3,22,322,1996,466.93
305,3,22,322,1997,440.08
305,3,22,322,1998,421.72
305,3,22,322,1999,413.55
305,3,22,322,2000,409.04
305,3,22,322,2001,392.72
305,3,22,322,2002,388.28
305,3,22,322,2003,381.73
305,3,22,322,2004,375.5
305,3,22,322,2005,377.89
305,3,22,322,2006,372.81
305,3,22,322,2007,362.96
305,3,22,322,2008,356.34
305,3,22,322,2009,347.81
305,3,22,322,2010,339.21
305,3,22,322,2011,326.07
305,3,22,322,2012,320.27
305,3,22,322,2013,315.48
305,3,22,322,2014,310.06
305,3,22,322,2015,302.43
305,3,22,322,2016,295.87
305,3,27,322,1990,731.35
305,3,27,322,1991,734.16
305,3,27,322,1992,741.44
305,3,27,322,1993,737.8
305,3,27,322,1994,708.41
305,3,27,322,1995,649.2
305,3,27,322,1996,614.15
305,3,27,322,1997,576.26
305,3,27,322,1998,551.02
305,3,27,322,1999,539.09
305,3,27,322,2000,530.77
305,3,27,322,2001,503.93
305,3,27,322,2002,494.8
305,3,27,322,2003,480.88
305,3,27,322,2004,467.52
305,3,27,322,2005,464.69
305,3,27,322,2006,453.57
305,3,27,322,2007,435.25
305,3,27,322,2008,421.25
305,3,27,322,2009,404.74
305,3,27,322,2010,388.2
305,3,27,322,2011,368.17
305,3,27,322,2012,356.51
305,3,27,322,2013,346.5
305,3,27,322,2014,335.7
305,3,27,322,2015,322.62
305,3,27,322,2016,318.27
349,1,22,322,1990,1121.65
349,1,22,322,1991,1061.59
349,1,22,322,1992,1019.61
349,1,22,322,1993,911.55
349,1,22,322,1994,824.21
349,1,22,322,1995,765.29
349,1,22,322,1996,715.58
349,1,22,322,1997,683.77
349,1,22,322,1998,656.49
349,1,22,322,1999,638.84
349,1,22,322,2000,619.15
349,1,22,322,2001,617.79
349,1,22,322,2002,620.99
349,1,22,322,2003,624.38
349,1,22,322,2004,632.36
349,1,22,322,2005,629.13
349,1,22,322,2006,617.06
349,1,22,322,2007,577.31
349,1,22,322,2008,573.17
349,1,22,322,2009,582.16
349,1,22,322,2010,599
349,1,22,322,2011,587.09
349,1,22,322,2012,579.13
349,1,22,322,2013,581.64
349,1,22,322,2014,587.32
349,1,22,322,2015,604.39
349,1,22,322,2016,612.58
349,1,27,322,1990,1796.87
349,1,27,322,1991,1722.68
349,1,27,322,1992,1663.53
349,1,27,322,1993,1561.33
349,1,27,322,1994,1469.79
349,1,27,322,1995,1412.4
349,1,27,322,1996,1361.84
349,1,27,322,1997,1315.41
349,1,27,322,1998,1275.88
349,1,27,322,1999,1243.37
349,1,27,322,2000,1208.9
349,1,27,322,2001,1183.93
349,1,27,322,2002,1192.08
349,1,27,322,2003,1187.21
349,1,27,322,2004,1174.11
349,1,27,322,2005,1146.65
349,1,27,322,2006,1063.32
349,1,27,322,2007,970.59
349,1,27,322,2008,939.77
349,1,27,322,2009,934
349,1,27,322,2010,950.71
349,1,27,322,2011,927.7
349,1,27,322,2012,899.43
349,1,27,322,2013,890.64
349,1,27,322,2014,878.37
349,1,27,322,2015,887.1
349,1,27,322,2016,884.73
349,2,22,322,1990,525.11
349,2,22,322,1991,516.98
349,2,22,322,1992,509.65
349,2,22,322,1993,494.79
349,2,22,322,1994,479.78
349,2,22,322,1995,481.46
349,2,22,322,1996,502.45
349,2,22,322,1997,516.83
349,2,22,322,1998,501.15
349,2,22,322,1999,488.75
349,2,22,322,2000,483.35
349,2,22,322,2001,485.49
349,2,22,322,2002,482.35
349,2,22,322,2003,481.92
349,2,22,322,2004,487.78
349,2,22,322,2005,491.62
349,2,22,322,2006,480.44
349,2,22,322,2007,458.62
349,2,22,322,2008,461.15
349,2,22,322,2009,463.76
349,2,22,322,2010,448.23
349,2,22,322,2011,425.19
349,2,22,322,2012,398.76
349,2,22,322,2013,387.69
349,2,22,322,2014,386.22
349,2,22,322,2015,395.89
349,2,22,322,2016,408.48
349,2,27,322,1990,1034.53
349,2,27,322,1991,1020.02
349,2,27,322,1992,1004.05
349,2,27,322,1993,980.61
349,2,27,322,1994,966.9
349,2,27,322,1995,975.83
349,2,27,322,1996,998.45
349,2,27,322,1997,1013.14
349,2,27,322,1998,996.23
349,2,27,322,1999,968.15
349,2,27,322,2000,954.61
349,2,27,322,2001,946.08
349,2,27,322,2002,930.24
349,2,27,322,2003,916.61
349,2,27,322,2004,911.99
349,2,27,322,2005,902.05
349,2,27,322,2006,865.16
349,2,27,322,2007,804.68
349,2,27,322,2008,774.17
349,2,27,322,2009,731.51
349,2,27,322,2010,693.15
349,2,27,322,2011,655.13
349,2,27,322,2012,611.36
349,2,27,322,2013,582.73
349,2,27,322,2014,574.48
349,2,27,322,2015,579.18
349,2,27,322,2016,587.05
349,3,22,322,1990,847.97
349,3,22,322,1991,811.55
349,3,22,322,1992,785.14
349,3,22,322,1993,719.95
349,3,22,322,1994,665.75
349,3,22,322,1995,634.81
349,3,22,322,1996,617.62
349,3,22,322,1997,607.02
349,3,22,322,1998,585.01
349,3,22,322,1999,569.86
349,3,22,322,2000,556.74
349,3,22,322,2001,556.98
349,3,22,322,2002,557.29
349,3,22,322,2003,558.93
349,3,22,322,2004,565.89
349,3,22,322,2005,565.93
349,3,22,322,2006,554.27
349,3,22,322,2007,522.77
349,3,22,322,2008,521.65
349,3,22,322,2009,527.72
349,3,22,322,2010,529.68
349,3,22,322,2011,512.67
349,3,22,322,2012,496.14
349,3,22,322,2013,492.48
349,3,22,322,2014,494.81
349,3,22,322,2015,508.54
349,3,22,322,2016,518.79
349,3,27,322,1990,1401.02
349,3,27,322,1991,1356.99
349,3,27,322,1992,1321.54
349,3,27,322,1993,1254.02
349,3,27,322,1994,1201.9
349,3,27,322,1995,1178.53
349,3,27,322,1996,1161.71
349,3,27,322,1997,1146.83
349,3,27,322,1998,1122.38
349,3,27,322,1999,1094.22
349,3,27,322,2000,1070.76
349,3,27,322,2001,1056.3
349,3,27,322,2002,1051.24
349,3,27,322,2003,1043.1
349,3,27,322,2004,1038.14
349,3,27,322,2005,1021.68
349,3,27,322,2006,968.37
349,3,27,322,2007,892.38
349,3,27,322,2008,859.99
349,3,27,322,2009,831
349,3,27,322,2010,817.85
349,3,27,322,2011,786.84
349,3,27,322,2012,752.21
349,3,27,322,2013,731.68
349,3,27,322,2014,723.83
349,3,27,322,2015,731.29
349,3,27,322,2016,733.24
351,1,22,322,1990,808.32
351,1,22,322,1991,807.8
351,1,22,322,1992,805.93
351,1,22,322,1993,809.19
351,1,22,322,1994,805.12
351,1,22,322,1995,802.14
351,1,22,322,1996,808.93
351,1,22,322,1997,801.36
351,1,22,322,1998,814
351,1,22,322,1999,823.81
351,1,22,322,2000,820.82
351,1,22,322,2001,827.34
351,1,22,322,2002,830.66
351,1,22,322,2003,842.28
351,1,22,322,2004,853.98
351,1,22,322,2005,864.94
351,1,22,322,2006,884.75
351,1,22,322,2007,904.07
351,1,22,322,2008,924.72
351,1,22,322,2009,953.05
351,1,22,322,2010,972.5
351,1,22,322,2011,988.4
351,1,22,322,2012,1006.29
351,1,22,322,2013,1019.52
351,1,22,322,2014,1033.59
351,1,22,322,2015,1035.08
351,1,22,322,2016,1020.27
351,1,27,322,1990,979.88
351,1,27,322,1991,977.13
351,1,27,322,1992,971.39
351,1,27,322,1993,966.29
351,1,27,322,1994,954.62
351,1,27,322,1995,948.52
351,1,27,322,1996,948.84
351,1,27,322,1997,944.29
351,1,27,322,1998,957.38
351,1,27,322,1999,964.69
351,1,27,322,2000,962.57
351,1,27,322,2001,966.17
351,1,27,322,2002,967.37
351,1,27,322,2003,976.84
351,1,27,322,2004,984.46
351,1,27,322,2005,990.8
351,1,27,322,2006,1006.71
351,1,27,322,2007,1021.49
351,1,27,322,2008,1037.53
351,1,27,322,2009,1057.65
351,1,27,322,2010,1068.67
351,1,27,322,2011,1076.4
351,1,27,322,2012,1085.99
351,1,27,322,2013,1090.18
351,1,27,322,2014,1095.29
351,1,27,322,2015,1088.41
351,1,27,322,2016,1063.71
351,2,22,322,1990,657.86
351,2,22,322,1991,659.51
351,2,22,322,1992,656.02
351,2,22,322,1993,651.54
351,2,22,322,1994,637.84
351,2,22,322,1995,627.56
351,2,22,322,1996,615.1
351,2,22,322,1997,607.58
351,2,22,322,1998,603.81
351,2,22,322,1999,601.3
351,2,22,322,2000,595.7
351,2,22,322,2001,596.05
351,2,22,322,2002,596.08
351,2,22,322,2003,604.54
351,2,22,322,2004,615.35
351,2,22,322,2005,627.46
351,2,22,322,2006,643.01
351,2,22,322,2007,654.22
351,2,22,322,2008,665.47
351,2,22,322,2009,690.7
351,2,22,322,2010,708.2
351,2,22,322,2011,718.75
351,2,22,322,2012,726.89
351,2,22,322,2013,734.23
351,2,22,322,2014,741.19
351,2,22,322,2015,737.66
351,2,22,322,2016,723
351,2,27,322,1990,746.74
351,2,27,322,1991,751.69
351,2,27,322,1992,750.52
351,2,27,322,1993,744.78
351,2,27,322,1994,731.56
351,2,27,322,1995,720.21
351,2,27,322,1996,705.85
351,2,27,322,1997,696.49
351,2,27,322,1998,690.18
351,2,27,322,1999,686.8
351,2,27,322,2000,676.51
351,2,27,322,2001,672.58
351,2,27,322,2002,669.27
351,2,27,322,2003,673.89
351,2,27,322,2004,680.71
351,2,27,322,2005,688.54
351,2,27,322,2006,699.6
351,2,27,322,2007,705.19
351,2,27,322,2008,710.22
351,2,27,322,2009,727.56
351,2,27,322,2010,737.54
351,2,27,322,2011,741.52
351,2,27,322,2012,742.81
351,2,27,322,2013,741.85
351,2,27,322,2014,740.97
351,2,27,322,2015,730.5
351,2,27,322,2016,708.88
351,3,22,322,1990,738.17
351,3,22,322,1991,738.43
351,3,22,322,1992,735.45
351,3,22,322,1993,734.61
351,3,22,322,1994,725.48
351,3,22,322,1995,718.52
351,3,22,322,1996,715.58
351,3,22,322,1997,707.54
351,3,22,322,1998,711.75
351,3,22,322,1999,715.14
351,3,22,322,2000,710.55
351,3,22,322,2001,713.86
351,3,22,322,2002,715.52
351,3,22,322,2003,725.64
351,3,22,322,2004,736.96
351,3,22,322,2005,748.51
351,3,22,322,2006,766.26
351,3,22,322,2007,781.54
351,3,22,322,2008,797.43
351,3,22,322,2009,824.09
351,3,22,322,2010,842.49
351,3,22,322,2011,855.64
351,3,22,322,2012,868.67
351,3,22,322,2013,878.97
351,3,22,322,2014,889.52
351,3,22,322,2015,888.51
351,3,22,322,2016,873.74
351,3,27,322,1990,866.57
351,3,27,322,1991,867.79
351,3,27,322,1992,864.27
351,3,27,322,1993,858.81
351,3,27,322,1994,846.35
351,3,27,322,1995,836.53
351,3,27,322,1996,828.9
351,3,27,322,1997,821.37
351,3,27,322,1998,824.29
351,3,27,322,1999,825.89
351,3,27,322,2000,818.89
351,3,27,322,2001,818.24
351,3,27,322,2002,816.82
351,3,27,322,2003,823.57
351,3,27,322,2004,830.74
351,3,27,322,2005,837.74
351,3,27,322,2006,851.14
351,3,27,322,2007,861.08
351,3,27,322,2008,871.24
351,3,27,322,2009,889.67
351,3,27,322,2010,899.91
351,3,27,322,2011,905.59
351,3,27,322,2012,910.93
351,3,27,322,2013,912.4
351,3,27,322,2014,914.46
351,3,27,322,2015,905.7
351,3,27,322,2016,882.61
376,1,22,322,1990,648.22
376,1,22,322,1991,622.96
376,1,22,322,1992,599.62
376,1,22,322,1993,581.7
376,1,22,322,1994,566.26
376,1,22,322,1995,555.05
376,1,22,322,1996,543.06
376,1,22,322,1997,529.6
376,1,22,322,1998,514.2
376,1,22,322,1999,488.02
376,1,22,322,2000,453.87
376,1,22,322,2001,436.38
376,1,22,322,2002,422.57
376,1,22,322,2003,411.02
376,1,22,322,2004,403.84
376,1,22,322,2005,396.1
376,1,22,322,2006,382.25
376,1,22,322,2007,367.57
376,1,22,322,2008,365.02
376,1,22,322,2009,367.2
376,1,22,322,2010,364.5
376,1,22,322,2011,370.32
376,1,22,322,2012,380.73
376,1,22,322,2013,389.4
376,1,22,322,2014,395.55
376,1,22,322,2015,397.58
376,1,22,322,2016,392.95
376,1,27,322,1990,917.24
376,1,27,322,1991,885.62
376,1,27,322,1992,859.7
376,1,27,322,1993,837.1
376,1,27,322,1994,816.67
376,1,27,322,1995,800.54
376,1,27,322,1996,785.94
376,1,27,322,1997,772.55
376,1,27,322,1998,760.36
376,1,27,322,1999,738.16
376,1,27,322,2000,707.58
376,1,27,322,2001,695.41
376,1,27,322,2002,687.1
376,1,27,322,2003,678.43
376,1,27,322,2004,670.19
376,1,27,322,2005,668.65
376,1,27,322,2006,660.41
376,1,27,322,2007,648.85
376,1,27,322,2008,649.31
376,1,27,322,2009,653.91
376,1,27,322,2010,651.97
376,1,27,322,2011,657.9
376,1,27,322,2012,669.73
376,1,27,322,2013,678.85
376,1,27,322,2014,685.18
376,1,27,322,2015,686.67
376,1,27,322,2016,679.02
376,2,22,322,1990,436.38
376,2,22,322,1991,419.46
376,2,22,322,1992,402.32
376,2,22,322,1993,388.36
376,2,22,322,1994,375.44
376,2,22,322,1995,364.75
376,2,22,322,1996,357.36
376,2,22,322,1997,348.75
376,2,22,322,1998,337.45
376,2,22,322,1999,329.19
376,2,22,322,2000,310.39
376,2,22,322,2001,297.95
376,2,22,322,2002,286.57
376,2,22,322,2003,277.2
376,2,22,322,2004,272.75
376,2,22,322,2005,266.89
376,2,22,322,2006,256.55
376,2,22,322,2007,243.57
376,2,22,322,2008,235.86
376,2,22,322,2009,232.78
376,2,22,322,2010,229.39
376,2,22,322,2011,232.17
376,2,22,322,2012,235.39
376,2,22,322,2013,239.27
376,2,22,322,2014,241.48
376,2,22,322,2015,240.86
376,2,22,322,2016,236.97
376,2,27,322,1990,694.44
376,2,27,322,1991,669.96
376,2,27,322,1992,647.74
376,2,27,322,1993,628.26
376,2,27,322,1994,610.01
376,2,27,322,1995,594.49
376,2,27,322,1996,581.98
376,2,27,322,1997,569.96
376,2,27,322,1998,556.81
376,2,27,322,1999,557.93
376,2,27,322,2000,535.16
376,2,27,322,2001,526.97
376,2,27,322,2002,516.52
376,2,27,322,2003,506.24
376,2,27,322,2004,500.71
376,2,27,322,2005,496.98
376,2,27,322,2006,489.88
376,2,27,322,2007,477.69
376,2,27,322,2008,469.56
376,2,27,322,2009,467.54
376,2,27,322,2010,463.64
376,2,27,322,2011,467.2
376,2,27,322,2012,467.53
376,2,27,322,2013,470.27
376,2,27,322,2014,470.76
376,2,27,322,2015,468.04
376,2,27,322,2016,460.07
376,3,22,322,1990,547.86
376,3,22,322,1991,525.48
376,3,22,322,1992,504.08
376,3,22,322,1993,487.05
376,3,22,322,1994,471.83
376,3,22,322,1995,459.85
376,3,22,322,1996,450.16
376,3,22,322,1997,439.13
376,3,22,322,1998,425.78
376,3,22,322,1999,408.57
376,3,22,322,2000,382.1
376,3,22,322,2001,367.13
376,3,22,322,2002,354.54
376,3,22,322,2003,344.08
376,3,22,322,2004,338.26
376,3,22,322,2005,331.45
376,3,22,322,2006,319.36
376,3,22,322,2007,305.52
376,3,22,322,2008,300.38
376,3,22,322,2009,299.92
376,3,22,322,2010,296.87
376,3,22,322,2011,301.16
376,3,22,322,2012,307.97
376,3,22,322,2013,314.23
376,3,22,322,2014,318.4
376,3,22,322,2015,319.1
376,3,22,322,2016,314.84
376,3,27,322,1990,807.21
376,3,27,322,1991,778.55
376,3,27,322,1992,754.09
376,3,27,322,1993,732.79
376,3,27,322,1994,713.26
376,3,27,322,1995,697.37
376,3,27,322,1996,683.73
376,3,27,322,1997,671.09
376,3,27,322,1998,658.63
376,3,27,322,1999,648.09
376,3,27,322,2000,621.86
376,3,27,322,2001,612.12
376,3,27,322,2002,603.06
376,3,27,322,2003,593.54
376,3,27,322,2004,586.7
376,3,27,322,2005,584.13
376,3,27,322,2006,576.56
376,3,27,322,2007,565.04
376,3,27,322,2008,561.75
376,3,27,322,2009,563.48
376,3,27,322,2010,560.68
376,3,27,322,2011,565.66
376,3,27,322,2012,571.81
376,3,27,322,2013,577.82
376,3,27,322,2014,581.3
376,3,27,322,2015,580.8
376,3,27,322,2016,572.87
385,1,22,322,1990,996.39
385,1,22,322,1991,987.09
385,1,22,322,1992,983.97
385,1,22,322,1993,977.1
385,1,22,322,1994,996.16
385,1,22,322,1995,979.14
385,1,22,322,1996,951.61
385,1,22,322,1997,905.21
385,1,22,322,1998,882.18
385,1,22,322,1999,887.52
385,1,22,322,2000,874.37
385,1,22,322,2001,861.71
385,1,22,322,2002,857.67
385,1,22,322,2003,860.98
385,1,22,322,2004,867.03
385,1,22,322,2005,865.1
385,1,22,322,2006,852.39
385,1,22,322,2007,853.83
385,1,22,322,2008,852.4
385,1,22,322,2009,846.42
385,1,22,322,2010,842.46
385,1,22,322,2011,835.87
385,1,22,322,2012,830.51
385,1,22,322,2013,825.88
385,1,22,322,2014,838.73
385,1,22,322,2015,826.83
385,1,22,322,2016,816.99
385,1,27,322,1990,1072.52
385,1,27,322,1991,1058.25
385,1,27,322,1992,1050.53
385,1,27,322,1993,1037.82
385,1,27,322,1994,1052.32
385,1,27,322,1995,1026.87
385,1,27,322,1996,991.02
385,1,27,322,1997,937.72
385,1,27,322,1998,909.82
385,1,27,322,1999,911.09
385,1,27,322,2000,891.51
385,1,27,322,2001,873.17
385,1,27,322,2002,863.67
385,1,27,322,2003,860.86
385,1,27,322,2004,859.45
385,1,27,322,2005,850.63
385,1,27,322,2006,833.17
385,1,27,322,2007,827.29
385,1,27,322,2008,817.84
385,1,27,322,2009,805.11
385,1,27,322,2010,791.52
385,1,27,322,2011,777.34
385,1,27,322,2012,760.81
385,1,27,322,2013,747.45
385,1,27,322,2014,748.14
385,1,27,322,2015,730.02
385,1,27,322,2016,711.98
385,2,22,322,1990,576.09
385,2,22,322,1991,565.54
385,2,22,322,1992,559.11
385,2,22,322,1993,555.02
385,2,22,322,1994,567.45
385,2,22,322,1995,572.88
385,2,22,322,1996,576.59
385,2,22,322,1997,570.67
385,2,22,322,1998,565.08
385,2,22,322,1999,573.36
385,2,22,322,2000,568.94
385,2,22,322,2001,571.86
385,2,22,322,2002,568.4
385,2,22,322,2003,567.44
385,2,22,322,2004,577.95
385,2,22,322,2005,591.35
385,2,22,322,2006,590.03
385,2,22,322,2007,590.77
385,2,22,322,2008,586.15
385,2,22,322,2009,582.68
385,2,22,322,2010,585.63
385,2,22,322,2011,584.62
385,2,22,322,2012,597.95
385,2,22,322,2013,589.88
385,2,22,322,2014,594.51
385,2,22,322,2015,593.71
385,2,22,322,2016,593.4
385,2,27,322,1990,593.27
385,2,27,322,1991,578.36
385,2,27,322,1992,566.44
385,2,27,322,1993,557.44
385,2,27,322,1994,565.91
385,2,27,322,1995,565.96
385,2,27,322,1996,563.67
385,2,27,322,1997,551.88
385,2,27,322,1998,541.99
385,2,27,322,1999,543.13
385,2,27,322,2000,532.6
385,2,27,322,2001,528.85
385,2,27,322,2002,518.25
385,2,27,322,2003,513.02
385,2,27,322,2004,514.1
385,2,27,322,2005,516.61
385,2,27,322,2006,508.68
385,2,27,322,2007,500.56
385,2,27,322,2008,489.85
385,2,27,322,2009,480.81
385,2,27,322,2010,470.99
385,2,27,322,2011,461.73
385,2,27,322,2012,461.36
385,2,27,322,2013,447.86
385,2,27,322,2014,440.92
385,2,27,322,2015,432.82
385,2,27,322,2016,424.91
385,3,22,322,1990,779.81
385,3,22,322,1991,769.59
385,3,22,322,1992,764.54
385,3,22,322,1993,758.91
385,3,22,322,1994,774.38
385,3,22,322,1995,768.85
385,3,22,322,1996,757.34
385,3,22,322,1997,731.82
385,3,22,322,1998,717.76
385,3,22,322,1999,724.56
385,3,22,322,2000,715.88
385,3,22,322,2001,711.22
385,3,22,322,2002,707.41
385,3,22,322,2003,708.42
385,3,22,322,2004,716.73
385,3,22,322,2005,722.75
385,3,22,322,2006,715.96
385,3,22,322,2007,717.05
385,3,22,322,2008,713.98
385,3,22,322,2009,709.33
385,3,22,322,2010,709
385,3,22,322,2011,705.33
385,3,22,322,2012,709.69
385,3,22,322,2013,703.27
385,3,22,322,2014,711.86
385,3,22,322,2015,705.75
385,3,22,322,2016,700.87
385,3,27,322,1990,818.82
385,3,27,322,1991,804.25
385,3,27,322,1992,794.18
385,3,27,322,1993,783.06
385,3,27,322,1994,793.91
385,3,27,322,1995,781.88
385,3,27,322,1996,763.67
385,3,27,322,1997,732.41
385,3,27,322,1998,713.53
385,3,27,322,1999,714.41
385,3,27,322,2000,699.14
385,3,27,322,2001,688.06
385,3,27,322,2002,677.7
385,3,27,322,2003,672.58
385,3,27,322,2004,672.02
385,3,27,322,2005,669.22
385,3,27,322,2006,656.99
385,3,27,322,2007,649.59
385,3,27,322,2008,639.16
385,3,27,322,2009,628.19
385,3,27,322,2010,616.58
385,3,27,322,2011,604.89
385,3,27,322,2012,596.67
385,3,27,322,2013,582.54
385,3,27,322,2014,578.54
385,3,27,322,2015,566.11
385,3,27,322,2016,553.97
435,1,22,322,1990,18828.13
435,1,22,322,1991,18156.75
435,1,22,322,1992,17482.05
435,1,22,322,1993,16734.08
435,1,22,322,1994,15903.34
435,1,22,322,1995,15066.86
435,1,22,322,1996,14271.02
435,1,22,322,1997,13468.77
435,1,22,322,1998,12853.72
435,1,22,322,1999,12289.45
435,1,22,322,2000,11918.01
435,1,22,322,2001,11298.65
435,1,22,322,2002,10723.49
435,1,22,322,2003,10309.23
435,1,22,322,2004,10093.46
435,1,22,322,2005,10318.09
435,1,22,322,2006,10371.54
435,1,22,322,2007,10340.18
435,1,22,322,2008,10263.07
435,1,22,322,2009,10120.05
435,1,22,322,2010,9751.98
435,1,22,322,2011,9355.58
435,1,22,322,2012,9064.2
435,1,22,322,2013,8833.7
435,1,22,322,2014,8479.45
435,1,22,322,2015,8385.91
435,1,22,322,2016,8133.83
435,1,27,322,1990,8987.76
435,1,27,322,1991,8678.92
435,1,27,322,1992,8440.6
435,1,27,322,1993,8202.03
435,1,27,322,1994,7946.6
435,1,27,322,1995,7699.13
435,1,27,322,1996,7474.51
435,1,27,322,1997,7179.05
435,1,27,322,1998,6989.97
435,1,27,322,1999,6765.92
435,1,27,322,2000,6602.73
435,1,27,322,2001,6275.71
435,1,27,322,2002,5999.33
435,1,27,322,2003,5835.35
435,1,27,322,2004,5768.84
435,1,27,322,2005,5887.17
435,1,27,322,2006,5948.05
435,1,27,322,2007,5943.4
435,1,27,322,2008,5891.63
435,1,27,322,2009,5807.87
435,1,27,322,2010,5613.77
435,1,27,322,2011,5419.8
435,1,27,322,2012,5308.28
435,1,27,322,2013,5218.69
435,1,27,322,2014,5078.78
435,1,27,322,2015,5041.83
435,1,27,322,2016,4933.95
435,2,22,322,1990,16021.27
435,2,22,322,1991,15493.14
435,2,22,322,1992,14954.86
435,2,22,322,1993,14298.41
435,2,22,322,1994,13624.11
435,2,22,322,1995,12894.13
435,2,22,322,1996,12239.15
435,2,22,322,1997,11544.53
435,2,22,322,1998,11005.38
435,2,22,322,1999,10582.21
435,2,22,322,2000,10264.34
435,2,22,322,2001,9734.02
435,2,22,322,2002,9234.67
435,2,22,322,2003,8900.85
435,2,22,322,2004,8711.46
435,2,22,322,2005,8927.17
435,2,22,322,2006,9002.62
435,2,22,322,2007,9014.15
435,2,22,322,2008,8955.67
435,2,22,322,2009,8851.63
435,2,22,322,2010,8500.53
435,2,22,322,2011,8112.35
435,2,22,322,2012,7807.36
435,2,22,322,2013,7555.96
435,2,22,322,2014,7245.61
435,2,22,322,2015,7151.03
435,2,22,322,2016,6901.21
435,2,27,322,1990,8133.27
435,2,27,322,1991,7863.6
435,2,27,322,1992,7648.59
435,2,27,322,1993,7409.93
435,2,27,322,1994,7185.41
435,2,27,322,1995,6947.15
435,2,27,322,1996,6753.97
435,2,27,322,1997,6493.72
435,2,27,322,1998,6316.06
435,2,27,322,1999,6141.24
435,2,27,322,2000,5984.13
435,2,27,322,2001,5684.78
435,2,27,322,2002,5423.65
435,2,27,322,2003,5273.44
435,2,27,322,2004,5195.03
435,2,27,322,2005,5291.99
435,2,27,322,2006,5339.78
435,2,27,322,2007,5340.61
435,2,27,322,2008,5291.37
435,2,27,322,2009,5220.76
435,2,27,322,2010,5033.75
435,2,27,322,2011,4837.87
435,2,27,322,2012,4703.49
435,2,27,322,2013,4594.87
435,2,27,322,2014,4459.97
435,2,27,322,2015,4414.68
435,2,27,322,2016,4301.9
435,3,22,322,1990,17420.68
435,3,22,322,1991,16821.25
435,3,22,322,1992,16215.12
435,3,22,322,1993,15513.17
435,3,22,322,1994,14760.9
435,3,22,322,1995,13977.71
435,3,22,322,1996,13252.39
435,3,22,322,1997,12504.06
435,3,22,322,1998,11927.08
435,3,22,322,1999,11433.63
435,3,22,322,2000,11089.17
435,3,22,322,2001,10514.62
435,3,22,322,2002,9977.65
435,3,22,322,2003,9603.88
435,3,22,322,2004,9401.52
435,3,22,322,2005,9621.88
435,3,22,322,2006,9686.54
435,3,22,322,2007,9676.86
435,3,22,322,2008,9609.27
435,3,22,322,2009,9485.96
435,3,22,322,2010,9126.59
435,3,22,322,2011,8734.5
435,3,22,322,2012,8436.53
435,3,22,322,2013,8195.8
435,3,22,322,2014,7863.67
435,3,22,322,2015,7769.81
435,3,22,322,2016,7519.05
435,3,27,322,1990,8568.72
435,3,27,322,1991,8279.35
435,3,27,322,1992,8052.28
435,3,27,322,1993,7813.21
435,3,27,322,1994,7572.73
435,3,27,322,1995,7329.33
435,3,27,322,1996,7119.92
435,3,27,322,1997,6841.89
435,3,27,322,1998,6658.3
435,3,27,322,1999,6458.6
435,3,27,322,2000,6298.23
435,3,27,322,2001,5984.81
435,3,27,322,2002,5715.76
435,3,27,322,2003,5558.28
435,3,27,322,2004,5485.3
435,3,27,322,2005,5592.39
435,3,27,322,2006,5646.09
435,3,27,322,2007,5643.78
435,3,27,322,2008,5593.18
435,3,27,322,2009,5516.03
435,3,27,322,2010,5325.77
435,3,27,322,2011,5131.01
435,3,27,322,2012,5007.94
435,3,27,322,2013,4908.88
435,3,27,322,2014,4771.28
435,3,27,322,2015,4730.18
435,3,27,322,2016,4619.91
522,1,22,322,1990,4780.92
522,1,22,322,1991,4579.96
522,1,22,322,1992,4400.61
522,1,22,322,1993,4216.99
522,1,22,322,1994,4037.15
522,1,22,322,1995,3837.25
522,1,22,322,1996,3662.24
522,1,22,322,1997,3446.36
522,1,22,322,1998,3234.65
522,1,22,322,1999,3067.59
522,1,22,322,2000,2959.46
522,1,22,322,2001,2804.64
522,1,22,322,2002,2653.79
522,1,22,322,2003,2495.49
522,1,22,322,2004,2404.77
522,1,22,322,2005,2476.2
522,1,22,322,2006,2449.06
522,1,22,322,2007,2375.2
522,1,22,322,2008,2293.16
522,1,22,322,2009,2254.7
522,1,22,322,2010,2204
522,1,22,322,2011,2140.37
522,1,22,322,2012,2079.21
522,1,22,322,2013,1932.46
522,1,22,322,2014,1797.02
522,1,22,322,2015,1665.77
522,1,22,322,2016,1546.33
522,1,27,322,1990,3688.02
522,1,27,322,1991,3564.88
522,1,27,322,1992,3452.88
522,1,27,322,1993,3328.83
522,1,27,322,1994,3195.89
522,1,27,322,1995,3040.78
522,1,27,322,1996,2896.22
522,1,27,322,1997,2727.64
522,1,27,322,1998,2566.84
522,1,27,322,1999,2447.67
522,1,27,322,2000,2374.09
522,1,27,322,2001,2277.52
522,1,27,322,2002,2187.64
522,1,27,322,2003,2096.89
522,1,27,322,2004,2053.11
522,1,27,322,2005,2114.36
522,1,27,322,2006,2113.38
522,1,27,322,2007,2081.36
522,1,27,322,2008,2044.17
522,1,27,322,2009,2035.71
522,1,27,322,2010,2019.01
522,1,27,322,2011,1995.33
522,1,27,322,2012,1978.01
522,1,27,322,2013,1882.87
522,1,27,322,2014,1802.82
522,1,27,322,2015,1723.51
522,1,27,322,2016,1645.36
522,2,22,322,1990,6213.82
522,2,22,322,1991,6018.36
522,2,22,322,1992,5834.61
522,2,22,322,1993,5623.67
522,2,22,322,1994,5426.19
522,2,22,322,1995,5178.02
522,2,22,322,1996,4960.55
522,2,22,322,1997,4676.76
522,2,22,322,1998,4389.27
522,2,22,322,1999,4120.13
522,2,22,322,2000,3924.46
522,2,22,322,2001,3669.73
522,2,22,322,2002,3416.48
522,2,22,322,2003,3167.68
522,2,22,322,2004,3008.86
522,2,22,322,2005,3064.67
522,2,22,322,2006,2995.09
522,2,22,322,2007,2883.54
522,2,22,322,2008,2793.84
522,2,22,322,2009,2741.39
522,2,22,322,2010,2677.8
522,2,22,322,2011,2587.1
522,2,22,322,2012,2490.55
522,2,22,322,2013,2299.92
522,2,22,322,2014,2120.07
522,2,22,322,2015,1943.95
522,2,22,322,2016,1787.52
522,2,27,322,1990,4678.99
522,2,27,322,1991,4561.39
522,2,27,322,1992,4446.57
522,2,27,322,1993,4299.63
522,2,27,322,1994,4144.38
522,2,27,322,1995,3942.39
522,2,27,322,1996,3752.45
522,2,27,322,1997,3522.13
522,2,27,322,1998,3296.36
522,2,27,322,1999,3097.78
522,2,27,322,2000,2960.65
522,2,27,322,2001,2795.63
522,2,27,322,2002,2638.42
522,2,27,322,2003,2490.34
522,2,27,322,2004,2405.68
522,2,27,322,2005,2462.93
522,2,27,322,2006,2438.24
522,2,27,322,2007,2385.06
522,2,27,322,2008,2347.22
522,2,27,322,2009,2335.67
522,2,27,322,2010,2317.1
522,2,27,322,2011,2279.95
522,2,27,322,2012,2242.32
522,2,27,322,2013,2122.61
522,2,27,322,2014,2014.4
522,2,27,322,2015,1905.43
522,2,27,322,2016,1801.62
522,3,22,322,1990,5494.94
522,3,22,322,1991,5296.73
522,3,22,322,1992,5115.19
522,3,22,322,1993,4917.95
522,3,22,322,1994,4729.31
522,3,22,322,1995,4505.37
522,3,22,322,1996,4309.25
522,3,22,322,1997,4059.56
522,3,22,322,1998,3810.1
522,3,22,322,1999,3592.19
522,3,22,322,2000,3440.46
522,3,22,322,2001,3235.88
522,3,22,322,2002,3034.01
522,3,22,322,2003,2830.61
522,3,22,322,2004,2705.96
522,3,22,322,2005,2769.62
522,3,22,322,2006,2721.33
522,3,22,322,2007,2628.68
522,3,22,322,2008,2542.83
522,3,22,322,2009,2497.39
522,3,22,322,2010,2440.26
522,3,22,322,2011,2363.13
522,3,22,322,2012,2284.31
522,3,22,322,2013,2115.67
522,3,22,322,2014,1958.08
522,3,22,322,2015,1804.45
522,3,22,322,2016,1666.57
522,3,27,322,1990,4178.03
522,3,27,322,1991,4057.45
522,3,27,322,1992,3943.91
522,3,27,322,1993,3808.43
522,3,27,322,1994,3664.37
522,3,27,322,1995,3486.04
522,3,27,322,1996,3319
522,3,27,322,1997,3119.82
522,3,27,322,1998,2926.79
522,3,27,322,1999,2768.1
522,3,27,322,2000,2662.83
522,3,27,322,2001,2532.11
522,3,27,322,2002,2408.7
522,3,27,322,2003,2289.39
522,3,27,322,2004,2225.21
522,3,27,322,2005,2284.31
522,3,27,322,2006,2271.41
522,3,27,322,2007,2228.71
522,3,27,322,2008,2190.96
522,3,27,322,2009,2180.78
522,3,27,322,2010,2163
522,3,27,322,2011,2132.51
522,3,27,322,2012,2105.01
522,3,27,322,2013,1997.76
522,3,27,322,2014,1903.74
522,3,27,322,2015,1809.74
522,3,27,322,2016,1718.93
