location,sex,age,cause,year,ylds_number
6,1,22,450,1990,812.93
6,1,22,450,1991,845.54
6,1,22,450,1992,883.09
6,1,22,450,1993,941.49
6,1,22,450,1994,994.93
6,1,22,450,1995,1042.8
6,1,22,450,1996,1074.67
6,1,22,450,1997,1106.27
6,1,22,450,1998,1136.53
6,1,22,450,1999,1161.99
6,1,22,450,2000,1189.86
6,1,22,450,2001,1219.73
6,1,22,450,2002,1251.58
6,1,22,450,2003,1287.95
6,1,22,450,2004,1334.33
6,1,22,450,2005,1404.37
6,1,22,450,2006,1481.17
6,1,22,450,2007,1577.49
6,1,22,450,2008,1679.84
6,1,22,450,2009,1807.12
6,1,22,450,2010,1941.38
6,1,22,450,2011,2061.91
6,1,22,450,2012,2197.37
6,1,22,450,2013,2358.55
6,1,22,450,2014,2525.75
6,1,22,450,2015,2675.55
6,1,22,450,2016,2809.61
6,2,22,450,1990,209.5
6,2,22,450,1991,212.68
6,2,22,450,1992,217.34
6,2,22,450,1993,228.63
6,2,22,450,1994,231.5
6,2,22,450,1995,236.34
6,2,22,450,1996,235.72
6,2,22,450,1997,236.88
6,2,22,450,1998,236.62
6,2,22,450,1999,245.4
6,2,22,450,2000,252.37
6,2,22,450,2001,260.76
6,2,22,450,2002,263.91
6,2,22,450,2003,273.07
6,2,22,450,2004,280.85
6,2,22,450,2005,293.57
6,2,22,450,2006,298.54
6,2,22,450,2007,305.09
6,2,22,450,2008,310.78
6,2,22,450,2009,320.1
6,2,22,450,2010,327.97
6,2,22,450,2011,334.19
6,2,22,450,2012,343.39
6,2,22,450,2013,351.77
6,2,22,450,2014,362.78
6,2,22,450,2015,369.03
6,2,22,450,2016,376.62
6,3,22,450,1990,1022.44
6,3,22,450,1991,1058.22
6,3,22,450,1992,1100.43
6,3,22,450,1993,1170.12
6,3,22,450,1994,1226.43
6,3,22,450,1995,1279.14
6,3,22,450,1996,1310.39
6,3,22,450,1997,1343.14
6,3,22,450,1998,1373.15
6,3,22,450,1999,1407.38
6,3,22,450,2000,1442.23
6,3,22,450,2001,1480.49
6,3,22,450,2002,1515.5
6,3,22,450,2003,1561.02
6,3,22,450,2004,1615.19
6,3,22,450,2005,1697.95
6,3,22,450,2006,1779.7
6,3,22,450,2007,1882.58
6,3,22,450,2008,1990.61
6,3,22,450,2009,2127.22
6,3,22,450,2010,2269.34
6,3,22,450,2011,2396.11
6,3,22,450,2012,2540.75
6,3,22,450,2013,2710.32
6,3,22,450,2014,2888.53
6,3,22,450,2015,3044.58
6,3,22,450,2016,3186.23
7,1,22,450,1990,10.4
7,1,22,450,1991,10.81
7,1,22,450,1992,11.19
7,1,22,450,1993,11.54
7,1,22,450,1994,11.84
7,1,22,450,1995,12.13
7,1,22,450,1996,12.14
7,1,22,450,1997,12.15
7,1,22,450,1998,12.12
7,1,22,450,1999,12.04
7,1,22,450,2000,12.07
7,1,22,450,2001,12.05
7,1,22,450,2002,12.13
7,1,22,450,2003,12.27
7,1,22,450,2004,12.46
7,1,22,450,2005,12.78
7,1,22,450,2006,13.04
7,1,22,450,2007,13.26
7,1,22,450,2008,13.59
7,1,22,450,2009,13.95
7,1,22,450,2010,14.42
7,1,22,450,2011,14.71
7,1,22,450,2012,15.08
7,1,22,450,2013,15.46
7,1,22,450,2014,15.85
7,1,22,450,2015,16.26
7,1,22,450,2016,16.76
7,2,22,450,1990,4.48
7,2,22,450,1991,4.61
7,2,22,450,1992,4.73
7,2,22,450,1993,4.84
7,2,22,450,1994,4.97
7,2,22,450,1995,5.09
7,2,22,450,1996,5.19
7,2,22,450,1997,5.28
7,2,22,450,1998,5.38
7,2,22,450,1999,5.5
7,2,22,450,2000,5.63
7,2,22,450,2001,5.75
7,2,22,450,2002,5.87
7,2,22,450,2003,6
7,2,22,450,2004,6.12
7,2,22,450,2005,6.25
7,2,22,450,2006,6.34
7,2,22,450,2007,6.43
7,2,22,450,2008,6.53
7,2,22,450,2009,6.65
7,2,22,450,2010,6.77
7,2,22,450,2011,6.86
7,2,22,450,2012,6.96
7,2,22,450,2013,7.07
7,2,22,450,2014,7.19
7,2,22,450,2015,7.32
7,2,22,450,2016,7.44
7,3,22,450,1990,14.88
7,3,22,450,1991,15.42
7,3,22,450,1992,15.92
7,3,22,450,1993,16.38
7,3,22,450,1994,16.8
7,3,22,450,1995,17.22
7,3,22,450,1996,17.33
7,3,22,450,1997,17.43
7,3,22,450,1998,17.5
7,3,22,450,1999,17.54
7,3,22,450,2000,17.7
7,3,22,450,2001,17.8
7,3,22,450,2002,18
7,3,22,450,2003,18.26
7,3,22,450,2004,18.59
7,3,22,450,2005,19.03
7,3,22,450,2006,19.38
7,3,22,450,2007,19.69
7,3,22,450,2008,20.12
7,3,22,450,2009,20.6
7,3,22,450,2010,21.19
7,3,22,450,2011,21.57
7,3,22,450,2012,22.04
7,3,22,450,2013,22.53
7,3,22,450,2014,23.04
7,3,22,450,2015,23.58
7,3,22,450,2016,24.2
8,1,22,450,1990,78.61
8,1,22,450,1991,86.68
8,1,22,450,1992,97.01
8,1,22,450,1993,106.59
8,1,22,450,1994,116.9
8,1,22,450,1995,129.77
8,1,22,450,1996,144.99
8,1,22,450,1997,163.93
8,1,22,450,1998,185.42
8,1,22,450,1999,200.74
8,1,22,450,2000,223.71
8,1,22,450,2001,245.81
8,1,22,450,2002,268.03
8,1,22,450,2003,289.66
8,1,22,450,2004,316.75
8,1,22,450,2005,348.12
8,1,22,450,2006,375.48
8,1,22,450,2007,399.3
8,1,22,450,2008,416.85
8,1,22,450,2009,434.78
8,1,22,450,2010,457.96
8,1,22,450,2011,483.68
8,1,22,450,2012,497.78
8,1,22,450,2013,510.04
8,1,22,450,2014,532.24
8,1,22,450,2015,549.27
8,1,22,450,2016,558.75
8,2,22,450,1990,6.73
8,2,22,450,1991,7.17
8,2,22,450,1992,7.51
8,2,22,450,1993,7.87
8,2,22,450,1994,8.26
8,2,22,450,1995,8.95
8,2,22,450,1996,9.57
8,2,22,450,1997,10.55
8,2,22,450,1998,11.67
8,2,22,450,1999,12.51
8,2,22,450,2000,13.41
8,2,22,450,2001,14.19
8,2,22,450,2002,14.77
8,2,22,450,2003,15.45
8,2,22,450,2004,16.24
8,2,22,450,2005,16.61
8,2,22,450,2006,16.76
8,2,22,450,2007,16.78
8,2,22,450,2008,16.61
8,2,22,450,2009,16.97
8,2,22,450,2010,17.55
8,2,22,450,2011,18.31
8,2,22,450,2012,19.24
8,2,22,450,2013,20.05
8,2,22,450,2014,21.04
8,2,22,450,2015,21.73
8,2,22,450,2016,22.47
8,3,22,450,1990,85.35
8,3,22,450,1991,93.85
8,3,22,450,1992,104.52
8,3,22,450,1993,114.46
8,3,22,450,1994,125.15
8,3,22,450,1995,138.72
8,3,22,450,1996,154.56
8,3,22,450,1997,174.47
8,3,22,450,1998,197.09
8,3,22,450,1999,213.25
8,3,22,450,2000,237.12
8,3,22,450,2001,260
8,3,22,450,2002,282.79
8,3,22,450,2003,305.11
8,3,22,450,2004,332.99
8,3,22,450,2005,364.72
8,3,22,450,2006,392.23
8,3,22,450,2007,416.08
8,3,22,450,2008,433.46
8,3,22,450,2009,451.75
8,3,22,450,2010,475.51
8,3,22,450,2011,501.99
8,3,22,450,2012,517.03
8,3,22,450,2013,530.09
8,3,22,450,2014,553.28
8,3,22,450,2015,571
8,3,22,450,2016,581.22
10,1,22,450,1990,8.82
10,1,22,450,1991,9.02
10,1,22,450,1992,9.32
10,1,22,450,1993,9.7
10,1,22,450,1994,10.11
10,1,22,450,1995,10.7
10,1,22,450,1996,10.8
10,1,22,450,1997,11.11
10,1,22,450,1998,11.44
10,1,22,450,1999,11.8
10,1,22,450,2000,12.38
10,1,22,450,2001,12.72
10,1,22,450,2002,13.18
10,1,22,450,2003,13.66
10,1,22,450,2004,14.16
10,1,22,450,2005,14.81
10,1,22,450,2006,15.28
10,1,22,450,2007,15.76
10,1,22,450,2008,16.42
10,1,22,450,2009,17.19
10,1,22,450,2010,18.1
10,1,22,450,2011,18.62
10,1,22,450,2012,19.3
10,1,22,450,2013,19.98
10,1,22,450,2014,20.84
10,1,22,450,2015,21.68
10,1,22,450,2016,22.75
10,2,22,450,1990,11.5
10,2,22,450,1991,11.68
10,2,22,450,1992,11.9
10,2,22,450,1993,12.29
10,2,22,450,1994,12.7
10,2,22,450,1995,13.1
10,2,22,450,1996,13.33
10,2,22,450,1997,13.52
10,2,22,450,1998,13.94
10,2,22,450,1999,14.2
10,2,22,450,2000,14.6
10,2,22,450,2001,14.86
10,2,22,450,2002,15.06
10,2,22,450,2003,15.44
10,2,22,450,2004,15.81
10,2,22,450,2005,16.1
10,2,22,450,2006,16.23
10,2,22,450,2007,16.44
10,2,22,450,2008,16.62
10,2,22,450,2009,17.01
10,2,22,450,2010,17.49
10,2,22,450,2011,17.68
10,2,22,450,2012,17.98
10,2,22,450,2013,18.43
10,2,22,450,2014,18.91
10,2,22,450,2015,19.39
10,2,22,450,2016,19.95
10,3,22,450,1990,20.32
10,3,22,450,1991,20.7
10,3,22,450,1992,21.21
10,3,22,450,1993,21.99
10,3,22,450,1994,22.81
10,3,22,450,1995,23.81
10,3,22,450,1996,24.13
10,3,22,450,1997,24.63
10,3,22,450,1998,25.39
10,3,22,450,1999,26
10,3,22,450,2000,26.98
10,3,22,450,2001,27.58
10,3,22,450,2002,28.24
10,3,22,450,2003,29.1
10,3,22,450,2004,29.97
10,3,22,450,2005,30.91
10,3,22,450,2006,31.51
10,3,22,450,2007,32.21
10,3,22,450,2008,33.04
10,3,22,450,2009,34.2
10,3,22,450,2010,35.59
10,3,22,450,2011,36.3
10,3,22,450,2012,37.29
10,3,22,450,2013,38.41
10,3,22,450,2014,39.75
10,3,22,450,2015,41.07
10,3,22,450,2016,42.7
11,1,22,450,1990,234.55
11,1,22,450,1991,240.55
11,1,22,450,1992,248.41
11,1,22,450,1993,254.62
11,1,22,450,1994,260.38
11,1,22,450,1995,265.98
11,1,22,450,1996,270.38
11,1,22,450,1997,277.4
11,1,22,450,1998,281.22
11,1,22,450,1999,286.17
11,1,22,450,2000,292.85
11,1,22,450,2001,296.44
11,1,22,450,2002,303.56
11,1,22,450,2003,311.3
11,1,22,450,2004,320.25
11,1,22,450,2005,331.25
11,1,22,450,2006,341.82
11,1,22,450,2007,355.46
11,1,22,450,2008,370.35
11,1,22,450,2009,386.91
11,1,22,450,2010,404.68
11,1,22,450,2011,425.42
11,1,22,450,2012,447.2
11,1,22,450,2013,467.53
11,1,22,450,2014,490.31
11,1,22,450,2015,515.48
11,1,22,450,2016,537.96
11,2,22,450,1990,236.17
11,2,22,450,1991,238.54
11,2,22,450,1992,241.92
11,2,22,450,1993,248.77
11,2,22,450,1994,252.93
11,2,22,450,1995,258.46
11,2,22,450,1996,264.03
11,2,22,450,1997,268.73
11,2,22,450,1998,272.33
11,2,22,450,1999,276.18
11,2,22,450,2000,280.43
11,2,22,450,2001,281.22
11,2,22,450,2002,281.56
11,2,22,450,2003,284.02
11,2,22,450,2004,285.53
11,2,22,450,2005,288.45
11,2,22,450,2006,291.94
11,2,22,450,2007,293.75
11,2,22,450,2008,297.59
11,2,22,450,2009,301.83
11,2,22,450,2010,306.95
11,2,22,450,2011,313.85
11,2,22,450,2012,321.6
11,2,22,450,2013,329.99
11,2,22,450,2014,339.7
11,2,22,450,2015,350.65
11,2,22,450,2016,361.18
11,3,22,450,1990,470.72
11,3,22,450,1991,479.1
11,3,22,450,1992,490.33
11,3,22,450,1993,503.38
11,3,22,450,1994,513.31
11,3,22,450,1995,524.44
11,3,22,450,1996,534.41
11,3,22,450,1997,546.13
11,3,22,450,1998,553.55
11,3,22,450,1999,562.35
11,3,22,450,2000,573.28
11,3,22,450,2001,577.66
11,3,22,450,2002,585.12
11,3,22,450,2003,595.32
11,3,22,450,2004,605.78
11,3,22,450,2005,619.71
11,3,22,450,2006,633.75
11,3,22,450,2007,649.21
11,3,22,450,2008,667.94
11,3,22,450,2009,688.74
11,3,22,450,2010,711.64
11,3,22,450,2011,739.27
11,3,22,450,2012,768.8
11,3,22,450,2013,797.52
11,3,22,450,2014,830
11,3,22,450,2015,866.12
11,3,22,450,2016,899.14
12,1,22,450,1990,5.11
12,1,22,450,1991,5.13
12,1,22,450,1992,5.18
12,1,22,450,1993,5.23
12,1,22,450,1994,5.29
12,1,22,450,1995,5.38
12,1,22,450,1996,5.38
12,1,22,450,1997,5.43
12,1,22,450,1998,5.5
12,1,22,450,1999,5.52
12,1,22,450,2000,5.6
12,1,22,450,2001,5.67
12,1,22,450,2002,5.67
12,1,22,450,2003,5.76
12,1,22,450,2004,5.87
12,1,22,450,2005,6.02
12,1,22,450,2006,6.16
12,1,22,450,2007,6.28
12,1,22,450,2008,6.44
12,1,22,450,2009,6.62
12,1,22,450,2010,6.81
12,1,22,450,2011,6.93
12,1,22,450,2012,7.18
12,1,22,450,2013,7.42
12,1,22,450,2014,7.71
12,1,22,450,2015,8.04
12,1,22,450,2016,8.33
12,2,22,450,1990,6.93
12,2,22,450,1991,6.92
12,2,22,450,1992,6.94
12,2,22,450,1993,6.89
12,2,22,450,1994,6.88
12,2,22,450,1995,6.91
12,2,22,450,1996,6.87
12,2,22,450,1997,6.75
12,2,22,450,1998,6.59
12,2,22,450,1999,6.55
12,2,22,450,2000,6.43
12,2,22,450,2001,6.35
12,2,22,450,2002,6.27
12,2,22,450,2003,6.17
12,2,22,450,2004,6.14
12,2,22,450,2005,6.18
12,2,22,450,2006,6.19
12,2,22,450,2007,6.19
12,2,22,450,2008,6.28
12,2,22,450,2009,6.36
12,2,22,450,2010,6.44
12,2,22,450,2011,6.44
12,2,22,450,2012,6.49
12,2,22,450,2013,6.65
12,2,22,450,2014,6.77
12,2,22,450,2015,6.91
12,2,22,450,2016,7.04
12,3,22,450,1990,12.04
12,3,22,450,1991,12.06
12,3,22,450,1992,12.12
12,3,22,450,1993,12.12
12,3,22,450,1994,12.17
12,3,22,450,1995,12.29
12,3,22,450,1996,12.26
12,3,22,450,1997,12.19
12,3,22,450,1998,12.09
12,3,22,450,1999,12.06
12,3,22,450,2000,12.03
12,3,22,450,2001,12.02
12,3,22,450,2002,11.94
12,3,22,450,2003,11.94
12,3,22,450,2004,12.01
12,3,22,450,2005,12.21
12,3,22,450,2006,12.34
12,3,22,450,2007,12.47
12,3,22,450,2008,12.72
12,3,22,450,2009,12.98
12,3,22,450,2010,13.25
12,3,22,450,2011,13.36
12,3,22,450,2012,13.67
12,3,22,450,2013,14.08
12,3,22,450,2014,14.48
12,3,22,450,2015,14.95
12,3,22,450,2016,15.37
13,1,22,450,1990,17.85
13,1,22,450,1991,18.5
13,1,22,450,1992,19.15
13,1,22,450,1993,20
13,1,22,450,1994,20.94
13,1,22,450,1995,22.04
13,1,22,450,1996,23.09
13,1,22,450,1997,24.11
13,1,22,450,1998,25.11
13,1,22,450,1999,26.36
13,1,22,450,2000,28.15
13,1,22,450,2001,28.95
13,1,22,450,2002,30.61
13,1,22,450,2003,32.24
13,1,22,450,2004,33.37
13,1,22,450,2005,35.66
13,1,22,450,2006,36.35
13,1,22,450,2007,37.52
13,1,22,450,2008,39.94
13,1,22,450,2009,42.46
13,1,22,450,2010,44.87
13,1,22,450,2011,47.99
13,1,22,450,2012,50.85
13,1,22,450,2013,54.45
13,1,22,450,2014,57.64
13,1,22,450,2015,60.92
13,1,22,450,2016,64.38
13,2,22,450,1990,14.49
13,2,22,450,1991,14.87
13,2,22,450,1992,15.28
13,2,22,450,1993,15.72
13,2,22,450,1994,16.27
13,2,22,450,1995,16.88
13,2,22,450,1996,17.49
13,2,22,450,1997,18.21
13,2,22,450,1998,18.94
13,2,22,450,1999,19.69
13,2,22,450,2000,20.72
13,2,22,450,2001,21.13
13,2,22,450,2002,21.52
13,2,22,450,2003,21.97
13,2,22,450,2004,22.39
13,2,22,450,2005,23.33
13,2,22,450,2006,24.64
13,2,22,450,2007,25.74
13,2,22,450,2008,26.62
13,2,22,450,2009,27.74
13,2,22,450,2010,29.01
13,2,22,450,2011,30.4
13,2,22,450,2012,32.13
13,2,22,450,2013,33.55
13,2,22,450,2014,35.21
13,2,22,450,2015,36.95
13,2,22,450,2016,38.56
13,3,22,450,1990,32.34
13,3,22,450,1991,33.37
13,3,22,450,1992,34.42
13,3,22,450,1993,35.71
13,3,22,450,1994,37.2
13,3,22,450,1995,38.92
13,3,22,450,1996,40.59
13,3,22,450,1997,42.32
13,3,22,450,1998,44.05
13,3,22,450,1999,46.05
13,3,22,450,2000,48.87
13,3,22,450,2001,50.08
13,3,22,450,2002,52.12
13,3,22,450,2003,54.21
13,3,22,450,2004,55.76
13,3,22,450,2005,59
13,3,22,450,2006,60.99
13,3,22,450,2007,63.26
13,3,22,450,2008,66.57
13,3,22,450,2009,70.2
13,3,22,450,2010,73.88
13,3,22,450,2011,78.39
13,3,22,450,2012,82.98
13,3,22,450,2013,88
13,3,22,450,2014,92.84
13,3,22,450,2015,97.87
13,3,22,450,2016,102.94
14,1,22,450,1990,0.05
14,1,22,450,1991,0.05
14,1,22,450,1992,0.05
14,1,22,450,1993,0.05
14,1,22,450,1994,0.05
14,1,22,450,1995,0.06
14,1,22,450,1996,0.06
14,1,22,450,1997,0.06
14,1,22,450,1998,0.06
14,1,22,450,1999,0.06
14,1,22,450,2000,0.06
14,1,22,450,2001,0.06
14,1,22,450,2002,0.07
14,1,22,450,2003,0.07
14,1,22,450,2004,0.07
14,1,22,450,2005,0.07
14,1,22,450,2006,0.07
14,1,22,450,2007,0.07
14,1,22,450,2008,0.08
14,1,22,450,2009,0.08
14,1,22,450,2010,0.09
14,1,22,450,2011,0.09
14,1,22,450,2012,0.09
14,1,22,450,2013,0.1
14,1,22,450,2014,0.1
14,1,22,450,2015,0.11
14,1,22,450,2016,0.11
14,2,22,450,1990,0.15
14,2,22,450,1991,0.15
14,2,22,450,1992,0.15
14,2,22,450,1993,0.15
14,2,22,450,1994,0.15
14,2,22,450,1995,0.15
14,2,22,450,1996,0.16
14,2,22,450,1997,0.16
14,2,22,450,1998,0.16
14,2,22,450,1999,0.16
14,2,22,450,2000,0.16
14,2,22,450,2001,0.16
14,2,22,450,2002,0.16
14,2,22,450,2003,0.16
14,2,22,450,2004,0.16
14,2,22,450,2005,0.16
14,2,22,450,2006,0.16
14,2,22,450,2007,0.16
14,2,22,450,2008,0.16
14,2,22,450,2009,0.17
14,2,22,450,2010,0.17
14,2,22,450,2011,0.18
14,2,22,450,2012,0.18
14,2,22,450,2013,0.19
14,2,22,450,2014,0.2
14,2,22,450,2015,0.21
14,2,22,450,2016,0.21
14,3,22,450,1990,0.19
14,3,22,450,1991,0.2
14,3,22,450,1992,0.2
14,3,22,450,1993,0.2
14,3,22,450,1994,0.2
14,3,22,450,1995,0.21
14,3,22,450,1996,0.21
14,3,22,450,1997,0.21
14,3,22,450,1998,0.22
14,3,22,450,1999,0.22
14,3,22,450,2000,0.23
14,3,22,450,2001,0.23
14,3,22,450,2002,0.23
14,3,22,450,2003,0.23
14,3,22,450,2004,0.23
14,3,22,450,2005,0.23
14,3,22,450,2006,0.24
14,3,22,450,2007,0.24
14,3,22,450,2008,0.24
14,3,22,450,2009,0.25
14,3,22,450,2010,0.26
14,3,22,450,2011,0.27
14,3,22,450,2012,0.27
14,3,22,450,2013,0.29
14,3,22,450,2014,0.3
14,3,22,450,2015,0.31
14,3,22,450,2016,0.33
15,1,22,450,1990,51.62
15,1,22,450,1991,51.71
15,1,22,450,1992,52.28
15,1,22,450,1993,52.85
15,1,22,450,1994,53.4
15,1,22,450,1995,54.39
15,1,22,450,1996,54.31
15,1,22,450,1997,54.76
15,1,22,450,1998,55.26
15,1,22,450,1999,55.96
15,1,22,450,2000,57.37
15,1,22,450,2001,57.93
15,1,22,450,2002,59.11
15,1,22,450,2003,60.49
15,1,22,450,2004,62.09
15,1,22,450,2005,64.28
15,1,22,450,2006,66.12
15,1,22,450,2007,67.96
15,1,22,450,2008,70.63
15,1,22,450,2009,73.13
15,1,22,450,2010,76.33
15,1,22,450,2011,78.89
15,1,22,450,2012,82.15
15,1,22,450,2013,85.83
15,1,22,450,2014,89.81
15,1,22,450,2015,93.89
15,1,22,450,2016,98.14
15,2,22,450,1990,63.12
15,2,22,450,1991,63.4
15,2,22,450,1992,63.9
15,2,22,450,1993,63.81
15,2,22,450,1994,64.46
15,2,22,450,1995,64.03
15,2,22,450,1996,63.87
15,2,22,450,1997,63.93
15,2,22,450,1998,63.54
15,2,22,450,1999,63.14
15,2,22,450,2000,62.93
15,2,22,450,2001,62.48
15,2,22,450,2002,62.29
15,2,22,450,2003,62.07
15,2,22,450,2004,62.21
15,2,22,450,2005,62.31
15,2,22,450,2006,62.12
15,2,22,450,2007,61.98
15,2,22,450,2008,62.32
15,2,22,450,2009,62.8
15,2,22,450,2010,63.75
15,2,22,450,2011,64.33
15,2,22,450,2012,65.21
15,2,22,450,2013,66.28
15,2,22,450,2014,67.63
15,2,22,450,2015,69.2
15,2,22,450,2016,70.8
15,3,22,450,1990,114.74
15,3,22,450,1991,115.11
15,3,22,450,1992,116.18
15,3,22,450,1993,116.66
15,3,22,450,1994,117.86
15,3,22,450,1995,118.42
15,3,22,450,1996,118.18
15,3,22,450,1997,118.69
15,3,22,450,1998,118.8
15,3,22,450,1999,119.09
15,3,22,450,2000,120.31
15,3,22,450,2001,120.41
15,3,22,450,2002,121.4
15,3,22,450,2003,122.56
15,3,22,450,2004,124.3
15,3,22,450,2005,126.59
15,3,22,450,2006,128.24
15,3,22,450,2007,129.93
15,3,22,450,2008,132.95
15,3,22,450,2009,135.93
15,3,22,450,2010,140.08
15,3,22,450,2011,143.22
15,3,22,450,2012,147.36
15,3,22,450,2013,152.11
15,3,22,450,2014,157.44
15,3,22,450,2015,163.09
15,3,22,450,2016,168.94
16,1,22,450,1990,52.03
16,1,22,450,1991,53.17
16,1,22,450,1992,54.07
16,1,22,450,1993,55.91
16,1,22,450,1994,57.19
16,1,22,450,1995,59.81
16,1,22,450,1996,61.42
16,1,22,450,1997,62.14
16,1,22,450,1998,62.63
16,1,22,450,1999,65.08
16,1,22,450,2000,68.31
16,1,22,450,2001,70.45
16,1,22,450,2002,71.78
16,1,22,450,2003,73.15
16,1,22,450,2004,75.88
16,1,22,450,2005,76.06
16,1,22,450,2006,74.44
16,1,22,450,2007,76.09
16,1,22,450,2008,77.05
16,1,22,450,2009,77.73
16,1,22,450,2010,80.95
16,1,22,450,2011,82.11
16,1,22,450,2012,85.25
16,1,22,450,2013,89.3
16,1,22,450,2014,93.31
16,1,22,450,2015,97.72
16,1,22,450,2016,102.41
16,2,22,450,1990,37.19
16,2,22,450,1991,38.04
16,2,22,450,1992,39.6
16,2,22,450,1993,39.09
16,2,22,450,1994,40.49
16,2,22,450,1995,41.39
16,2,22,450,1996,42.09
16,2,22,450,1997,42.66
16,2,22,450,1998,43.4
16,2,22,450,1999,43.36
16,2,22,450,2000,43.54
16,2,22,450,2001,44.61
16,2,22,450,2002,45.8
16,2,22,450,2003,46.43
16,2,22,450,2004,47.09
16,2,22,450,2005,47.54
16,2,22,450,2006,47.83
16,2,22,450,2007,48.87
16,2,22,450,2008,50.72
16,2,22,450,2009,51.72
16,2,22,450,2010,54.37
16,2,22,450,2011,56.3
16,2,22,450,2012,57.86
16,2,22,450,2013,59.76
16,2,22,450,2014,61.77
16,2,22,450,2015,63.81
16,2,22,450,2016,65.98
16,3,22,450,1990,89.22
16,3,22,450,1991,91.21
16,3,22,450,1992,93.67
16,3,22,450,1993,95
16,3,22,450,1994,97.67
16,3,22,450,1995,101.2
16,3,22,450,1996,103.51
16,3,22,450,1997,104.8
16,3,22,450,1998,106.03
16,3,22,450,1999,108.45
16,3,22,450,2000,111.85
16,3,22,450,2001,115.06
16,3,22,450,2002,117.58
16,3,22,450,2003,119.58
16,3,22,450,2004,122.97
16,3,22,450,2005,123.61
16,3,22,450,2006,122.27
16,3,22,450,2007,124.96
16,3,22,450,2008,127.77
16,3,22,450,2009,129.45
16,3,22,450,2010,135.32
16,3,22,450,2011,138.41
16,3,22,450,2012,143.11
16,3,22,450,2013,149.06
16,3,22,450,2014,155.08
16,3,22,450,2015,161.53
16,3,22,450,2016,168.38
17,1,22,450,1990,50.64
17,1,22,450,1991,51.97
17,1,22,450,1992,53.72
17,1,22,450,1993,56.6
17,1,22,450,1994,59.96
17,1,22,450,1995,64.09
17,1,22,450,1996,67.68
17,1,22,450,1997,72.27
17,1,22,450,1998,75.98
17,1,22,450,1999,79.05
17,1,22,450,2000,81.82
17,1,22,450,2001,83.08
17,1,22,450,2002,82.76
17,1,22,450,2003,81.52
17,1,22,450,2004,82.3
17,1,22,450,2005,81.34
17,1,22,450,2006,78.83
17,1,22,450,2007,80.77
17,1,22,450,2008,79.88
17,1,22,450,2009,77.05
17,1,22,450,2010,79.16
17,1,22,450,2011,83.74
17,1,22,450,2012,88.67
17,1,22,450,2013,93.79
17,1,22,450,2014,99.29
17,1,22,450,2015,105.12
17,1,22,450,2016,111.12
17,2,22,450,1990,23.67
17,2,22,450,1991,24.52
17,2,22,450,1992,25.37
17,2,22,450,1993,27.11
17,2,22,450,1994,28.72
17,2,22,450,1995,30.2
17,2,22,450,1996,31.51
17,2,22,450,1997,32.75
17,2,22,450,1998,33.62
17,2,22,450,1999,33.6
17,2,22,450,2000,34.26
17,2,22,450,2001,34.26
17,2,22,450,2002,33.88
17,2,22,450,2003,33.78
17,2,22,450,2004,33.79
17,2,22,450,2005,33.91
17,2,22,450,2006,34.82
17,2,22,450,2007,35.63
17,2,22,450,2008,36.58
17,2,22,450,2009,37.56
17,2,22,450,2010,38.83
17,2,22,450,2011,40.2
17,2,22,450,2012,41.85
17,2,22,450,2013,43.02
17,2,22,450,2014,44.89
17,2,22,450,2015,46.48
17,2,22,450,2016,47.85
17,3,22,450,1990,74.31
17,3,22,450,1991,76.49
17,3,22,450,1992,79.09
17,3,22,450,1993,83.71
17,3,22,450,1994,88.68
17,3,22,450,1995,94.3
17,3,22,450,1996,99.19
17,3,22,450,1997,105.02
17,3,22,450,1998,109.6
17,3,22,450,1999,112.65
17,3,22,450,2000,116.09
17,3,22,450,2001,117.34
17,3,22,450,2002,116.64
17,3,22,450,2003,115.3
17,3,22,450,2004,116.09
17,3,22,450,2005,115.25
17,3,22,450,2006,113.65
17,3,22,450,2007,116.41
17,3,22,450,2008,116.46
17,3,22,450,2009,114.61
17,3,22,450,2010,118
17,3,22,450,2011,123.94
17,3,22,450,2012,130.51
17,3,22,450,2013,136.81
17,3,22,450,2014,144.19
17,3,22,450,2015,151.59
17,3,22,450,2016,158.97
18,1,22,450,1990,67.55
18,1,22,450,1991,72.42
18,1,22,450,1992,77.85
18,1,22,450,1993,81.9
18,1,22,450,1994,86.27
18,1,22,450,1995,90.6
18,1,22,450,1996,93.7
18,1,22,450,1997,96.3
18,1,22,450,1998,98.15
18,1,22,450,1999,101.85
18,1,22,450,2000,105.56
18,1,22,450,2001,106.62
18,1,22,450,2002,107.4
18,1,22,450,2003,107.83
18,1,22,450,2004,113.63
18,1,22,450,2005,119.94
18,1,22,450,2006,125.34
18,1,22,450,2007,129.82
18,1,22,450,2008,133.61
18,1,22,450,2009,138.18
18,1,22,450,2010,144.11
18,1,22,450,2011,148.21
18,1,22,450,2012,157.6
18,1,22,450,2013,170.72
18,1,22,450,2014,178.63
18,1,22,450,2015,184.15
18,1,22,450,2016,189.63
18,2,22,450,1990,64.25
18,2,22,450,1991,66.55
18,2,22,450,1992,69.45
18,2,22,450,1993,71.74
18,2,22,450,1994,74.46
18,2,22,450,1995,77.59
18,2,22,450,1996,80.24
18,2,22,450,1997,83.66
18,2,22,450,1998,86.74
18,2,22,450,1999,88.99
18,2,22,450,2000,89.72
18,2,22,450,2001,90.78
18,2,22,450,2002,91.87
18,2,22,450,2003,93.55
18,2,22,450,2004,94.72
18,2,22,450,2005,96.45
18,2,22,450,2006,97.68
18,2,22,450,2007,98.28
18,2,22,450,2008,98.83
18,2,22,450,2009,100.25
18,2,22,450,2010,102.55
18,2,22,450,2011,104.9
18,2,22,450,2012,106.08
18,2,22,450,2013,108.89
18,2,22,450,2014,111.08
18,2,22,450,2015,114.86
18,2,22,450,2016,118.47
18,3,22,450,1990,131.79
18,3,22,450,1991,138.96
18,3,22,450,1992,147.3
18,3,22,450,1993,153.63
18,3,22,450,1994,160.73
18,3,22,450,1995,168.2
18,3,22,450,1996,173.94
18,3,22,450,1997,179.95
18,3,22,450,1998,184.88
18,3,22,450,1999,190.85
18,3,22,450,2000,195.28
18,3,22,450,2001,197.4
18,3,22,450,2002,199.27
18,3,22,450,2003,201.39
18,3,22,450,2004,208.35
18,3,22,450,2005,216.39
18,3,22,450,2006,223.02
18,3,22,450,2007,228.1
18,3,22,450,2008,232.44
18,3,22,450,2009,238.43
18,3,22,450,2010,246.66
18,3,22,450,2011,253.11
18,3,22,450,2012,263.69
18,3,22,450,2013,279.61
18,3,22,450,2014,289.72
18,3,22,450,2015,299.01
18,3,22,450,2016,308.11
19,1,22,450,1990,0.45
19,1,22,450,1991,0.47
19,1,22,450,1992,0.49
19,1,22,450,1993,0.51
19,1,22,450,1994,0.53
19,1,22,450,1995,0.54
19,1,22,450,1996,0.54
19,1,22,450,1997,0.53
19,1,22,450,1998,0.53
19,1,22,450,1999,0.52
19,1,22,450,2000,0.52
19,1,22,450,2001,0.53
19,1,22,450,2002,0.56
19,1,22,450,2003,0.59
19,1,22,450,2004,0.63
19,1,22,450,2005,0.66
19,1,22,450,2006,0.73
19,1,22,450,2007,0.8
19,1,22,450,2008,0.87
19,1,22,450,2009,0.94
19,1,22,450,2010,1.02
19,1,22,450,2011,1.06
19,1,22,450,2012,1.1
19,1,22,450,2013,1.13
19,1,22,450,2014,1.17
19,1,22,450,2015,1.21
19,1,22,450,2016,1.24
19,2,22,450,1990,0.66
19,2,22,450,1991,0.68
19,2,22,450,1992,0.69
19,2,22,450,1993,0.71
19,2,22,450,1994,0.72
19,2,22,450,1995,0.72
19,2,22,450,1996,0.7
19,2,22,450,1997,0.69
19,2,22,450,1998,0.67
19,2,22,450,1999,0.65
19,2,22,450,2000,0.64
19,2,22,450,2001,0.63
19,2,22,450,2002,0.65
19,2,22,450,2003,0.68
19,2,22,450,2004,0.68
19,2,22,450,2005,0.69
19,2,22,450,2006,0.71
19,2,22,450,2007,0.74
19,2,22,450,2008,0.78
19,2,22,450,2009,0.82
19,2,22,450,2010,0.87
19,2,22,450,2011,0.88
19,2,22,450,2012,0.89
19,2,22,450,2013,0.9
19,2,22,450,2014,0.92
19,2,22,450,2015,0.95
19,2,22,450,2016,0.96
19,3,22,450,1990,1.11
19,3,22,450,1991,1.15
19,3,22,450,1992,1.19
19,3,22,450,1993,1.22
19,3,22,450,1994,1.25
19,3,22,450,1995,1.26
19,3,22,450,1996,1.24
19,3,22,450,1997,1.22
19,3,22,450,1998,1.19
19,3,22,450,1999,1.17
19,3,22,450,2000,1.16
19,3,22,450,2001,1.17
19,3,22,450,2002,1.21
19,3,22,450,2003,1.26
19,3,22,450,2004,1.31
19,3,22,450,2005,1.35
19,3,22,450,2006,1.44
19,3,22,450,2007,1.54
19,3,22,450,2008,1.65
19,3,22,450,2009,1.76
19,3,22,450,2010,1.89
19,3,22,450,2011,1.94
19,3,22,450,2012,1.99
19,3,22,450,2013,2.04
19,3,22,450,2014,2.1
19,3,22,450,2015,2.16
19,3,22,450,2016,2.2
20,1,22,450,1990,489.72
20,1,22,450,1991,504.11
20,1,22,450,1992,541.93
20,1,22,450,1993,534.68
20,1,22,450,1994,540.22
20,1,22,450,1995,564.2
20,1,22,450,1996,555.87
20,1,22,450,1997,583.59
20,1,22,450,1998,611.2
20,1,22,450,1999,638.49
20,1,22,450,2000,683.22
20,1,22,450,2001,715.47
20,1,22,450,2002,757.85
20,1,22,450,2003,804.47
20,1,22,450,2004,849.67
20,1,22,450,2005,898.3
20,1,22,450,2006,942.06
20,1,22,450,2007,999.26
20,1,22,450,2008,1050.41
20,1,22,450,2009,1117.9
20,1,22,450,2010,1173.6
20,1,22,450,2011,1233.93
20,1,22,450,2012,1310.46
20,1,22,450,2013,1382.41
20,1,22,450,2014,1444.59
20,1,22,450,2015,1494.22
20,1,22,450,2016,1552.1
20,2,22,450,1990,251.94
20,2,22,450,1991,257.26
20,2,22,450,1992,264.2
20,2,22,450,1993,256.66
20,2,22,450,1994,249.41
20,2,22,450,1995,249.36
20,2,22,450,1996,223.88
20,2,22,450,1997,232.36
20,2,22,450,1998,235.86
20,2,22,450,1999,241.91
20,2,22,450,2000,249.07
20,2,22,450,2001,258.6
20,2,22,450,2002,265.12
20,2,22,450,2003,272.95
20,2,22,450,2004,278.94
20,2,22,450,2005,286.92
20,2,22,450,2006,295.35
20,2,22,450,2007,306.16
20,2,22,450,2008,310.84
20,2,22,450,2009,322.05
20,2,22,450,2010,332.52
20,2,22,450,2011,342.42
20,2,22,450,2012,352.93
20,2,22,450,2013,359.01
20,2,22,450,2014,371.69
20,2,22,450,2015,380.38
20,2,22,450,2016,391.83
20,3,22,450,1990,741.65
20,3,22,450,1991,761.38
20,3,22,450,1992,806.14
20,3,22,450,1993,791.34
20,3,22,450,1994,789.63
20,3,22,450,1995,813.55
20,3,22,450,1996,779.75
20,3,22,450,1997,815.95
20,3,22,450,1998,847.06
20,3,22,450,1999,880.4
20,3,22,450,2000,932.3
20,3,22,450,2001,974.07
20,3,22,450,2002,1022.98
20,3,22,450,2003,1077.42
20,3,22,450,2004,1128.61
20,3,22,450,2005,1185.22
20,3,22,450,2006,1237.41
20,3,22,450,2007,1305.42
20,3,22,450,2008,1361.25
20,3,22,450,2009,1439.96
20,3,22,450,2010,1506.12
20,3,22,450,2011,1576.36
20,3,22,450,2012,1663.4
20,3,22,450,2013,1741.43
20,3,22,450,2014,1816.28
20,3,22,450,2015,1874.6
20,3,22,450,2016,1943.93
22,1,22,450,1990,0.42
22,1,22,450,1991,0.43
22,1,22,450,1992,0.45
22,1,22,450,1993,0.47
22,1,22,450,1994,0.49
22,1,22,450,1995,0.52
22,1,22,450,1996,0.54
22,1,22,450,1997,0.56
22,1,22,450,1998,0.58
22,1,22,450,1999,0.6
22,1,22,450,2000,0.62
22,1,22,450,2001,0.63
22,1,22,450,2002,0.63
22,1,22,450,2003,0.75
22,1,22,450,2004,0.8
22,1,22,450,2005,0.8
22,1,22,450,2006,0.76
22,1,22,450,2007,0.72
22,1,22,450,2008,0.76
22,1,22,450,2009,0.85
22,1,22,450,2010,0.89
22,1,22,450,2011,0.96
22,1,22,450,2012,1.06
22,1,22,450,2013,1.08
22,1,22,450,2014,1.13
22,1,22,450,2015,1.18
22,1,22,450,2016,1.23
22,2,22,450,1990,0.89
22,2,22,450,1991,0.92
22,2,22,450,1992,0.97
22,2,22,450,1993,1.02
22,2,22,450,1994,1.07
22,2,22,450,1995,1.12
22,2,22,450,1996,1.17
22,2,22,450,1997,1.23
22,2,22,450,1998,1.27
22,2,22,450,1999,1.33
22,2,22,450,2000,1.38
22,2,22,450,2001,1.43
22,2,22,450,2002,1.47
22,2,22,450,2003,1.58
22,2,22,450,2004,1.69
22,2,22,450,2005,1.87
22,2,22,450,2006,1.98
22,2,22,450,2007,2.08
22,2,22,450,2008,2.22
22,2,22,450,2009,2.31
22,2,22,450,2010,2.49
22,2,22,450,2011,2.72
22,2,22,450,2012,2.93
22,2,22,450,2013,2.97
22,2,22,450,2014,3.08
22,2,22,450,2015,3.17
22,2,22,450,2016,3.27
22,3,22,450,1990,1.31
22,3,22,450,1991,1.36
22,3,22,450,1992,1.42
22,3,22,450,1993,1.49
22,3,22,450,1994,1.56
22,3,22,450,1995,1.64
22,3,22,450,1996,1.71
22,3,22,450,1997,1.78
22,3,22,450,1998,1.85
22,3,22,450,1999,1.93
22,3,22,450,2000,2
22,3,22,450,2001,2.06
22,3,22,450,2002,2.1
22,3,22,450,2003,2.33
22,3,22,450,2004,2.49
22,3,22,450,2005,2.67
22,3,22,450,2006,2.75
22,3,22,450,2007,2.81
22,3,22,450,2008,2.98
22,3,22,450,2009,3.16
22,3,22,450,2010,3.39
22,3,22,450,2011,3.68
22,3,22,450,2012,3.99
22,3,22,450,2013,4.05
22,3,22,450,2014,4.21
22,3,22,450,2015,4.34
22,3,22,450,2016,4.5
23,1,22,450,1990,0.05
23,1,22,450,1991,0.05
23,1,22,450,1992,0.05
23,1,22,450,1993,0.05
23,1,22,450,1994,0.05
23,1,22,450,1995,0.06
23,1,22,450,1996,0.06
23,1,22,450,1997,0.06
23,1,22,450,1998,0.06
23,1,22,450,1999,0.06
23,1,22,450,2000,0.07
23,1,22,450,2001,0.07
23,1,22,450,2002,0.07
23,1,22,450,2003,0.07
23,1,22,450,2004,0.08
23,1,22,450,2005,0.08
23,1,22,450,2006,0.08
23,1,22,450,2007,0.08
23,1,22,450,2008,0.08
23,1,22,450,2009,0.09
23,1,22,450,2010,0.09
23,1,22,450,2011,0.09
23,1,22,450,2012,0.1
23,1,22,450,2013,0.1
23,1,22,450,2014,0.1
23,1,22,450,2015,0.11
23,1,22,450,2016,0.11
23,2,22,450,1990,0.09
23,2,22,450,1991,0.09
23,2,22,450,1992,0.09
23,2,22,450,1993,0.1
23,2,22,450,1994,0.1
23,2,22,450,1995,0.1
23,2,22,450,1996,0.1
23,2,22,450,1997,0.1
23,2,22,450,1998,0.11
23,2,22,450,1999,0.11
23,2,22,450,2000,0.11
23,2,22,450,2001,0.11
23,2,22,450,2002,0.12
23,2,22,450,2003,0.12
23,2,22,450,2004,0.12
23,2,22,450,2005,0.12
23,2,22,450,2006,0.13
23,2,22,450,2007,0.13
23,2,22,450,2008,0.13
23,2,22,450,2009,0.13
23,2,22,450,2010,0.14
23,2,22,450,2011,0.14
23,2,22,450,2012,0.15
23,2,22,450,2013,0.15
23,2,22,450,2014,0.15
23,2,22,450,2015,0.16
23,2,22,450,2016,0.16
23,3,22,450,1990,0.14
23,3,22,450,1991,0.14
23,3,22,450,1992,0.14
23,3,22,450,1993,0.15
23,3,22,450,1994,0.15
23,3,22,450,1995,0.16
23,3,22,450,1996,0.16
23,3,22,450,1997,0.16
23,3,22,450,1998,0.17
23,3,22,450,1999,0.17
23,3,22,450,2000,0.18
23,3,22,450,2001,0.18
23,3,22,450,2002,0.19
23,3,22,450,2003,0.19
23,3,22,450,2004,0.2
23,3,22,450,2005,0.2
23,3,22,450,2006,0.21
23,3,22,450,2007,0.21
23,3,22,450,2008,0.22
23,3,22,450,2009,0.22
23,3,22,450,2010,0.23
23,3,22,450,2011,0.23
23,3,22,450,2012,0.24
23,3,22,450,2013,0.25
23,3,22,450,2014,0.26
23,3,22,450,2015,0.26
23,3,22,450,2016,0.27
24,1,22,450,1990,0.02
24,1,22,450,1991,0.02
24,1,22,450,1992,0.02
24,1,22,450,1993,0.02
24,1,22,450,1994,0.02
24,1,22,450,1995,0.02
24,1,22,450,1996,0.02
24,1,22,450,1997,0.02
24,1,22,450,1998,0.02
24,1,22,450,1999,0.02
24,1,22,450,2000,0.02
24,1,22,450,2001,0.02
24,1,22,450,2002,0.02
24,1,22,450,2003,0.03
24,1,22,450,2004,0.03
24,1,22,450,2005,0.03
24,1,22,450,2006,0.03
24,1,22,450,2007,0.03
24,1,22,450,2008,0.03
24,1,22,450,2009,0.03
24,1,22,450,2010,0.03
24,1,22,450,2011,0.03
24,1,22,450,2012,0.04
24,1,22,450,2013,0.04
24,1,22,450,2014,0.04
24,1,22,450,2015,0.04
24,1,22,450,2016,0.04
24,2,22,450,1990,0.06
24,2,22,450,1991,0.06
24,2,22,450,1992,0.06
24,2,22,450,1993,0.07
24,2,22,450,1994,0.07
24,2,22,450,1995,0.07
24,2,22,450,1996,0.08
24,2,22,450,1997,0.08
24,2,22,450,1998,0.08
24,2,22,450,1999,0.09
24,2,22,450,2000,0.09
24,2,22,450,2001,0.1
24,2,22,450,2002,0.1
24,2,22,450,2003,0.11
24,2,22,450,2004,0.12
24,2,22,450,2005,0.13
24,2,22,450,2006,0.13
24,2,22,450,2007,0.14
24,2,22,450,2008,0.14
24,2,22,450,2009,0.15
24,2,22,450,2010,0.15
24,2,22,450,2011,0.16
24,2,22,450,2012,0.16
24,2,22,450,2013,0.17
24,2,22,450,2014,0.17
24,2,22,450,2015,0.18
24,2,22,450,2016,0.19
24,3,22,450,1990,0.07
24,3,22,450,1991,0.08
24,3,22,450,1992,0.08
24,3,22,450,1993,0.08
24,3,22,450,1994,0.09
24,3,22,450,1995,0.09
24,3,22,450,1996,0.1
24,3,22,450,1997,0.1
24,3,22,450,1998,0.1
24,3,22,450,1999,0.11
24,3,22,450,2000,0.11
24,3,22,450,2001,0.12
24,3,22,450,2002,0.13
24,3,22,450,2003,0.14
24,3,22,450,2004,0.14
24,3,22,450,2005,0.15
24,3,22,450,2006,0.16
24,3,22,450,2007,0.17
24,3,22,450,2008,0.17
24,3,22,450,2009,0.18
24,3,22,450,2010,0.19
24,3,22,450,2011,0.19
24,3,22,450,2012,0.2
24,3,22,450,2013,0.21
24,3,22,450,2014,0.21
24,3,22,450,2015,0.22
24,3,22,450,2016,0.23
25,1,22,450,1990,0.04
25,1,22,450,1991,0.04
25,1,22,450,1992,0.04
25,1,22,450,1993,0.04
25,1,22,450,1994,0.05
25,1,22,450,1995,0.05
25,1,22,450,1996,0.05
25,1,22,450,1997,0.05
25,1,22,450,1998,0.05
25,1,22,450,1999,0.05
25,1,22,450,2000,0.05
25,1,22,450,2001,0.05
25,1,22,450,2002,0.05
25,1,22,450,2003,0.05
25,1,22,450,2004,0.05
25,1,22,450,2005,0.05
25,1,22,450,2006,0.05
25,1,22,450,2007,0.05
25,1,22,450,2008,0.05
25,1,22,450,2009,0.05
25,1,22,450,2010,0.06
25,1,22,450,2011,0.06
25,1,22,450,2012,0.06
25,1,22,450,2013,0.06
25,1,22,450,2014,0.06
25,1,22,450,2015,0.06
25,1,22,450,2016,0.06
25,2,22,450,1990,0.15
25,2,22,450,1991,0.15
25,2,22,450,1992,0.16
25,2,22,450,1993,0.16
25,2,22,450,1994,0.17
25,2,22,450,1995,0.17
25,2,22,450,1996,0.18
25,2,22,450,1997,0.18
25,2,22,450,1998,0.18
25,2,22,450,1999,0.19
25,2,22,450,2000,0.2
25,2,22,450,2001,0.2
25,2,22,450,2002,0.21
25,2,22,450,2003,0.22
25,2,22,450,2004,0.23
25,2,22,450,2005,0.24
25,2,22,450,2006,0.24
25,2,22,450,2007,0.24
25,2,22,450,2008,0.24
25,2,22,450,2009,0.25
25,2,22,450,2010,0.25
25,2,22,450,2011,0.25
25,2,22,450,2012,0.26
25,2,22,450,2013,0.26
25,2,22,450,2014,0.27
25,2,22,450,2015,0.28
25,2,22,450,2016,0.28
25,3,22,450,1990,0.19
25,3,22,450,1991,0.19
25,3,22,450,1992,0.2
25,3,22,450,1993,0.21
25,3,22,450,1994,0.21
25,3,22,450,1995,0.22
25,3,22,450,1996,0.22
25,3,22,450,1997,0.23
25,3,22,450,1998,0.23
25,3,22,450,1999,0.24
25,3,22,450,2000,0.25
25,3,22,450,2001,0.25
25,3,22,450,2002,0.26
25,3,22,450,2003,0.27
25,3,22,450,2004,0.28
25,3,22,450,2005,0.29
25,3,22,450,2006,0.29
25,3,22,450,2007,0.29
25,3,22,450,2008,0.3
25,3,22,450,2009,0.3
25,3,22,450,2010,0.31
25,3,22,450,2011,0.31
25,3,22,450,2012,0.31
25,3,22,450,2013,0.32
25,3,22,450,2014,0.33
25,3,22,450,2015,0.34
25,3,22,450,2016,0.34
26,1,22,450,1990,1.66
26,1,22,450,1991,1.69
26,1,22,450,1992,1.74
26,1,22,450,1993,1.79
26,1,22,450,1994,1.84
26,1,22,450,1995,1.92
26,1,22,450,1996,1.95
26,1,22,450,1997,2
26,1,22,450,1998,2.06
26,1,22,450,1999,2.11
26,1,22,450,2000,2.19
26,1,22,450,2001,2.21
26,1,22,450,2002,2.28
26,1,22,450,2003,2.34
26,1,22,450,2004,2.41
26,1,22,450,2005,2.52
26,1,22,450,2006,2.6
26,1,22,450,2007,2.63
26,1,22,450,2008,2.71
26,1,22,450,2009,2.79
26,1,22,450,2010,2.92
26,1,22,450,2011,2.98
26,1,22,450,2012,3.07
26,1,22,450,2013,3.17
26,1,22,450,2014,3.27
26,1,22,450,2015,3.38
26,1,22,450,2016,3.53
26,2,22,450,1990,8.48
26,2,22,450,1991,8.79
26,2,22,450,1992,9.08
26,2,22,450,1993,9.36
26,2,22,450,1994,9.72
26,2,22,450,1995,10.1
26,2,22,450,1996,10.39
26,2,22,450,1997,10.79
26,2,22,450,1998,11.16
26,2,22,450,1999,11.76
26,2,22,450,2000,12.41
26,2,22,450,2001,12.95
26,2,22,450,2002,13.58
26,2,22,450,2003,14.23
26,2,22,450,2004,14.9
26,2,22,450,2005,15.58
26,2,22,450,2006,16.2
26,2,22,450,2007,16.68
26,2,22,450,2008,17.37
26,2,22,450,2009,17.75
26,2,22,450,2010,18.49
26,2,22,450,2011,18.98
26,2,22,450,2012,19.46
26,2,22,450,2013,19.88
26,2,22,450,2014,20.52
26,2,22,450,2015,21.08
26,2,22,450,2016,21.72
26,3,22,450,1990,10.15
26,3,22,450,1991,10.48
26,3,22,450,1992,10.83
26,3,22,450,1993,11.15
26,3,22,450,1994,11.56
26,3,22,450,1995,12.02
26,3,22,450,1996,12.34
26,3,22,450,1997,12.79
26,3,22,450,1998,13.23
26,3,22,450,1999,13.87
26,3,22,450,2000,14.6
26,3,22,450,2001,15.17
26,3,22,450,2002,15.85
26,3,22,450,2003,16.57
26,3,22,450,2004,17.31
26,3,22,450,2005,18.1
26,3,22,450,2006,18.8
26,3,22,450,2007,19.31
26,3,22,450,2008,20.07
26,3,22,450,2009,20.54
26,3,22,450,2010,21.41
26,3,22,450,2011,21.96
26,3,22,450,2012,22.54
26,3,22,450,2013,23.05
26,3,22,450,2014,23.79
26,3,22,450,2015,24.46
26,3,22,450,2016,25.24
27,1,22,450,1990,0.06
27,1,22,450,1991,0.06
27,1,22,450,1992,0.06
27,1,22,450,1993,0.06
27,1,22,450,1994,0.06
27,1,22,450,1995,0.06
27,1,22,450,1996,0.06
27,1,22,450,1997,0.06
27,1,22,450,1998,0.06
27,1,22,450,1999,0.07
27,1,22,450,2000,0.07
27,1,22,450,2001,0.07
27,1,22,450,2002,0.07
27,1,22,450,2003,0.07
27,1,22,450,2004,0.07
27,1,22,450,2005,0.07
27,1,22,450,2006,0.08
27,1,22,450,2007,0.08
27,1,22,450,2008,0.08
27,1,22,450,2009,0.08
27,1,22,450,2010,0.08
27,1,22,450,2011,0.08
27,1,22,450,2012,0.09
27,1,22,450,2013,0.09
27,1,22,450,2014,0.09
27,1,22,450,2015,0.09
27,1,22,450,2016,0.1
27,2,22,450,1990,0.22
27,2,22,450,1991,0.22
27,2,22,450,1992,0.23
27,2,22,450,1993,0.23
27,2,22,450,1994,0.24
27,2,22,450,1995,0.25
27,2,22,450,1996,0.25
27,2,22,450,1997,0.26
27,2,22,450,1998,0.26
27,2,22,450,1999,0.27
27,2,22,450,2000,0.28
27,2,22,450,2001,0.29
27,2,22,450,2002,0.3
27,2,22,450,2003,0.31
27,2,22,450,2004,0.32
27,2,22,450,2005,0.33
27,2,22,450,2006,0.34
27,2,22,450,2007,0.35
27,2,22,450,2008,0.36
27,2,22,450,2009,0.37
27,2,22,450,2010,0.38
27,2,22,450,2011,0.39
27,2,22,450,2012,0.4
27,2,22,450,2013,0.41
27,2,22,450,2014,0.42
27,2,22,450,2015,0.43
27,2,22,450,2016,0.43
27,3,22,450,1990,0.27
27,3,22,450,1991,0.28
27,3,22,450,1992,0.29
27,3,22,450,1993,0.29
27,3,22,450,1994,0.3
27,3,22,450,1995,0.31
27,3,22,450,1996,0.31
27,3,22,450,1997,0.32
27,3,22,450,1998,0.33
27,3,22,450,1999,0.33
27,3,22,450,2000,0.34
27,3,22,450,2001,0.35
27,3,22,450,2002,0.37
27,3,22,450,2003,0.38
27,3,22,450,2004,0.39
27,3,22,450,2005,0.4
27,3,22,450,2006,0.41
27,3,22,450,2007,0.42
27,3,22,450,2008,0.43
27,3,22,450,2009,0.45
27,3,22,450,2010,0.46
27,3,22,450,2011,0.47
27,3,22,450,2012,0.49
27,3,22,450,2013,0.5
27,3,22,450,2014,0.51
27,3,22,450,2015,0.52
27,3,22,450,2016,0.53
28,1,22,450,1990,0.12
28,1,22,450,1991,0.12
28,1,22,450,1992,0.12
28,1,22,450,1993,0.12
28,1,22,450,1994,0.13
28,1,22,450,1995,0.13
28,1,22,450,1996,0.14
28,1,22,450,1997,0.14
28,1,22,450,1998,0.14
28,1,22,450,1999,0.15
28,1,22,450,2000,0.15
28,1,22,450,2001,0.16
28,1,22,450,2002,0.16
28,1,22,450,2003,0.17
28,1,22,450,2004,0.17
28,1,22,450,2005,0.18
28,1,22,450,2006,0.19
28,1,22,450,2007,0.19
28,1,22,450,2008,0.2
28,1,22,450,2009,0.21
28,1,22,450,2010,0.22
28,1,22,450,2011,0.22
28,1,22,450,2012,0.23
28,1,22,450,2013,0.23
28,1,22,450,2014,0.24
28,1,22,450,2015,0.25
28,1,22,450,2016,0.26
28,2,22,450,1990,0.51
28,2,22,450,1991,0.53
28,2,22,450,1992,0.55
28,2,22,450,1993,0.57
28,2,22,450,1994,0.59
28,2,22,450,1995,0.61
28,2,22,450,1996,0.64
28,2,22,450,1997,0.66
28,2,22,450,1998,0.69
28,2,22,450,1999,0.73
28,2,22,450,2000,0.78
28,2,22,450,2001,0.83
28,2,22,450,2002,0.87
28,2,22,450,2003,0.92
28,2,22,450,2004,0.97
28,2,22,450,2005,1.01
28,2,22,450,2006,1.05
28,2,22,450,2007,1.09
28,2,22,450,2008,1.12
28,2,22,450,2009,1.16
28,2,22,450,2010,1.2
28,2,22,450,2011,1.24
28,2,22,450,2012,1.28
28,2,22,450,2013,1.32
28,2,22,450,2014,1.37
28,2,22,450,2015,1.41
28,2,22,450,2016,1.46
28,3,22,450,1990,0.63
28,3,22,450,1991,0.65
28,3,22,450,1992,0.67
28,3,22,450,1993,0.69
28,3,22,450,1994,0.72
28,3,22,450,1995,0.75
28,3,22,450,1996,0.77
28,3,22,450,1997,0.8
28,3,22,450,1998,0.84
28,3,22,450,1999,0.88
28,3,22,450,2000,0.93
28,3,22,450,2001,0.98
28,3,22,450,2002,1.03
28,3,22,450,2003,1.08
28,3,22,450,2004,1.14
28,3,22,450,2005,1.2
28,3,22,450,2006,1.24
28,3,22,450,2007,1.28
28,3,22,450,2008,1.32
28,3,22,450,2009,1.37
28,3,22,450,2010,1.42
28,3,22,450,2011,1.46
28,3,22,450,2012,1.51
28,3,22,450,2013,1.56
28,3,22,450,2014,1.61
28,3,22,450,2015,1.66
28,3,22,450,2016,1.72
29,1,22,450,1990,0.04
29,1,22,450,1991,0.04
29,1,22,450,1992,0.04
29,1,22,450,1993,0.04
29,1,22,450,1994,0.04
29,1,22,450,1995,0.04
29,1,22,450,1996,0.04
29,1,22,450,1997,0.04
29,1,22,450,1998,0.04
29,1,22,450,1999,0.04
29,1,22,450,2000,0.05
29,1,22,450,2001,0.05
29,1,22,450,2002,0.05
29,1,22,450,2003,0.05
29,1,22,450,2004,0.05
29,1,22,450,2005,0.05
29,1,22,450,2006,0.05
29,1,22,450,2007,0.05
29,1,22,450,2008,0.05
29,1,22,450,2009,0.05
29,1,22,450,2010,0.05
29,1,22,450,2011,0.05
29,1,22,450,2012,0.05
29,1,22,450,2013,0.05
29,1,22,450,2014,0.05
29,1,22,450,2015,0.05
29,1,22,450,2016,0.06
29,2,22,450,1990,0.15
29,2,22,450,1991,0.16
29,2,22,450,1992,0.16
29,2,22,450,1993,0.16
29,2,22,450,1994,0.17
29,2,22,450,1995,0.17
29,2,22,450,1996,0.17
29,2,22,450,1997,0.17
29,2,22,450,1998,0.18
29,2,22,450,1999,0.19
29,2,22,450,2000,0.19
29,2,22,450,2001,0.2
29,2,22,450,2002,0.2
29,2,22,450,2003,0.2
29,2,22,450,2004,0.2
29,2,22,450,2005,0.21
29,2,22,450,2006,0.21
29,2,22,450,2007,0.21
29,2,22,450,2008,0.22
29,2,22,450,2009,0.22
29,2,22,450,2010,0.22
29,2,22,450,2011,0.23
29,2,22,450,2012,0.23
29,2,22,450,2013,0.24
29,2,22,450,2014,0.24
29,2,22,450,2015,0.25
29,2,22,450,2016,0.25
29,3,22,450,1990,0.19
29,3,22,450,1991,0.2
29,3,22,450,1992,0.2
29,3,22,450,1993,0.2
29,3,22,450,1994,0.21
29,3,22,450,1995,0.21
29,3,22,450,1996,0.22
29,3,22,450,1997,0.22
29,3,22,450,1998,0.22
29,3,22,450,1999,0.23
29,3,22,450,2000,0.24
29,3,22,450,2001,0.24
29,3,22,450,2002,0.25
29,3,22,450,2003,0.25
29,3,22,450,2004,0.25
29,3,22,450,2005,0.26
29,3,22,450,2006,0.26
29,3,22,450,2007,0.26
29,3,22,450,2008,0.27
29,3,22,450,2009,0.27
29,3,22,450,2010,0.28
29,3,22,450,2011,0.28
29,3,22,450,2012,0.28
29,3,22,450,2013,0.29
29,3,22,450,2014,0.3
29,3,22,450,2015,0.3
29,3,22,450,2016,0.31
30,1,22,450,1990,0.07
30,1,22,450,1991,0.07
30,1,22,450,1992,0.07
30,1,22,450,1993,0.07
30,1,22,450,1994,0.07
30,1,22,450,1995,0.08
30,1,22,450,1996,0.08
30,1,22,450,1997,0.08
30,1,22,450,1998,0.08
30,1,22,450,1999,0.08
30,1,22,450,2000,0.08
30,1,22,450,2001,0.08
30,1,22,450,2002,0.08
30,1,22,450,2003,0.09
30,1,22,450,2004,0.09
30,1,22,450,2005,0.09
30,1,22,450,2006,0.09
30,1,22,450,2007,0.1
30,1,22,450,2008,0.1
30,1,22,450,2009,0.1
30,1,22,450,2010,0.11
30,1,22,450,2011,0.11
30,1,22,450,2012,0.12
30,1,22,450,2013,0.12
30,1,22,450,2014,0.13
30,1,22,450,2015,0.13
30,1,22,450,2016,0.14
30,2,22,450,1990,0.24
30,2,22,450,1991,0.25
30,2,22,450,1992,0.25
30,2,22,450,1993,0.27
30,2,22,450,1994,0.27
30,2,22,450,1995,0.28
30,2,22,450,1996,0.29
30,2,22,450,1997,0.3
30,2,22,450,1998,0.31
30,2,22,450,1999,0.32
30,2,22,450,2000,0.33
30,2,22,450,2001,0.35
30,2,22,450,2002,0.36
30,2,22,450,2003,0.38
30,2,22,450,2004,0.4
30,2,22,450,2005,0.42
30,2,22,450,2006,0.44
30,2,22,450,2007,0.46
30,2,22,450,2008,0.48
30,2,22,450,2009,0.51
30,2,22,450,2010,0.53
30,2,22,450,2011,0.55
30,2,22,450,2012,0.57
30,2,22,450,2013,0.6
30,2,22,450,2014,0.62
30,2,22,450,2015,0.65
30,2,22,450,2016,0.67
30,3,22,450,1990,0.3
30,3,22,450,1991,0.31
30,3,22,450,1992,0.32
30,3,22,450,1993,0.34
30,3,22,450,1994,0.35
30,3,22,450,1995,0.36
30,3,22,450,1996,0.37
30,3,22,450,1997,0.38
30,3,22,450,1998,0.39
30,3,22,450,1999,0.4
30,3,22,450,2000,0.41
30,3,22,450,2001,0.43
30,3,22,450,2002,0.45
30,3,22,450,2003,0.47
30,3,22,450,2004,0.49
30,3,22,450,2005,0.51
30,3,22,450,2006,0.54
30,3,22,450,2007,0.56
30,3,22,450,2008,0.58
30,3,22,450,2009,0.61
30,3,22,450,2010,0.64
30,3,22,450,2011,0.66
30,3,22,450,2012,0.69
30,3,22,450,2013,0.72
30,3,22,450,2014,0.75
30,3,22,450,2015,0.78
30,3,22,450,2016,0.81
33,1,22,450,1990,7.53
33,1,22,450,1991,7.72
33,1,22,450,1992,7.68
33,1,22,450,1993,7.65
33,1,22,450,1994,7.49
33,1,22,450,1995,7.47
33,1,22,450,1996,7.37
33,1,22,450,1997,7.17
33,1,22,450,1998,7.18
33,1,22,450,1999,7
33,1,22,450,2000,6.8
33,1,22,450,2001,6.85
33,1,22,450,2002,6.86
33,1,22,450,2003,6.96
33,1,22,450,2004,7.1
33,1,22,450,2005,7.41
33,1,22,450,2006,7.85
33,1,22,450,2007,7.93
33,1,22,450,2008,8.1
33,1,22,450,2009,8.26
33,1,22,450,2010,8.08
33,1,22,450,2011,8.04
33,1,22,450,2012,7.1
33,1,22,450,2013,7.22
33,1,22,450,2014,7.22
33,1,22,450,2015,7.38
33,1,22,450,2016,7.81
33,2,22,450,1990,1.71
33,2,22,450,1991,1.74
33,2,22,450,1992,1.81
33,2,22,450,1993,1.82
33,2,22,450,1994,1.79
33,2,22,450,1995,1.84
33,2,22,450,1996,1.86
33,2,22,450,1997,1.83
33,2,22,450,1998,1.83
33,2,22,450,1999,1.73
33,2,22,450,2000,1.65
33,2,22,450,2001,1.61
33,2,22,450,2002,1.56
33,2,22,450,2003,1.56
33,2,22,450,2004,1.56
33,2,22,450,2005,1.59
33,2,22,450,2006,1.65
33,2,22,450,2007,1.55
33,2,22,450,2008,1.58
33,2,22,450,2009,1.51
33,2,22,450,2010,1.55
33,2,22,450,2011,1.46
33,2,22,450,2012,1.21
33,2,22,450,2013,1.14
33,2,22,450,2014,1.17
33,2,22,450,2015,1.25
33,2,22,450,2016,1.33
33,3,22,450,1990,9.24
33,3,22,450,1991,9.46
33,3,22,450,1992,9.49
33,3,22,450,1993,9.48
33,3,22,450,1994,9.29
33,3,22,450,1995,9.3
33,3,22,450,1996,9.22
33,3,22,450,1997,9
33,3,22,450,1998,9
33,3,22,450,1999,8.73
33,3,22,450,2000,8.45
33,3,22,450,2001,8.45
33,3,22,450,2002,8.42
33,3,22,450,2003,8.53
33,3,22,450,2004,8.66
33,3,22,450,2005,9
33,3,22,450,2006,9.5
33,3,22,450,2007,9.47
33,3,22,450,2008,9.67
33,3,22,450,2009,9.77
33,3,22,450,2010,9.64
33,3,22,450,2011,9.5
33,3,22,450,2012,8.32
33,3,22,450,2013,8.37
33,3,22,450,2014,8.39
33,3,22,450,2015,8.63
33,3,22,450,2016,9.14
34,1,22,450,1990,6.91
34,1,22,450,1991,7.3
34,1,22,450,1992,8.01
34,1,22,450,1993,8.1
34,1,22,450,1994,8.3
34,1,22,450,1995,7.71
34,1,22,450,1996,7.39
34,1,22,450,1997,7.09
34,1,22,450,1998,6.89
34,1,22,450,1999,6.89
34,1,22,450,2000,6.94
34,1,22,450,2001,6.93
34,1,22,450,2002,7.23
34,1,22,450,2003,8.14
34,1,22,450,2004,9.55
34,1,22,450,2005,10.55
34,1,22,450,2006,12.01
34,1,22,450,2007,14.05
34,1,22,450,2008,15.01
34,1,22,450,2009,15.67
34,1,22,450,2010,16.79
34,1,22,450,2011,17.63
34,1,22,450,2012,18.56
34,1,22,450,2013,19.55
34,1,22,450,2014,20.67
34,1,22,450,2015,21.52
34,1,22,450,2016,22.09
34,2,22,450,1990,2.19
34,2,22,450,1991,2.26
34,2,22,450,1992,2.41
34,2,22,450,1993,2.48
34,2,22,450,1994,2.55
34,2,22,450,1995,2.53
34,2,22,450,1996,2.5
34,2,22,450,1997,2.46
34,2,22,450,1998,2.45
34,2,22,450,1999,2.45
34,2,22,450,2000,2.47
34,2,22,450,2001,2.46
34,2,22,450,2002,2.57
34,2,22,450,2003,2.85
34,2,22,450,2004,3.23
34,2,22,450,2005,3.42
34,2,22,450,2006,3.67
34,2,22,450,2007,4.02
34,2,22,450,2008,4.19
34,2,22,450,2009,4.35
34,2,22,450,2010,4.52
34,2,22,450,2011,4.61
34,2,22,450,2012,4.87
34,2,22,450,2013,4.82
34,2,22,450,2014,4.97
34,2,22,450,2015,5.16
34,2,22,450,2016,5.29
34,3,22,450,1990,9.1
34,3,22,450,1991,9.56
34,3,22,450,1992,10.41
34,3,22,450,1993,10.59
34,3,22,450,1994,10.85
34,3,22,450,1995,10.24
34,3,22,450,1996,9.88
34,3,22,450,1997,9.55
34,3,22,450,1998,9.33
34,3,22,450,1999,9.35
34,3,22,450,2000,9.41
34,3,22,450,2001,9.39
34,3,22,450,2002,9.81
34,3,22,450,2003,10.98
34,3,22,450,2004,12.78
34,3,22,450,2005,13.97
34,3,22,450,2006,15.68
34,3,22,450,2007,18.07
34,3,22,450,2008,19.2
34,3,22,450,2009,20.02
34,3,22,450,2010,21.31
34,3,22,450,2011,22.24
34,3,22,450,2012,23.42
34,3,22,450,2013,24.37
34,3,22,450,2014,25.64
34,3,22,450,2015,26.68
34,3,22,450,2016,27.38
35,1,22,450,1990,14.53
35,1,22,450,1991,14.7
35,1,22,450,1992,14.27
35,1,22,450,1993,13.85
35,1,22,450,1994,13.2
35,1,22,450,1995,12.54
35,1,22,450,1996,11.85
35,1,22,450,1997,11.4
35,1,22,450,1998,10.37
35,1,22,450,1999,11.88
35,1,22,450,2000,11.25
35,1,22,450,2001,10.84
35,1,22,450,2002,11.13
35,1,22,450,2003,11.4
35,1,22,450,2004,11.2
35,1,22,450,2005,12.4
35,1,22,450,2006,14.34
35,1,22,450,2007,15.36
35,1,22,450,2008,15.73
35,1,22,450,2009,16.23
35,1,22,450,2010,17.31
35,1,22,450,2011,18.39
35,1,22,450,2012,20.56
35,1,22,450,2013,20.75
35,1,22,450,2014,22.02
35,1,22,450,2015,21.38
35,1,22,450,2016,21.71
35,2,22,450,1990,3.6
35,2,22,450,1991,3.61
35,2,22,450,1992,3.56
35,2,22,450,1993,3.41
35,2,22,450,1994,3.25
35,2,22,450,1995,3.02
35,2,22,450,1996,2.86
35,2,22,450,1997,2.81
35,2,22,450,1998,2.88
35,2,22,450,1999,2.61
35,2,22,450,2000,2.3
35,2,22,450,2001,2.18
35,2,22,450,2002,2.36
35,2,22,450,2003,2.51
35,2,22,450,2004,2.74
35,2,22,450,2005,2.41
35,2,22,450,2006,2.19
35,2,22,450,2007,2.25
35,2,22,450,2008,2.24
35,2,22,450,2009,2.16
35,2,22,450,2010,2.33
35,2,22,450,2011,2.43
35,2,22,450,2012,2.55
35,2,22,450,2013,2.59
35,2,22,450,2014,2.74
35,2,22,450,2015,2.65
35,2,22,450,2016,2.64
35,3,22,450,1990,18.12
35,3,22,450,1991,18.31
35,3,22,450,1992,17.83
35,3,22,450,1993,17.26
35,3,22,450,1994,16.45
35,3,22,450,1995,15.56
35,3,22,450,1996,14.72
35,3,22,450,1997,14.21
35,3,22,450,1998,13.24
35,3,22,450,1999,14.49
35,3,22,450,2000,13.55
35,3,22,450,2001,13.02
35,3,22,450,2002,13.49
35,3,22,450,2003,13.91
35,3,22,450,2004,13.93
35,3,22,450,2005,14.81
35,3,22,450,2006,16.53
35,3,22,450,2007,17.61
35,3,22,450,2008,17.97
35,3,22,450,2009,18.39
35,3,22,450,2010,19.64
35,3,22,450,2011,20.82
35,3,22,450,2012,23.12
35,3,22,450,2013,23.34
35,3,22,450,2014,24.75
35,3,22,450,2015,24.04
35,3,22,450,2016,24.36
36,1,22,450,1990,77.54
36,1,22,450,1991,78.57
36,1,22,450,1992,80.14
36,1,22,450,1993,80.92
36,1,22,450,1994,81.95
36,1,22,450,1995,79.21
36,1,22,450,1996,75.34
36,1,22,450,1997,73.31
36,1,22,450,1998,70.92
36,1,22,450,1999,70.22
36,1,22,450,2000,68.07
36,1,22,450,2001,68.37
36,1,22,450,2002,68.61
36,1,22,450,2003,69.16
36,1,22,450,2004,71.14
36,1,22,450,2005,71.25
36,1,22,450,2006,71.32
36,1,22,450,2007,71.32
36,1,22,450,2008,71.4
36,1,22,450,2009,71.75
36,1,22,450,2010,70.86
36,1,22,450,2011,70.84
36,1,22,450,2012,68.76
36,1,22,450,2013,61.9
36,1,22,450,2014,61.2
36,1,22,450,2015,63.61
36,1,22,450,2016,69.4
36,2,22,450,1990,19.71
36,2,22,450,1991,20.13
36,2,22,450,1992,20.81
36,2,22,450,1993,22.36
36,2,22,450,1994,22.84
36,2,22,450,1995,22.71
36,2,22,450,1996,20.43
36,2,22,450,1997,19.58
36,2,22,450,1998,18.66
36,2,22,450,1999,18.24
36,2,22,450,2000,17.7
36,2,22,450,2001,17.77
36,2,22,450,2002,17.89
36,2,22,450,2003,18
36,2,22,450,2004,18.45
36,2,22,450,2005,19.25
36,2,22,450,2006,20.02
36,2,22,450,2007,20.15
36,2,22,450,2008,20.13
36,2,22,450,2009,20.66
36,2,22,450,2010,20.69
36,2,22,450,2011,20.93
36,2,22,450,2012,21
36,2,22,450,2013,20.65
36,2,22,450,2014,20.5
36,2,22,450,2015,20.43
36,2,22,450,2016,21.47
36,3,22,450,1990,97.25
36,3,22,450,1991,98.7
36,3,22,450,1992,100.95
36,3,22,450,1993,103.28
36,3,22,450,1994,104.8
36,3,22,450,1995,101.92
36,3,22,450,1996,95.77
36,3,22,450,1997,92.89
36,3,22,450,1998,89.58
36,3,22,450,1999,88.46
36,3,22,450,2000,85.77
36,3,22,450,2001,86.13
36,3,22,450,2002,86.5
36,3,22,450,2003,87.16
36,3,22,450,2004,89.59
36,3,22,450,2005,90.49
36,3,22,450,2006,91.34
36,3,22,450,2007,91.47
36,3,22,450,2008,91.52
36,3,22,450,2009,92.41
36,3,22,450,2010,91.55
36,3,22,450,2011,91.77
36,3,22,450,2012,89.76
36,3,22,450,2013,82.56
36,3,22,450,2014,81.69
36,3,22,450,2015,84.04
36,3,22,450,2016,90.87
37,1,22,450,1990,8.04
37,1,22,450,1991,8.16
37,1,22,450,1992,8.13
37,1,22,450,1993,8.16
37,1,22,450,1994,8.08
37,1,22,450,1995,7.99
37,1,22,450,1996,8
37,1,22,450,1997,8.04
37,1,22,450,1998,8.07
37,1,22,450,1999,8.12
37,1,22,450,2000,8.3
37,1,22,450,2001,8.11
37,1,22,450,2002,7.68
37,1,22,450,2003,7.87
37,1,22,450,2004,7.22
37,1,22,450,2005,7.8
37,1,22,450,2006,8.06
37,1,22,450,2007,8.35
37,1,22,450,2008,8.1
37,1,22,450,2009,7.99
37,1,22,450,2010,8.18
37,1,22,450,2011,7.84
37,1,22,450,2012,8.05
37,1,22,450,2013,8.28
37,1,22,450,2014,8.54
37,1,22,450,2015,9
37,1,22,450,2016,9.39
37,2,22,450,1990,2.15
37,2,22,450,1991,2.18
37,2,22,450,1992,2.21
37,2,22,450,1993,2.26
37,2,22,450,1994,2.33
37,2,22,450,1995,2.33
37,2,22,450,1996,2.28
37,2,22,450,1997,2.23
37,2,22,450,1998,2.2
37,2,22,450,1999,2.2
37,2,22,450,2000,2.18
37,2,22,450,2001,2.3
37,2,22,450,2002,2.25
37,2,22,450,2003,2.58
37,2,22,450,2004,2.5
37,2,22,450,2005,2.61
37,2,22,450,2006,2.93
37,2,22,450,2007,3.02
37,2,22,450,2008,3
37,2,22,450,2009,3.07
37,2,22,450,2010,3.08
37,2,22,450,2011,3.3
37,2,22,450,2012,3.43
37,2,22,450,2013,3.81
37,2,22,450,2014,3.78
37,2,22,450,2015,3.96
37,2,22,450,2016,4
37,3,22,450,1990,10.19
37,3,22,450,1991,10.34
37,3,22,450,1992,10.34
37,3,22,450,1993,10.42
37,3,22,450,1994,10.41
37,3,22,450,1995,10.32
37,3,22,450,1996,10.28
37,3,22,450,1997,10.27
37,3,22,450,1998,10.27
37,3,22,450,1999,10.33
37,3,22,450,2000,10.47
37,3,22,450,2001,10.41
37,3,22,450,2002,9.94
37,3,22,450,2003,10.45
37,3,22,450,2004,9.71
37,3,22,450,2005,10.4
37,3,22,450,2006,10.99
37,3,22,450,2007,11.37
37,3,22,450,2008,11.1
37,3,22,450,2009,11.06
37,3,22,450,2010,11.26
37,3,22,450,2011,11.14
37,3,22,450,2012,11.49
37,3,22,450,2013,12.09
37,3,22,450,2014,12.32
37,3,22,450,2015,12.97
37,3,22,450,2016,13.39
38,1,22,450,1990,0.84
38,1,22,450,1991,0.86
38,1,22,450,1992,0.88
38,1,22,450,1993,0.9
38,1,22,450,1994,0.93
38,1,22,450,1995,0.97
38,1,22,450,1996,0.99
38,1,22,450,1997,1
38,1,22,450,1998,1.02
38,1,22,450,1999,1.04
38,1,22,450,2000,1.08
38,1,22,450,2001,1.14
38,1,22,450,2002,1.22
38,1,22,450,2003,1.29
38,1,22,450,2004,1.35
38,1,22,450,2005,1.41
38,1,22,450,2006,1.45
38,1,22,450,2007,1.48
38,1,22,450,2008,1.51
38,1,22,450,2009,1.58
38,1,22,450,2010,1.64
38,1,22,450,2011,1.68
38,1,22,450,2012,1.75
38,1,22,450,2013,1.8
38,1,22,450,2014,1.9
38,1,22,450,2015,1.99
38,1,22,450,2016,2.14
38,2,22,450,1990,1.21
38,2,22,450,1991,1.25
38,2,22,450,1992,1.3
38,2,22,450,1993,1.32
38,2,22,450,1994,1.35
38,2,22,450,1995,1.38
38,2,22,450,1996,1.41
38,2,22,450,1997,1.41
38,2,22,450,1998,1.39
38,2,22,450,1999,1.32
38,2,22,450,2000,1.21
38,2,22,450,2001,1.12
38,2,22,450,2002,1.04
38,2,22,450,2003,0.99
38,2,22,450,2004,0.96
38,2,22,450,2005,0.95
38,2,22,450,2006,0.93
38,2,22,450,2007,0.91
38,2,22,450,2008,0.92
38,2,22,450,2009,0.94
38,2,22,450,2010,0.97
38,2,22,450,2011,0.99
38,2,22,450,2012,1.01
38,2,22,450,2013,1.05
38,2,22,450,2014,1.09
38,2,22,450,2015,1.14
38,2,22,450,2016,1.2
38,3,22,450,1990,2.05
38,3,22,450,1991,2.11
38,3,22,450,1992,2.18
38,3,22,450,1993,2.22
38,3,22,450,1994,2.28
38,3,22,450,1995,2.35
38,3,22,450,1996,2.39
38,3,22,450,1997,2.41
38,3,22,450,1998,2.41
38,3,22,450,1999,2.37
38,3,22,450,2000,2.29
38,3,22,450,2001,2.26
38,3,22,450,2002,2.26
38,3,22,450,2003,2.28
38,3,22,450,2004,2.31
38,3,22,450,2005,2.36
38,3,22,450,2006,2.38
38,3,22,450,2007,2.39
38,3,22,450,2008,2.43
38,3,22,450,2009,2.52
38,3,22,450,2010,2.61
38,3,22,450,2011,2.67
38,3,22,450,2012,2.76
38,3,22,450,2013,2.85
38,3,22,450,2014,2.98
38,3,22,450,2015,3.13
38,3,22,450,2016,3.33
39,1,22,450,1990,5.64
39,1,22,450,1991,5.78
39,1,22,450,1992,5.83
39,1,22,450,1993,5.82
39,1,22,450,1994,5.99
39,1,22,450,1995,6.07
39,1,22,450,1996,5.98
39,1,22,450,1997,5.81
39,1,22,450,1998,5.65
39,1,22,450,1999,5.53
39,1,22,450,2000,5.48
39,1,22,450,2001,5.49
39,1,22,450,2002,5.58
39,1,22,450,2003,5.72
39,1,22,450,2004,5.88
39,1,22,450,2005,6.08
39,1,22,450,2006,6.13
39,1,22,450,2007,6.15
39,1,22,450,2008,6.24
39,1,22,450,2009,6.39
39,1,22,450,2010,6.67
39,1,22,450,2011,7.01
39,1,22,450,2012,7.08
39,1,22,450,2013,7.21
39,1,22,450,2014,7.51
39,1,22,450,2015,7.86
39,1,22,450,2016,8.19
39,2,22,450,1990,2.01
39,2,22,450,1991,2.04
39,2,22,450,1992,2.08
39,2,22,450,1993,2.11
39,2,22,450,1994,2.14
39,2,22,450,1995,2.13
39,2,22,450,1996,2.1
39,2,22,450,1997,2.05
39,2,22,450,1998,2.02
39,2,22,450,1999,2
39,2,22,450,2000,2.01
39,2,22,450,2001,2.03
39,2,22,450,2002,2.07
39,2,22,450,2003,2.11
39,2,22,450,2004,2.15
39,2,22,450,2005,2.2
39,2,22,450,2006,2.23
39,2,22,450,2007,2.29
39,2,22,450,2008,2.37
39,2,22,450,2009,2.38
39,2,22,450,2010,2.41
39,2,22,450,2011,2.43
39,2,22,450,2012,2.48
39,2,22,450,2013,2.53
39,2,22,450,2014,2.62
39,2,22,450,2015,2.73
39,2,22,450,2016,2.85
39,3,22,450,1990,7.65
39,3,22,450,1991,7.82
39,3,22,450,1992,7.91
39,3,22,450,1993,7.92
39,3,22,450,1994,8.13
39,3,22,450,1995,8.2
39,3,22,450,1996,8.07
39,3,22,450,1997,7.86
39,3,22,450,1998,7.67
39,3,22,450,1999,7.53
39,3,22,450,2000,7.49
39,3,22,450,2001,7.52
39,3,22,450,2002,7.64
39,3,22,450,2003,7.83
39,3,22,450,2004,8.03
39,3,22,450,2005,8.28
39,3,22,450,2006,8.36
39,3,22,450,2007,8.44
39,3,22,450,2008,8.61
39,3,22,450,2009,8.78
39,3,22,450,2010,9.08
39,3,22,450,2011,9.44
39,3,22,450,2012,9.56
39,3,22,450,2013,9.75
39,3,22,450,2014,10.13
39,3,22,450,2015,10.59
39,3,22,450,2016,11.04
40,1,22,450,1990,7.85
40,1,22,450,1991,8.31
40,1,22,450,1992,8.57
40,1,22,450,1993,9.06
40,1,22,450,1994,9.04
40,1,22,450,1995,9.11
40,1,22,450,1996,9.08
40,1,22,450,1997,9.05
40,1,22,450,1998,9.15
40,1,22,450,1999,9.23
40,1,22,450,2000,9.36
40,1,22,450,2001,9.97
40,1,22,450,2002,10.08
40,1,22,450,2003,9.78
40,1,22,450,2004,10.06
40,1,22,450,2005,10.3
40,1,22,450,2006,10.15
40,1,22,450,2007,10.49
40,1,22,450,2008,11.2
40,1,22,450,2009,12.56
40,1,22,450,2010,13.41
40,1,22,450,2011,14.47
40,1,22,450,2012,15.65
40,1,22,450,2013,16.33
40,1,22,450,2014,17.19
40,1,22,450,2015,18.21
40,1,22,450,2016,19.26
40,2,22,450,1990,2.3
40,2,22,450,1991,2.41
40,2,22,450,1992,2.44
40,2,22,450,1993,2.51
40,2,22,450,1994,2.58
40,2,22,450,1995,2.62
40,2,22,450,1996,2.64
40,2,22,450,1997,2.65
40,2,22,450,1998,2.65
40,2,22,450,1999,2.69
40,2,22,450,2000,2.74
40,2,22,450,2001,2.73
40,2,22,450,2002,2.99
40,2,22,450,2003,3.19
40,2,22,450,2004,3.26
40,2,22,450,2005,3.37
40,2,22,450,2006,3.62
40,2,22,450,2007,3.93
40,2,22,450,2008,4.38
40,2,22,450,2009,4.68
40,2,22,450,2010,5.06
40,2,22,450,2011,5.62
40,2,22,450,2012,6.09
40,2,22,450,2013,6.16
40,2,22,450,2014,6.47
40,2,22,450,2015,6.67
40,2,22,450,2016,6.89
40,3,22,450,1990,10.15
40,3,22,450,1991,10.72
40,3,22,450,1992,11.01
40,3,22,450,1993,11.57
40,3,22,450,1994,11.62
40,3,22,450,1995,11.73
40,3,22,450,1996,11.73
40,3,22,450,1997,11.7
40,3,22,450,1998,11.8
40,3,22,450,1999,11.92
40,3,22,450,2000,12.1
40,3,22,450,2001,12.7
40,3,22,450,2002,13.07
40,3,22,450,2003,12.97
40,3,22,450,2004,13.32
40,3,22,450,2005,13.67
40,3,22,450,2006,13.78
40,3,22,450,2007,14.41
40,3,22,450,2008,15.58
40,3,22,450,2009,17.24
40,3,22,450,2010,18.46
40,3,22,450,2011,20.1
40,3,22,450,2012,21.75
40,3,22,450,2013,22.49
40,3,22,450,2014,23.66
40,3,22,450,2015,24.88
40,3,22,450,2016,26.15
41,1,22,450,1990,20.91
41,1,22,450,1991,21.67
41,1,22,450,1992,22.44
41,1,22,450,1993,23.29
41,1,22,450,1994,24.08
41,1,22,450,1995,24.85
41,1,22,450,1996,25.53
41,1,22,450,1997,26.17
41,1,22,450,1998,26.81
41,1,22,450,1999,27.51
41,1,22,450,2000,28.33
41,1,22,450,2001,29.16
41,1,22,450,2002,30.11
41,1,22,450,2003,31.27
41,1,22,450,2004,32.46
41,1,22,450,2005,34.05
41,1,22,450,2006,35.22
41,1,22,450,2007,36.57
41,1,22,450,2008,38.34
41,1,22,450,2009,40.12
41,1,22,450,2010,41.16
41,1,22,450,2011,46
41,1,22,450,2012,51.49
41,1,22,450,2013,54.33
41,1,22,450,2014,58.92
41,1,22,450,2015,60.95
41,1,22,450,2016,63.77
41,2,22,450,1990,12.05
41,2,22,450,1991,12.47
41,2,22,450,1992,13.06
41,2,22,450,1993,13.72
41,2,22,450,1994,14.38
41,2,22,450,1995,15
41,2,22,450,1996,15.49
41,2,22,450,1997,15.94
41,2,22,450,1998,16.39
41,2,22,450,1999,17.03
41,2,22,450,2000,17.85
41,2,22,450,2001,18.64
41,2,22,450,2002,19.45
41,2,22,450,2003,20.28
41,2,22,450,2004,21.05
41,2,22,450,2005,21.65
41,2,22,450,2006,22.55
41,2,22,450,2007,23.22
41,2,22,450,2008,23.8
41,2,22,450,2009,24.24
41,2,22,450,2010,23.45
41,2,22,450,2011,27.67
41,2,22,450,2012,33.44
41,2,22,450,2013,35.85
41,2,22,450,2014,36.77
41,2,22,450,2015,37.42
41,2,22,450,2016,38.35
41,3,22,450,1990,32.96
41,3,22,450,1991,34.14
41,3,22,450,1992,35.5
41,3,22,450,1993,37.01
41,3,22,450,1994,38.46
41,3,22,450,1995,39.85
41,3,22,450,1996,41.02
41,3,22,450,1997,42.11
41,3,22,450,1998,43.2
41,3,22,450,1999,44.55
41,3,22,450,2000,46.17
41,3,22,450,2001,47.79
41,3,22,450,2002,49.56
41,3,22,450,2003,51.55
41,3,22,450,2004,53.51
41,3,22,450,2005,55.71
41,3,22,450,2006,57.77
41,3,22,450,2007,59.78
41,3,22,450,2008,62.14
41,3,22,450,2009,64.37
41,3,22,450,2010,64.61
41,3,22,450,2011,73.66
41,3,22,450,2012,84.93
41,3,22,450,2013,90.18
41,3,22,450,2014,95.69
41,3,22,450,2015,98.37
41,3,22,450,2016,102.12
43,1,22,450,1990,5.44
43,1,22,450,1991,5.36
43,1,22,450,1992,5.27
43,1,22,450,1993,5.27
43,1,22,450,1994,5.06
43,1,22,450,1995,4.86
43,1,22,450,1996,4.56
43,1,22,450,1997,4.45
43,1,22,450,1998,4.8
43,1,22,450,1999,5.08
43,1,22,450,2000,5.42
43,1,22,450,2001,5.7
43,1,22,450,2002,6.05
43,1,22,450,2003,6.29
43,1,22,450,2004,6.76
43,1,22,450,2005,7.02
43,1,22,450,2006,7.18
43,1,22,450,2007,7.29
43,1,22,450,2008,7.19
43,1,22,450,2009,7.42
43,1,22,450,2010,7.68
43,1,22,450,2011,7.84
43,1,22,450,2012,8.07
43,1,22,450,2013,8.33
43,1,22,450,2014,8.49
43,1,22,450,2015,8.81
43,1,22,450,2016,8.96
43,2,22,450,1990,2.35
43,2,22,450,1991,2.28
43,2,22,450,1992,2.21
43,2,22,450,1993,2.19
43,2,22,450,1994,2.23
43,2,22,450,1995,2.22
43,2,22,450,1996,2.32
43,2,22,450,1997,2.29
43,2,22,450,1998,2.35
43,2,22,450,1999,2.37
43,2,22,450,2000,2.41
43,2,22,450,2001,2.49
43,2,22,450,2002,2.57
43,2,22,450,2003,2.69
43,2,22,450,2004,2.72
43,2,22,450,2005,2.76
43,2,22,450,2006,2.62
43,2,22,450,2007,2.54
43,2,22,450,2008,2.33
43,2,22,450,2009,2.43
43,2,22,450,2010,2.53
43,2,22,450,2011,2.58
43,2,22,450,2012,2.64
43,2,22,450,2013,2.71
43,2,22,450,2014,2.79
43,2,22,450,2015,2.86
43,2,22,450,2016,2.93
43,3,22,450,1990,7.79
43,3,22,450,1991,7.64
43,3,22,450,1992,7.48
43,3,22,450,1993,7.46
43,3,22,450,1994,7.29
43,3,22,450,1995,7.08
43,3,22,450,1996,6.88
43,3,22,450,1997,6.74
43,3,22,450,1998,7.15
43,3,22,450,1999,7.45
43,3,22,450,2000,7.83
43,3,22,450,2001,8.19
43,3,22,450,2002,8.62
43,3,22,450,2003,8.98
43,3,22,450,2004,9.48
43,3,22,450,2005,9.79
43,3,22,450,2006,9.8
43,3,22,450,2007,9.82
43,3,22,450,2008,9.51
43,3,22,450,2009,9.85
43,3,22,450,2010,10.21
43,3,22,450,2011,10.42
43,3,22,450,2012,10.71
43,3,22,450,2013,11.04
43,3,22,450,2014,11.28
43,3,22,450,2015,11.67
43,3,22,450,2016,11.89
44,1,22,450,1990,16.41
44,1,22,450,1991,17.31
44,1,22,450,1992,16.98
44,1,22,450,1993,16.67
44,1,22,450,1994,16.52
44,1,22,450,1995,16.62
44,1,22,450,1996,17.34
44,1,22,450,1997,18.69
44,1,22,450,1998,20.03
44,1,22,450,1999,20.88
44,1,22,450,2000,21.33
44,1,22,450,2001,21.61
44,1,22,450,2002,21.62
44,1,22,450,2003,22.09
44,1,22,450,2004,22.25
44,1,22,450,2005,22.57
44,1,22,450,2006,22.86
44,1,22,450,2007,23.39
44,1,22,450,2008,23.68
44,1,22,450,2009,23.96
44,1,22,450,2010,24.25
44,1,22,450,2011,24.94
44,1,22,450,2012,25.35
44,1,22,450,2013,25.98
44,1,22,450,2014,27.01
44,1,22,450,2015,27.51
44,1,22,450,2016,27.82
44,2,22,450,1990,5.54
44,2,22,450,1991,5.95
44,2,22,450,1992,5.84
44,2,22,450,1993,5.76
44,2,22,450,1994,5.71
44,2,22,450,1995,5.76
44,2,22,450,1996,5.84
44,2,22,450,1997,6.03
44,2,22,450,1998,6.29
44,2,22,450,1999,5.99
44,2,22,450,2000,5.54
44,2,22,450,2001,5.02
44,2,22,450,2002,4.53
44,2,22,450,2003,4.15
44,2,22,450,2004,3.85
44,2,22,450,2005,3.65
44,2,22,450,2006,3.53
44,2,22,450,2007,3.43
44,2,22,450,2008,3.38
44,2,22,450,2009,3.34
44,2,22,450,2010,3.34
44,2,22,450,2011,3.26
44,2,22,450,2012,3.45
44,2,22,450,2013,3.63
44,2,22,450,2014,3.86
44,2,22,450,2015,3.83
44,2,22,450,2016,3.85
44,3,22,450,1990,21.96
44,3,22,450,1991,23.26
44,3,22,450,1992,22.82
44,3,22,450,1993,22.42
44,3,22,450,1994,22.23
44,3,22,450,1995,22.38
44,3,22,450,1996,23.18
44,3,22,450,1997,24.72
44,3,22,450,1998,26.32
44,3,22,450,1999,26.87
44,3,22,450,2000,26.88
44,3,22,450,2001,26.62
44,3,22,450,2002,26.15
44,3,22,450,2003,26.24
44,3,22,450,2004,26.1
44,3,22,450,2005,26.23
44,3,22,450,2006,26.39
44,3,22,450,2007,26.82
44,3,22,450,2008,27.05
44,3,22,450,2009,27.29
44,3,22,450,2010,27.59
44,3,22,450,2011,28.2
44,3,22,450,2012,28.8
44,3,22,450,2013,29.61
44,3,22,450,2014,30.87
44,3,22,450,2015,31.34
44,3,22,450,2016,31.67
45,1,22,450,1990,51.85
45,1,22,450,1991,54.94
45,1,22,450,1992,55.33
45,1,22,450,1993,57.14
45,1,22,450,1994,58.21
45,1,22,450,1995,58.19
45,1,22,450,1996,56.47
45,1,22,450,1997,57.15
45,1,22,450,1998,57.29
45,1,22,450,1999,57.53
45,1,22,450,2000,57.61
45,1,22,450,2001,60.04
45,1,22,450,2002,61.59
45,1,22,450,2003,64.58
45,1,22,450,2004,68.67
45,1,22,450,2005,72.63
45,1,22,450,2006,77.63
45,1,22,450,2007,82.08
45,1,22,450,2008,85.02
45,1,22,450,2009,88.93
45,1,22,450,2010,92.11
45,1,22,450,2011,94.04
45,1,22,450,2012,98.59
45,1,22,450,2013,99.94
45,1,22,450,2014,101.47
45,1,22,450,2015,102.42
45,1,22,450,2016,105.1
45,2,22,450,1990,8.35
45,2,22,450,1991,8.86
45,2,22,450,1992,8.76
45,2,22,450,1993,9.25
45,2,22,450,1994,9.52
45,2,22,450,1995,9.19
45,2,22,450,1996,9.45
45,2,22,450,1997,8.88
45,2,22,450,1998,8.91
45,2,22,450,1999,9.45
45,2,22,450,2000,9.7
45,2,22,450,2001,9.79
45,2,22,450,2002,10.44
45,2,22,450,2003,10.92
45,2,22,450,2004,11.15
45,2,22,450,2005,13.04
45,2,22,450,2006,13.65
45,2,22,450,2007,13.87
45,2,22,450,2008,13.74
45,2,22,450,2009,13.66
45,2,22,450,2010,13.95
45,2,22,450,2011,13.53
45,2,22,450,2012,13.15
45,2,22,450,2013,12.32
45,2,22,450,2014,13.01
45,2,22,450,2015,13.3
45,2,22,450,2016,13.59
45,3,22,450,1990,60.2
45,3,22,450,1991,63.8
45,3,22,450,1992,64.09
45,3,22,450,1993,66.39
45,3,22,450,1994,67.73
45,3,22,450,1995,67.38
45,3,22,450,1996,65.92
45,3,22,450,1997,66.03
45,3,22,450,1998,66.2
45,3,22,450,1999,66.98
45,3,22,450,2000,67.31
45,3,22,450,2001,69.82
45,3,22,450,2002,72.03
45,3,22,450,2003,75.5
45,3,22,450,2004,79.82
45,3,22,450,2005,85.67
45,3,22,450,2006,91.28
45,3,22,450,2007,95.95
45,3,22,450,2008,98.77
45,3,22,450,2009,102.59
45,3,22,450,2010,106.06
45,3,22,450,2011,107.57
45,3,22,450,2012,111.74
45,3,22,450,2013,112.26
45,3,22,450,2014,114.47
45,3,22,450,2015,115.73
45,3,22,450,2016,118.69
46,1,22,450,1990,89.5
46,1,22,450,1991,92.72
46,1,22,450,1992,92.71
46,1,22,450,1993,89.64
46,1,22,450,1994,87.76
46,1,22,450,1995,86.4
46,1,22,450,1996,85.41
46,1,22,450,1997,87.27
46,1,22,450,1998,91.61
46,1,22,450,1999,89.54
46,1,22,450,2000,92.05
46,1,22,450,2001,88.97
46,1,22,450,2002,88.85
46,1,22,450,2003,90.69
46,1,22,450,2004,89.47
46,1,22,450,2005,90.44
46,1,22,450,2006,89.23
46,1,22,450,2007,88.33
46,1,22,450,2008,88.4
46,1,22,450,2009,87.11
46,1,22,450,2010,85.22
46,1,22,450,2011,84.46
46,1,22,450,2012,87.3
46,1,22,450,2013,88.04
46,1,22,450,2014,90.47
46,1,22,450,2015,90.41
46,1,22,450,2016,91.29
46,2,22,450,1990,7.1
46,2,22,450,1991,7.13
46,2,22,450,1992,7.28
46,2,22,450,1993,7.08
46,2,22,450,1994,7.18
46,2,22,450,1995,7.49
46,2,22,450,1996,7.55
46,2,22,450,1997,7.46
46,2,22,450,1998,7.99
46,2,22,450,1999,7.8
46,2,22,450,2000,8.12
46,2,22,450,2001,7.75
46,2,22,450,2002,7.74
46,2,22,450,2003,8.47
46,2,22,450,2004,8.53
46,2,22,450,2005,8.34
46,2,22,450,2006,8.24
46,2,22,450,2007,8.53
46,2,22,450,2008,8.64
46,2,22,450,2009,8.91
46,2,22,450,2010,9.21
46,2,22,450,2011,9.44
46,2,22,450,2012,9.54
46,2,22,450,2013,9.52
46,2,22,450,2014,10.26
46,2,22,450,2015,9.97
46,2,22,450,2016,9.99
46,3,22,450,1990,96.59
46,3,22,450,1991,99.85
46,3,22,450,1992,99.99
46,3,22,450,1993,96.72
46,3,22,450,1994,94.94
46,3,22,450,1995,93.89
46,3,22,450,1996,92.96
46,3,22,450,1997,94.73
46,3,22,450,1998,99.6
46,3,22,450,1999,97.34
46,3,22,450,2000,100.17
46,3,22,450,2001,96.72
46,3,22,450,2002,96.59
46,3,22,450,2003,99.16
46,3,22,450,2004,98
46,3,22,450,2005,98.77
46,3,22,450,2006,97.47
46,3,22,450,2007,96.86
46,3,22,450,2008,97.04
46,3,22,450,2009,96.02
46,3,22,450,2010,94.43
46,3,22,450,2011,93.9
46,3,22,450,2012,96.84
46,3,22,450,2013,97.56
46,3,22,450,2014,100.73
46,3,22,450,2015,100.38
46,3,22,450,2016,101.27
47,1,22,450,1990,68.68
47,1,22,450,1991,71.67
47,1,22,450,1992,73.29
47,1,22,450,1993,76.8
47,1,22,450,1994,82.59
47,1,22,450,1995,84.6
47,1,22,450,1996,87.74
47,1,22,450,1997,90.81
47,1,22,450,1998,94.21
47,1,22,450,1999,98.43
47,1,22,450,2000,104.68
47,1,22,450,2001,111.26
47,1,22,450,2002,119.06
47,1,22,450,2003,126.16
47,1,22,450,2004,132.24
47,1,22,450,2005,136.77
47,1,22,450,2006,141.26
47,1,22,450,2007,147.6
47,1,22,450,2008,151.4
47,1,22,450,2009,152.62
47,1,22,450,2010,154.18
47,1,22,450,2011,156.64
47,1,22,450,2012,157.9
47,1,22,450,2013,158.13
47,1,22,450,2014,157.44
47,1,22,450,2015,157.23
47,1,22,450,2016,161.19
47,2,22,450,1990,11.2
47,2,22,450,1991,11.53
47,2,22,450,1992,11.9
47,2,22,450,1993,12.56
47,2,22,450,1994,13.18
47,2,22,450,1995,13.4
47,2,22,450,1996,14.11
47,2,22,450,1997,14.46
47,2,22,450,1998,15.79
47,2,22,450,1999,16.22
47,2,22,450,2000,15.79
47,2,22,450,2001,17.54
47,2,22,450,2002,18.4
47,2,22,450,2003,20.76
47,2,22,450,2004,22.2
47,2,22,450,2005,24.37
47,2,22,450,2006,25.76
47,2,22,450,2007,26.55
47,2,22,450,2008,27.97
47,2,22,450,2009,28.82
47,2,22,450,2010,29.11
47,2,22,450,2011,29.53
47,2,22,450,2012,30.35
47,2,22,450,2013,29.84
47,2,22,450,2014,31.21
47,2,22,450,2015,31.16
47,2,22,450,2016,31.03
47,3,22,450,1990,79.88
47,3,22,450,1991,83.2
47,3,22,450,1992,85.19
47,3,22,450,1993,89.36
47,3,22,450,1994,95.77
47,3,22,450,1995,98
47,3,22,450,1996,101.86
47,3,22,450,1997,105.27
47,3,22,450,1998,110
47,3,22,450,1999,114.64
47,3,22,450,2000,120.47
47,3,22,450,2001,128.8
47,3,22,450,2002,137.46
47,3,22,450,2003,146.92
47,3,22,450,2004,154.44
47,3,22,450,2005,161.13
47,3,22,450,2006,167.01
47,3,22,450,2007,174.15
47,3,22,450,2008,179.36
47,3,22,450,2009,181.45
47,3,22,450,2010,183.29
47,3,22,450,2011,186.17
47,3,22,450,2012,188.25
47,3,22,450,2013,187.98
47,3,22,450,2014,188.65
47,3,22,450,2015,188.4
47,3,22,450,2016,192.23
48,1,22,450,1990,162.83
48,1,22,450,1991,177.86
48,1,22,450,1992,189.94
48,1,22,450,1993,197.46
48,1,22,450,1994,211.83
48,1,22,450,1995,231.81
48,1,22,450,1996,250
48,1,22,450,1997,260.11
48,1,22,450,1998,283.75
48,1,22,450,1999,293.07
48,1,22,450,2000,305.44
48,1,22,450,2001,312.93
48,1,22,450,2002,328.57
48,1,22,450,2003,337.63
48,1,22,450,2004,337.04
48,1,22,450,2005,333.18
48,1,22,450,2006,334.98
48,1,22,450,2007,329.16
48,1,22,450,2008,320.75
48,1,22,450,2009,317.02
48,1,22,450,2010,306.1
48,1,22,450,2011,300.41
48,1,22,450,2012,300.06
48,1,22,450,2013,292.73
48,1,22,450,2014,289.85
48,1,22,450,2015,292.58
48,1,22,450,2016,296.18
48,2,22,450,1990,22.41
48,2,22,450,1991,24.69
48,2,22,450,1992,28.38
48,2,22,450,1993,31.03
48,2,22,450,1994,33.2
48,2,22,450,1995,35.71
48,2,22,450,1996,38.72
48,2,22,450,1997,43.46
48,2,22,450,1998,47.61
48,2,22,450,1999,50.32
48,2,22,450,2000,54.52
48,2,22,450,2001,57.43
48,2,22,450,2002,59.73
48,2,22,450,2003,62.1
48,2,22,450,2004,63.6
48,2,22,450,2005,62.07
48,2,22,450,2006,62.89
48,2,22,450,2007,64.3
48,2,22,450,2008,65.06
48,2,22,450,2009,63.84
48,2,22,450,2010,64.64
48,2,22,450,2011,65.02
48,2,22,450,2012,66.3
48,2,22,450,2013,65.24
48,2,22,450,2014,65.57
48,2,22,450,2015,65.17
48,2,22,450,2016,65.86
48,3,22,450,1990,185.24
48,3,22,450,1991,202.55
48,3,22,450,1992,218.31
48,3,22,450,1993,228.5
48,3,22,450,1994,245.04
48,3,22,450,1995,267.52
48,3,22,450,1996,288.72
48,3,22,450,1997,303.57
48,3,22,450,1998,331.36
48,3,22,450,1999,343.39
48,3,22,450,2000,359.96
48,3,22,450,2001,370.36
48,3,22,450,2002,388.3
48,3,22,450,2003,399.73
48,3,22,450,2004,400.63
48,3,22,450,2005,395.26
48,3,22,450,2006,397.87
48,3,22,450,2007,393.46
48,3,22,450,2008,385.81
48,3,22,450,2009,380.86
48,3,22,450,2010,370.74
48,3,22,450,2011,365.42
48,3,22,450,2012,366.36
48,3,22,450,2013,357.97
48,3,22,450,2014,355.43
48,3,22,450,2015,357.74
48,3,22,450,2016,362.04
49,1,22,450,1990,5.46
49,1,22,450,1991,5.53
49,1,22,450,1992,5.37
49,1,22,450,1993,5.01
49,1,22,450,1994,4.77
49,1,22,450,1995,4.71
49,1,22,450,1996,5.01
49,1,22,450,1997,5.27
49,1,22,450,1998,5.55
49,1,22,450,1999,5.97
49,1,22,450,2000,6.19
49,1,22,450,2001,6.42
49,1,22,450,2002,6.55
49,1,22,450,2003,6.68
49,1,22,450,2004,6.99
49,1,22,450,2005,7.08
49,1,22,450,2006,7.41
49,1,22,450,2007,7.95
49,1,22,450,2008,8.34
49,1,22,450,2009,8.68
49,1,22,450,2010,8.78
49,1,22,450,2011,8.94
49,1,22,450,2012,8.95
49,1,22,450,2013,9.35
49,1,22,450,2014,9.51
49,1,22,450,2015,9.72
49,1,22,450,2016,9.86
49,2,22,450,1990,0.94
49,2,22,450,1991,0.95
49,2,22,450,1992,0.93
49,2,22,450,1993,0.88
49,2,22,450,1994,0.89
49,2,22,450,1995,0.97
49,2,22,450,1996,1.1
49,2,22,450,1997,1.2
49,2,22,450,1998,1.35
49,2,22,450,1999,1.4
49,2,22,450,2000,1.5
49,2,22,450,2001,1.48
49,2,22,450,2002,1.42
49,2,22,450,2003,1.43
49,2,22,450,2004,1.45
49,2,22,450,2005,1.46
49,2,22,450,2006,1.53
49,2,22,450,2007,1.58
49,2,22,450,2008,1.64
49,2,22,450,2009,1.69
49,2,22,450,2010,1.64
49,2,22,450,2011,1.68
49,2,22,450,2012,1.67
49,2,22,450,2013,1.77
49,2,22,450,2014,1.78
49,2,22,450,2015,1.8
49,2,22,450,2016,1.82
49,3,22,450,1990,6.4
49,3,22,450,1991,6.48
49,3,22,450,1992,6.3
49,3,22,450,1993,5.88
49,3,22,450,1994,5.66
49,3,22,450,1995,5.68
49,3,22,450,1996,6.11
49,3,22,450,1997,6.47
49,3,22,450,1998,6.9
49,3,22,450,1999,7.37
49,3,22,450,2000,7.69
49,3,22,450,2001,7.9
49,3,22,450,2002,7.97
49,3,22,450,2003,8.11
49,3,22,450,2004,8.44
49,3,22,450,2005,8.54
49,3,22,450,2006,8.94
49,3,22,450,2007,9.53
49,3,22,450,2008,9.98
49,3,22,450,2009,10.37
49,3,22,450,2010,10.42
49,3,22,450,2011,10.62
49,3,22,450,2012,10.62
49,3,22,450,2013,11.12
49,3,22,450,2014,11.29
49,3,22,450,2015,11.52
49,3,22,450,2016,11.67
50,1,22,450,1990,2.27
50,1,22,450,1991,2.29
50,1,22,450,1992,2.33
50,1,22,450,1993,2.37
50,1,22,450,1994,2.39
50,1,22,450,1995,2.41
50,1,22,450,1996,2.43
50,1,22,450,1997,2.44
50,1,22,450,1998,2.54
50,1,22,450,1999,2.56
50,1,22,450,2000,2.62
50,1,22,450,2001,2.65
50,1,22,450,2002,2.7
50,1,22,450,2003,2.76
50,1,22,450,2004,2.83
50,1,22,450,2005,2.88
50,1,22,450,2006,2.9
50,1,22,450,2007,2.93
50,1,22,450,2008,2.96
50,1,22,450,2009,2.99
50,1,22,450,2010,3.08
50,1,22,450,2011,3.14
50,1,22,450,2012,3.23
50,1,22,450,2013,3.25
50,1,22,450,2014,3.34
50,1,22,450,2015,3.45
50,1,22,450,2016,3.45
50,2,22,450,1990,0.2
50,2,22,450,1991,0.21
50,2,22,450,1992,0.21
50,2,22,450,1993,0.21
50,2,22,450,1994,0.21
50,2,22,450,1995,0.21
50,2,22,450,1996,0.22
50,2,22,450,1997,0.22
50,2,22,450,1998,0.23
50,2,22,450,1999,0.23
50,2,22,450,2000,0.24
50,2,22,450,2001,0.24
50,2,22,450,2002,0.25
50,2,22,450,2003,0.26
50,2,22,450,2004,0.26
50,2,22,450,2005,0.27
50,2,22,450,2006,0.27
50,2,22,450,2007,0.27
50,2,22,450,2008,0.28
50,2,22,450,2009,0.28
50,2,22,450,2010,0.29
50,2,22,450,2011,0.3
50,2,22,450,2012,0.3
50,2,22,450,2013,0.31
50,2,22,450,2014,0.31
50,2,22,450,2015,0.31
50,2,22,450,2016,0.32
50,3,22,450,1990,2.47
50,3,22,450,1991,2.5
50,3,22,450,1992,2.54
50,3,22,450,1993,2.58
50,3,22,450,1994,2.6
50,3,22,450,1995,2.62
50,3,22,450,1996,2.65
50,3,22,450,1997,2.67
50,3,22,450,1998,2.77
50,3,22,450,1999,2.8
50,3,22,450,2000,2.85
50,3,22,450,2001,2.89
50,3,22,450,2002,2.94
50,3,22,450,2003,3.02
50,3,22,450,2004,3.09
50,3,22,450,2005,3.14
50,3,22,450,2006,3.17
50,3,22,450,2007,3.21
50,3,22,450,2008,3.24
50,3,22,450,2009,3.28
50,3,22,450,2010,3.37
50,3,22,450,2011,3.44
50,3,22,450,2012,3.54
50,3,22,450,2013,3.56
50,3,22,450,2014,3.65
50,3,22,450,2015,3.76
50,3,22,450,2016,3.77
51,1,22,450,1990,205.71
51,1,22,450,1991,210.73
51,1,22,450,1992,217.09
51,1,22,450,1993,222.01
51,1,22,450,1994,231.86
51,1,22,450,1995,236.7
51,1,22,450,1996,241.67
51,1,22,450,1997,245.01
51,1,22,450,1998,253.02
51,1,22,450,1999,261.44
51,1,22,450,2000,271.19
51,1,22,450,2001,282.35
51,1,22,450,2002,290.93
51,1,22,450,2003,301.33
51,1,22,450,2004,312.6
51,1,22,450,2005,327.23
51,1,22,450,2006,339.41
51,1,22,450,2007,356.45
51,1,22,450,2008,371.36
51,1,22,450,2009,384.01
51,1,22,450,2010,398.92
51,1,22,450,2011,415.12
51,1,22,450,2012,440.25
51,1,22,450,2013,455.57
51,1,22,450,2014,469.91
51,1,22,450,2015,482.51
51,1,22,450,2016,499.28
51,2,22,450,1990,35.27
51,2,22,450,1991,36.03
51,2,22,450,1992,37.37
51,2,22,450,1993,38.7
51,2,22,450,1994,39.59
51,2,22,450,1995,42.22
51,2,22,450,1996,42.95
51,2,22,450,1997,43.62
51,2,22,450,1998,44.01
51,2,22,450,1999,46.46
51,2,22,450,2000,48.07
51,2,22,450,2001,50.27
51,2,22,450,2002,52.39
51,2,22,450,2003,55.24
51,2,22,450,2004,59.24
51,2,22,450,2005,63.65
51,2,22,450,2006,68.45
51,2,22,450,2007,72.84
51,2,22,450,2008,77.12
51,2,22,450,2009,80.45
51,2,22,450,2010,82.02
51,2,22,450,2011,85.65
51,2,22,450,2012,92.98
51,2,22,450,2013,96.62
51,2,22,450,2014,98.25
51,2,22,450,2015,96.15
51,2,22,450,2016,97.44
51,3,22,450,1990,240.98
51,3,22,450,1991,246.76
51,3,22,450,1992,254.46
51,3,22,450,1993,260.71
51,3,22,450,1994,271.46
51,3,22,450,1995,278.92
51,3,22,450,1996,284.61
51,3,22,450,1997,288.63
51,3,22,450,1998,297.03
51,3,22,450,1999,307.9
51,3,22,450,2000,319.26
51,3,22,450,2001,332.62
51,3,22,450,2002,343.32
51,3,22,450,2003,356.57
51,3,22,450,2004,371.84
51,3,22,450,2005,390.88
51,3,22,450,2006,407.85
51,3,22,450,2007,429.29
51,3,22,450,2008,448.48
51,3,22,450,2009,464.46
51,3,22,450,2010,480.94
51,3,22,450,2011,500.78
51,3,22,450,2012,533.23
51,3,22,450,2013,552.19
51,3,22,450,2014,568.16
51,3,22,450,2015,578.66
51,3,22,450,2016,596.72
52,1,22,450,1990,148.72
52,1,22,450,1991,154.8
52,1,22,450,1992,161.74
52,1,22,450,1993,168.84
52,1,22,450,1994,174.91
52,1,22,450,1995,183.57
52,1,22,450,1996,192.73
52,1,22,450,1997,204.4
52,1,22,450,1998,215.23
52,1,22,450,1999,230.3
52,1,22,450,2000,246.47
52,1,22,450,2001,258.84
52,1,22,450,2002,271.28
52,1,22,450,2003,276.29
52,1,22,450,2004,287.77
52,1,22,450,2005,302.69
52,1,22,450,2006,321.2
52,1,22,450,2007,331.92
52,1,22,450,2008,355.35
52,1,22,450,2009,368.53
52,1,22,450,2010,383.33
52,1,22,450,2011,386.33
52,1,22,450,2012,402.98
52,1,22,450,2013,413.16
52,1,22,450,2014,426.85
52,1,22,450,2015,432.14
52,1,22,450,2016,435.43
52,2,22,450,1990,25.03
52,2,22,450,1991,25.49
52,2,22,450,1992,26.04
52,2,22,450,1993,26.48
52,2,22,450,1994,27.77
52,2,22,450,1995,28.83
52,2,22,450,1996,30.31
52,2,22,450,1997,31.14
52,2,22,450,1998,31.22
52,2,22,450,1999,30.18
52,2,22,450,2000,30.81
52,2,22,450,2001,31.75
52,2,22,450,2002,30.53
52,2,22,450,2003,31.09
52,2,22,450,2004,31.59
52,2,22,450,2005,32.5
52,2,22,450,2006,33.54
52,2,22,450,2007,33.66
52,2,22,450,2008,35.1
52,2,22,450,2009,36.48
52,2,22,450,2010,38.41
52,2,22,450,2011,38.49
52,2,22,450,2012,41.43
52,2,22,450,2013,43.94
52,2,22,450,2014,45.43
52,2,22,450,2015,46.34
52,2,22,450,2016,45.65
52,3,22,450,1990,173.75
52,3,22,450,1991,180.3
52,3,22,450,1992,187.78
52,3,22,450,1993,195.32
52,3,22,450,1994,202.67
52,3,22,450,1995,212.4
52,3,22,450,1996,223.03
52,3,22,450,1997,235.54
52,3,22,450,1998,246.45
52,3,22,450,1999,260.49
52,3,22,450,2000,277.28
52,3,22,450,2001,290.59
52,3,22,450,2002,301.81
52,3,22,450,2003,307.37
52,3,22,450,2004,319.36
52,3,22,450,2005,335.19
52,3,22,450,2006,354.74
52,3,22,450,2007,365.57
52,3,22,450,2008,390.46
52,3,22,450,2009,405.01
52,3,22,450,2010,421.73
52,3,22,450,2011,424.82
52,3,22,450,2012,444.41
52,3,22,450,2013,457.1
52,3,22,450,2014,472.28
52,3,22,450,2015,478.49
52,3,22,450,2016,481.08
53,1,22,450,1990,88.75
53,1,22,450,1991,90.72
53,1,22,450,1992,92.52
53,1,22,450,1993,94.18
53,1,22,450,1994,95
53,1,22,450,1995,96.68
53,1,22,450,1996,97.79
53,1,22,450,1997,99.17
53,1,22,450,1998,98.71
53,1,22,450,1999,99.17
53,1,22,450,2000,99.17
53,1,22,450,2001,98.85
53,1,22,450,2002,99.68
53,1,22,450,2003,101.21
53,1,22,450,2004,102.99
53,1,22,450,2005,104.2
53,1,22,450,2006,106.29
53,1,22,450,2007,108.85
53,1,22,450,2008,111.48
53,1,22,450,2009,114.88
53,1,22,450,2010,116.63
53,1,22,450,2011,118.21
53,1,22,450,2012,118.49
53,1,22,450,2013,118.65
53,1,22,450,2014,120.53
53,1,22,450,2015,119.22
53,1,22,450,2016,118.14
53,2,22,450,1990,12.67
53,2,22,450,1991,12.95
53,2,22,450,1992,13.3
53,2,22,450,1993,13.59
53,2,22,450,1994,13.92
53,2,22,450,1995,14.26
53,2,22,450,1996,14.5
53,2,22,450,1997,14.63
53,2,22,450,1998,14.75
53,2,22,450,1999,15.03
53,2,22,450,2000,15.14
53,2,22,450,2001,15.27
53,2,22,450,2002,15.97
53,2,22,450,2003,16.3
53,2,22,450,2004,16.64
53,2,22,450,2005,16.74
53,2,22,450,2006,16.91
53,2,22,450,2007,16.99
53,2,22,450,2008,17.36
53,2,22,450,2009,17.67
53,2,22,450,2010,18.16
53,2,22,450,2011,18.19
53,2,22,450,2012,18.18
53,2,22,450,2013,18.04
53,2,22,450,2014,18.2
53,2,22,450,2015,18.28
53,2,22,450,2016,18.14
53,3,22,450,1990,101.42
53,3,22,450,1991,103.67
53,3,22,450,1992,105.83
53,3,22,450,1993,107.77
53,3,22,450,1994,108.92
53,3,22,450,1995,110.94
53,3,22,450,1996,112.28
53,3,22,450,1997,113.8
53,3,22,450,1998,113.45
53,3,22,450,1999,114.19
53,3,22,450,2000,114.31
53,3,22,450,2001,114.12
53,3,22,450,2002,115.65
53,3,22,450,2003,117.51
53,3,22,450,2004,119.63
53,3,22,450,2005,120.94
53,3,22,450,2006,123.2
53,3,22,450,2007,125.84
53,3,22,450,2008,128.84
53,3,22,450,2009,132.55
53,3,22,450,2010,134.79
53,3,22,450,2011,136.4
53,3,22,450,2012,136.67
53,3,22,450,2013,136.69
53,3,22,450,2014,138.72
53,3,22,450,2015,137.5
53,3,22,450,2016,136.29
54,1,22,450,1990,74.31
54,1,22,450,1991,77.62
54,1,22,450,1992,81.67
54,1,22,450,1993,82.97
54,1,22,450,1994,87.66
54,1,22,450,1995,92.36
54,1,22,450,1996,92.97
54,1,22,450,1997,100.93
54,1,22,450,1998,103.76
54,1,22,450,1999,106.95
54,1,22,450,2000,107.95
54,1,22,450,2001,110.72
54,1,22,450,2002,110.58
54,1,22,450,2003,114.64
54,1,22,450,2004,115.32
54,1,22,450,2005,120.81
54,1,22,450,2006,123.7
54,1,22,450,2007,128.69
54,1,22,450,2008,130.47
54,1,22,450,2009,131.45
54,1,22,450,2010,132.84
54,1,22,450,2011,133.09
54,1,22,450,2012,138.06
54,1,22,450,2013,137.69
54,1,22,450,2014,135.39
54,1,22,450,2015,138.22
54,1,22,450,2016,139.58
54,2,22,450,1990,6.41
54,2,22,450,1991,6.65
54,2,22,450,1992,6.73
54,2,22,450,1993,7.14
54,2,22,450,1994,7.59
54,2,22,450,1995,8.17
54,2,22,450,1996,8.38
54,2,22,450,1997,8.72
54,2,22,450,1998,8.68
54,2,22,450,1999,8.43
54,2,22,450,2000,8.45
54,2,22,450,2001,8.73
54,2,22,450,2002,8.78
54,2,22,450,2003,9.19
54,2,22,450,2004,9.6
54,2,22,450,2005,10.39
54,2,22,450,2006,10.98
54,2,22,450,2007,11.77
54,2,22,450,2008,12.42
54,2,22,450,2009,13.38
54,2,22,450,2010,13.86
54,2,22,450,2011,14.49
54,2,22,450,2012,15.16
54,2,22,450,2013,15.47
54,2,22,450,2014,15.63
54,2,22,450,2015,15.6
54,2,22,450,2016,16.04
54,3,22,450,1990,80.72
54,3,22,450,1991,84.27
54,3,22,450,1992,88.4
54,3,22,450,1993,90.11
54,3,22,450,1994,95.25
54,3,22,450,1995,100.52
54,3,22,450,1996,101.35
54,3,22,450,1997,109.65
54,3,22,450,1998,112.44
54,3,22,450,1999,115.37
54,3,22,450,2000,116.4
54,3,22,450,2001,119.45
54,3,22,450,2002,119.36
54,3,22,450,2003,123.83
54,3,22,450,2004,124.91
54,3,22,450,2005,131.2
54,3,22,450,2006,134.67
54,3,22,450,2007,140.45
54,3,22,450,2008,142.88
54,3,22,450,2009,144.83
54,3,22,450,2010,146.7
54,3,22,450,2011,147.58
54,3,22,450,2012,153.22
54,3,22,450,2013,153.16
54,3,22,450,2014,151.02
54,3,22,450,2015,153.82
54,3,22,450,2016,155.62
55,1,22,450,1990,33.57
55,1,22,450,1991,34.01
55,1,22,450,1992,34.35
55,1,22,450,1993,35.78
55,1,22,450,1994,35.35
55,1,22,450,1995,36.89
55,1,22,450,1996,38.04
55,1,22,450,1997,38.56
55,1,22,450,1998,38.9
55,1,22,450,1999,39.61
55,1,22,450,2000,39
55,1,22,450,2001,40.35
55,1,22,450,2002,40.5
55,1,22,450,2003,42.09
55,1,22,450,2004,44.14
55,1,22,450,2005,45.91
55,1,22,450,2006,47.08
55,1,22,450,2007,49.06
55,1,22,450,2008,50.75
55,1,22,450,2009,52.42
55,1,22,450,2010,53.81
55,1,22,450,2011,55.57
55,1,22,450,2012,55.43
55,1,22,450,2013,56.66
55,1,22,450,2014,57.53
55,1,22,450,2015,60.16
55,1,22,450,2016,59.99
55,2,22,450,1990,2.5
55,2,22,450,1991,2.7
55,2,22,450,1992,2.74
55,2,22,450,1993,2.87
55,2,22,450,1994,2.87
55,2,22,450,1995,2.87
55,2,22,450,1996,3.13
55,2,22,450,1997,3.08
55,2,22,450,1998,3.29
55,2,22,450,1999,3.68
55,2,22,450,2000,3.99
55,2,22,450,2001,4.29
55,2,22,450,2002,4.7
55,2,22,450,2003,5.12
55,2,22,450,2004,5.44
55,2,22,450,2005,5.54
55,2,22,450,2006,5.87
55,2,22,450,2007,6.2
55,2,22,450,2008,6.66
55,2,22,450,2009,6.87
55,2,22,450,2010,6.96
55,2,22,450,2011,6.74
55,2,22,450,2012,7.08
55,2,22,450,2013,7.06
55,2,22,450,2014,6.37
55,2,22,450,2015,6.81
55,2,22,450,2016,6.92
55,3,22,450,1990,36.07
55,3,22,450,1991,36.71
55,3,22,450,1992,37.09
55,3,22,450,1993,38.65
55,3,22,450,1994,38.22
55,3,22,450,1995,39.76
55,3,22,450,1996,41.17
55,3,22,450,1997,41.64
55,3,22,450,1998,42.19
55,3,22,450,1999,43.29
55,3,22,450,2000,42.99
55,3,22,450,2001,44.65
55,3,22,450,2002,45.21
55,3,22,450,2003,47.21
55,3,22,450,2004,49.58
55,3,22,450,2005,51.45
55,3,22,450,2006,52.95
55,3,22,450,2007,55.26
55,3,22,450,2008,57.41
55,3,22,450,2009,59.29
55,3,22,450,2010,60.77
55,3,22,450,2011,62.31
55,3,22,450,2012,62.52
55,3,22,450,2013,63.72
55,3,22,450,2014,63.9
55,3,22,450,2015,66.98
55,3,22,450,2016,66.91
57,1,22,450,1990,111.29
57,1,22,450,1991,113.41
57,1,22,450,1992,111.49
57,1,22,450,1993,112.74
57,1,22,450,1994,113.88
57,1,22,450,1995,113.03
57,1,22,450,1996,111.05
57,1,22,450,1997,109.77
57,1,22,450,1998,108.98
57,1,22,450,1999,108.58
57,1,22,450,2000,111.25
57,1,22,450,2001,111.88
57,1,22,450,2002,111.59
57,1,22,450,2003,116.88
57,1,22,450,2004,118.64
57,1,22,450,2005,124.25
57,1,22,450,2006,129.78
57,1,22,450,2007,132.98
57,1,22,450,2008,142.81
57,1,22,450,2009,145.74
57,1,22,450,2010,148.41
57,1,22,450,2011,150.72
57,1,22,450,2012,158.54
57,1,22,450,2013,162.29
57,1,22,450,2014,168.57
57,1,22,450,2015,176.05
57,1,22,450,2016,180.44
57,2,22,450,1990,8.93
57,2,22,450,1991,9.09
57,2,22,450,1992,9.31
57,2,22,450,1993,9.59
57,2,22,450,1994,9.65
57,2,22,450,1995,9.65
57,2,22,450,1996,9.48
57,2,22,450,1997,9.4
57,2,22,450,1998,9.35
57,2,22,450,1999,9.35
57,2,22,450,2000,9.26
57,2,22,450,2001,9.37
57,2,22,450,2002,9.57
57,2,22,450,2003,9.6
57,2,22,450,2004,9.75
57,2,22,450,2005,9.95
57,2,22,450,2006,10.07
57,2,22,450,2007,10.29
57,2,22,450,2008,10.2
57,2,22,450,2009,10.5
57,2,22,450,2010,10.82
57,2,22,450,2011,11.26
57,2,22,450,2012,11.19
57,2,22,450,2013,11.38
57,2,22,450,2014,11.9
57,2,22,450,2015,11.86
57,2,22,450,2016,12.09
57,3,22,450,1990,120.23
57,3,22,450,1991,122.5
57,3,22,450,1992,120.8
57,3,22,450,1993,122.32
57,3,22,450,1994,123.54
57,3,22,450,1995,122.69
57,3,22,450,1996,120.53
57,3,22,450,1997,119.17
57,3,22,450,1998,118.33
57,3,22,450,1999,117.94
57,3,22,450,2000,120.51
57,3,22,450,2001,121.25
57,3,22,450,2002,121.16
57,3,22,450,2003,126.48
57,3,22,450,2004,128.39
57,3,22,450,2005,134.2
57,3,22,450,2006,139.84
57,3,22,450,2007,143.26
57,3,22,450,2008,153.01
57,3,22,450,2009,156.24
57,3,22,450,2010,159.22
57,3,22,450,2011,161.98
57,3,22,450,2012,169.72
57,3,22,450,2013,173.66
57,3,22,450,2014,180.48
57,3,22,450,2015,187.92
57,3,22,450,2016,192.53
58,1,22,450,1990,12.07
58,1,22,450,1991,12.74
58,1,22,450,1992,13.32
58,1,22,450,1993,13.83
58,1,22,450,1994,14.06
58,1,22,450,1995,14.2
58,1,22,450,1996,14.55
58,1,22,450,1997,14.19
58,1,22,450,1998,14.7
58,1,22,450,1999,15.04
58,1,22,450,2000,15.64
58,1,22,450,2001,16.48
58,1,22,450,2002,16.1
58,1,22,450,2003,16.26
58,1,22,450,2004,16.87
58,1,22,450,2005,18.03
58,1,22,450,2006,18.05
58,1,22,450,2007,18.57
58,1,22,450,2008,18.83
58,1,22,450,2009,19.29
58,1,22,450,2010,20.63
58,1,22,450,2011,20.56
58,1,22,450,2012,21.46
58,1,22,450,2013,21.99
58,1,22,450,2014,22.7
58,1,22,450,2015,23.42
58,1,22,450,2016,24
58,2,22,450,1990,1.49
58,2,22,450,1991,1.59
58,2,22,450,1992,1.59
58,2,22,450,1993,1.68
58,2,22,450,1994,1.8
58,2,22,450,1995,1.87
58,2,22,450,1996,1.75
58,2,22,450,1997,1.72
58,2,22,450,1998,1.89
58,2,22,450,1999,1.73
58,2,22,450,2000,1.78
58,2,22,450,2001,1.71
58,2,22,450,2002,1.41
58,2,22,450,2003,1.42
58,2,22,450,2004,1.31
58,2,22,450,2005,1.33
58,2,22,450,2006,1.42
58,2,22,450,2007,1.53
58,2,22,450,2008,1.58
58,2,22,450,2009,1.76
58,2,22,450,2010,1.93
58,2,22,450,2011,2.04
58,2,22,450,2012,1.92
58,2,22,450,2013,2.28
58,2,22,450,2014,2.18
58,2,22,450,2015,2.15
58,2,22,450,2016,2.16
58,3,22,450,1990,13.56
58,3,22,450,1991,14.32
58,3,22,450,1992,14.91
58,3,22,450,1993,15.51
58,3,22,450,1994,15.86
58,3,22,450,1995,16.07
58,3,22,450,1996,16.3
58,3,22,450,1997,15.91
58,3,22,450,1998,16.59
58,3,22,450,1999,16.78
58,3,22,450,2000,17.42
58,3,22,450,2001,18.19
58,3,22,450,2002,17.51
58,3,22,450,2003,17.68
58,3,22,450,2004,18.18
58,3,22,450,2005,19.36
58,3,22,450,2006,19.46
58,3,22,450,2007,20.1
58,3,22,450,2008,20.41
58,3,22,450,2009,21.05
58,3,22,450,2010,22.56
58,3,22,450,2011,22.6
58,3,22,450,2012,23.38
58,3,22,450,2013,24.27
58,3,22,450,2014,24.89
58,3,22,450,2015,25.57
58,3,22,450,2016,26.15
59,1,22,450,1990,16.81
59,1,22,450,1991,17.08
59,1,22,450,1992,17.52
59,1,22,450,1993,17.62
59,1,22,450,1994,17.3
59,1,22,450,1995,16.87
59,1,22,450,1996,16.49
59,1,22,450,1997,15.87
59,1,22,450,1998,16.81
59,1,22,450,1999,17.27
59,1,22,450,2000,17.4
59,1,22,450,2001,18.39
59,1,22,450,2002,19.15
59,1,22,450,2003,20.79
59,1,22,450,2004,21.37
59,1,22,450,2005,21.81
59,1,22,450,2006,23.03
59,1,22,450,2007,25.08
59,1,22,450,2008,26.25
59,1,22,450,2009,27.28
59,1,22,450,2010,28.35
59,1,22,450,2011,30.17
59,1,22,450,2012,31.88
59,1,22,450,2013,33.01
59,1,22,450,2014,33.56
59,1,22,450,2015,32.94
59,1,22,450,2016,32.92
59,2,22,450,1990,2.17
59,2,22,450,1991,2.22
59,2,22,450,1992,2.36
59,2,22,450,1993,2.52
59,2,22,450,1994,2.66
59,2,22,450,1995,2.55
59,2,22,450,1996,2.42
59,2,22,450,1997,2.39
59,2,22,450,1998,2.23
59,2,22,450,1999,2.21
59,2,22,450,2000,2.13
59,2,22,450,2001,2.23
59,2,22,450,2002,2.14
59,2,22,450,2003,2.14
59,2,22,450,2004,2.47
59,2,22,450,2005,2.57
59,2,22,450,2006,2.81
59,2,22,450,2007,2.94
59,2,22,450,2008,3.18
59,2,22,450,2009,3.44
59,2,22,450,2010,3.63
59,2,22,450,2011,3.78
59,2,22,450,2012,3.63
59,2,22,450,2013,3.52
59,2,22,450,2014,3.43
59,2,22,450,2015,3.39
59,2,22,450,2016,3.39
59,3,22,450,1990,18.98
59,3,22,450,1991,19.3
59,3,22,450,1992,19.88
59,3,22,450,1993,20.14
59,3,22,450,1994,19.96
59,3,22,450,1995,19.42
59,3,22,450,1996,18.91
59,3,22,450,1997,18.26
59,3,22,450,1998,19.04
59,3,22,450,1999,19.49
59,3,22,450,2000,19.53
59,3,22,450,2001,20.62
59,3,22,450,2002,21.29
59,3,22,450,2003,22.93
59,3,22,450,2004,23.84
59,3,22,450,2005,24.38
59,3,22,450,2006,25.84
59,3,22,450,2007,28.02
59,3,22,450,2008,29.43
59,3,22,450,2009,30.72
59,3,22,450,2010,31.98
59,3,22,450,2011,33.95
59,3,22,450,2012,35.51
59,3,22,450,2013,36.53
59,3,22,450,2014,36.99
59,3,22,450,2015,36.33
59,3,22,450,2016,36.31
60,1,22,450,1990,24
60,1,22,450,1991,25.36
60,1,22,450,1992,26.81
60,1,22,450,1993,28.42
60,1,22,450,1994,29.61
60,1,22,450,1995,31.2
60,1,22,450,1996,32.47
60,1,22,450,1997,35.41
60,1,22,450,1998,36.95
60,1,22,450,1999,39.79
60,1,22,450,2000,41.24
60,1,22,450,2001,42.41
60,1,22,450,2002,44.24
60,1,22,450,2003,44.52
60,1,22,450,2004,44.81
60,1,22,450,2005,43.97
60,1,22,450,2006,41.8
60,1,22,450,2007,41.82
60,1,22,450,2008,42.33
60,1,22,450,2009,43.11
60,1,22,450,2010,43.73
60,1,22,450,2011,45.95
60,1,22,450,2012,47.93
60,1,22,450,2013,51.05
60,1,22,450,2014,53.04
60,1,22,450,2015,55.51
60,1,22,450,2016,56.28
60,2,22,450,1990,3.02
60,2,22,450,1991,3.12
60,2,22,450,1992,3.24
60,2,22,450,1993,3.53
60,2,22,450,1994,3.54
60,2,22,450,1995,3.78
60,2,22,450,1996,3.67
60,2,22,450,1997,3.38
60,2,22,450,1998,3.39
60,2,22,450,1999,3.63
60,2,22,450,2000,3.69
60,2,22,450,2001,3.61
60,2,22,450,2002,3.54
60,2,22,450,2003,3.51
60,2,22,450,2004,3.67
60,2,22,450,2005,3.7
60,2,22,450,2006,3.79
60,2,22,450,2007,3.88
60,2,22,450,2008,3.65
60,2,22,450,2009,3.65
60,2,22,450,2010,3.84
60,2,22,450,2011,4.05
60,2,22,450,2012,4.43
60,2,22,450,2013,4.73
60,2,22,450,2014,4.71
60,2,22,450,2015,4.82
60,2,22,450,2016,4.76
60,3,22,450,1990,27.02
60,3,22,450,1991,28.49
60,3,22,450,1992,30.05
60,3,22,450,1993,31.95
60,3,22,450,1994,33.16
60,3,22,450,1995,34.98
60,3,22,450,1996,36.14
60,3,22,450,1997,38.79
60,3,22,450,1998,40.33
60,3,22,450,1999,43.42
60,3,22,450,2000,44.93
60,3,22,450,2001,46.02
60,3,22,450,2002,47.79
60,3,22,450,2003,48.03
60,3,22,450,2004,48.48
60,3,22,450,2005,47.67
60,3,22,450,2006,45.6
60,3,22,450,2007,45.7
60,3,22,450,2008,45.98
60,3,22,450,2009,46.76
60,3,22,450,2010,47.57
60,3,22,450,2011,50
60,3,22,450,2012,52.37
60,3,22,450,2013,55.78
60,3,22,450,2014,57.75
60,3,22,450,2015,60.32
60,3,22,450,2016,61.04
61,1,22,450,1990,37.11
61,1,22,450,1991,37.2
61,1,22,450,1992,37.48
61,1,22,450,1993,37.39
61,1,22,450,1994,37.66
61,1,22,450,1995,37.44
61,1,22,450,1996,36.2
61,1,22,450,1997,34.02
61,1,22,450,1998,34.09
61,1,22,450,1999,33.28
61,1,22,450,2000,32.46
61,1,22,450,2001,31.89
61,1,22,450,2002,32.71
61,1,22,450,2003,35.54
61,1,22,450,2004,37.01
61,1,22,450,2005,40.2
61,1,22,450,2006,42.01
61,1,22,450,2007,43.8
61,1,22,450,2008,46.43
61,1,22,450,2009,47.3
61,1,22,450,2010,50.06
61,1,22,450,2011,51.12
61,1,22,450,2012,53.08
61,1,22,450,2013,54.39
61,1,22,450,2014,56.92
61,1,22,450,2015,60.26
61,1,22,450,2016,60.75
61,2,22,450,1990,3.2
61,2,22,450,1991,3.54
61,2,22,450,1992,3.28
61,2,22,450,1993,3.05
61,2,22,450,1994,3.36
61,2,22,450,1995,3.16
61,2,22,450,1996,2.61
61,2,22,450,1997,2.22
61,2,22,450,1998,2.15
61,2,22,450,1999,1.96
61,2,22,450,2000,1.67
61,2,22,450,2001,1.69
61,2,22,450,2002,1.55
61,2,22,450,2003,1.53
61,2,22,450,2004,1.6
61,2,22,450,2005,1.92
61,2,22,450,2006,2.18
61,2,22,450,2007,2.25
61,2,22,450,2008,2.18
61,2,22,450,2009,2.25
61,2,22,450,2010,2.33
61,2,22,450,2011,2.39
61,2,22,450,2012,2.62
61,2,22,450,2013,2.66
61,2,22,450,2014,2.85
61,2,22,450,2015,2.94
61,2,22,450,2016,2.92
61,3,22,450,1990,40.32
61,3,22,450,1991,40.73
61,3,22,450,1992,40.76
61,3,22,450,1993,40.43
61,3,22,450,1994,41.03
61,3,22,450,1995,40.59
61,3,22,450,1996,38.81
61,3,22,450,1997,36.24
61,3,22,450,1998,36.24
61,3,22,450,1999,35.24
61,3,22,450,2000,34.13
61,3,22,450,2001,33.58
61,3,22,450,2002,34.26
61,3,22,450,2003,37.06
61,3,22,450,2004,38.61
61,3,22,450,2005,42.13
61,3,22,450,2006,44.18
61,3,22,450,2007,46.04
61,3,22,450,2008,48.61
61,3,22,450,2009,49.55
61,3,22,450,2010,52.39
61,3,22,450,2011,53.51
61,3,22,450,2012,55.7
61,3,22,450,2013,57.05
61,3,22,450,2014,59.77
61,3,22,450,2015,63.21
61,3,22,450,2016,63.67
62,1,22,450,1990,1188.02
62,1,22,450,1991,1255.08
62,1,22,450,1992,1305.92
62,1,22,450,1993,1331.29
62,1,22,450,1994,1341.62
62,1,22,450,1995,1320.46
62,1,22,450,1996,1312.41
62,1,22,450,1997,1304.96
62,1,22,450,1998,1308.26
62,1,22,450,1999,1355.31
62,1,22,450,2000,1371.24
62,1,22,450,2001,1349.94
62,1,22,450,2002,1371.8
62,1,22,450,2003,1374.88
62,1,22,450,2004,1410.53
62,1,22,450,2005,1428.83
62,1,22,450,2006,1467.61
62,1,22,450,2007,1522.54
62,1,22,450,2008,1571.84
62,1,22,450,2009,1588.03
62,1,22,450,2010,1645.76
62,1,22,450,2011,1710
62,1,22,450,2012,1748.19
62,1,22,450,2013,1795.36
62,1,22,450,2014,1823.61
62,1,22,450,2015,1887.32
62,1,22,450,2016,1973.95
62,2,22,450,1990,163.12
62,2,22,450,1991,168.51
62,2,22,450,1992,177.67
62,2,22,450,1993,189.56
62,2,22,450,1994,197.92
62,2,22,450,1995,192.24
62,2,22,450,1996,184.69
62,2,22,450,1997,177.81
62,2,22,450,1998,172.85
62,2,22,450,1999,177.04
62,2,22,450,2000,178.17
62,2,22,450,2001,171.33
62,2,22,450,2002,176.99
62,2,22,450,2003,180.26
62,2,22,450,2004,179.38
62,2,22,450,2005,182.11
62,2,22,450,2006,183.59
62,2,22,450,2007,188.42
62,2,22,450,2008,198.57
62,2,22,450,2009,201.05
62,2,22,450,2010,211.97
62,2,22,450,2011,217.61
62,2,22,450,2012,222.76
62,2,22,450,2013,229.45
62,2,22,450,2014,237.18
62,2,22,450,2015,239.39
62,2,22,450,2016,247.21
62,3,22,450,1990,1351.14
62,3,22,450,1991,1423.59
62,3,22,450,1992,1483.59
62,3,22,450,1993,1520.85
62,3,22,450,1994,1539.54
62,3,22,450,1995,1512.7
62,3,22,450,1996,1497.1
62,3,22,450,1997,1482.77
62,3,22,450,1998,1481.11
62,3,22,450,1999,1532.34
62,3,22,450,2000,1549.42
62,3,22,450,2001,1521.27
62,3,22,450,2002,1548.78
62,3,22,450,2003,1555.15
62,3,22,450,2004,1589.91
62,3,22,450,2005,1610.94
62,3,22,450,2006,1651.21
62,3,22,450,2007,1710.96
62,3,22,450,2008,1770.41
62,3,22,450,2009,1789.08
62,3,22,450,2010,1857.73
62,3,22,450,2011,1927.6
62,3,22,450,2012,1970.95
62,3,22,450,2013,2024.81
62,3,22,450,2014,2060.79
62,3,22,450,2015,2126.71
62,3,22,450,2016,2221.16
63,1,22,450,1990,590.75
63,1,22,450,1991,606.91
63,1,22,450,1992,604.9
63,1,22,450,1993,618.9
63,1,22,450,1994,606.51
63,1,22,450,1995,595.02
63,1,22,450,1996,584.05
63,1,22,450,1997,568.92
63,1,22,450,1998,552.77
63,1,22,450,1999,543.34
63,1,22,450,2000,542.22
63,1,22,450,2001,542.37
63,1,22,450,2002,550.13
63,1,22,450,2003,560.51
63,1,22,450,2004,574.92
63,1,22,450,2005,589.16
63,1,22,450,2006,603.97
63,1,22,450,2007,614.13
63,1,22,450,2008,635.61
63,1,22,450,2009,640.12
63,1,22,450,2010,649.93
63,1,22,450,2011,671.14
63,1,22,450,2012,681.4
63,1,22,450,2013,697.06
63,1,22,450,2014,695.74
63,1,22,450,2015,719.92
63,1,22,450,2016,729.31
63,2,22,450,1990,56.38
63,2,22,450,1991,57.97
63,2,22,450,1992,59.49
63,2,22,450,1993,61.2
63,2,22,450,1994,61.75
63,2,22,450,1995,62.32
63,2,22,450,1996,60.22
63,2,22,450,1997,57.58
63,2,22,450,1998,54.61
63,2,22,450,1999,54.71
63,2,22,450,2000,54.67
63,2,22,450,2001,54.11
63,2,22,450,2002,54.37
63,2,22,450,2003,55.06
63,2,22,450,2004,56.27
63,2,22,450,2005,57.71
63,2,22,450,2006,58.11
63,2,22,450,2007,60.3
63,2,22,450,2008,62.37
63,2,22,450,2009,61.39
63,2,22,450,2010,61.16
63,2,22,450,2011,60.87
63,2,22,450,2012,63.13
63,2,22,450,2013,64.01
63,2,22,450,2014,64
63,2,22,450,2015,64.31
63,2,22,450,2016,65.39
63,3,22,450,1990,647.13
63,3,22,450,1991,664.88
63,3,22,450,1992,664.4
63,3,22,450,1993,680.1
63,3,22,450,1994,668.25
63,3,22,450,1995,657.34
63,3,22,450,1996,644.27
63,3,22,450,1997,626.5
63,3,22,450,1998,607.38
63,3,22,450,1999,598.04
63,3,22,450,2000,596.89
63,3,22,450,2001,596.49
63,3,22,450,2002,604.5
63,3,22,450,2003,615.57
63,3,22,450,2004,631.19
63,3,22,450,2005,646.86
63,3,22,450,2006,662.08
63,3,22,450,2007,674.43
63,3,22,450,2008,697.99
63,3,22,450,2009,701.51
63,3,22,450,2010,711.1
63,3,22,450,2011,732
63,3,22,450,2012,744.53
63,3,22,450,2013,761.06
63,3,22,450,2014,759.74
63,3,22,450,2015,784.23
63,3,22,450,2016,794.7
66,1,22,450,1990,0.62
66,1,22,450,1991,0.65
66,1,22,450,1992,0.68
66,1,22,450,1993,0.7
66,1,22,450,1994,0.73
66,1,22,450,1995,0.75
66,1,22,450,1996,0.76
66,1,22,450,1997,0.78
66,1,22,450,1998,0.8
66,1,22,450,1999,0.84
66,1,22,450,2000,0.9
66,1,22,450,2001,0.99
66,1,22,450,2002,1.09
66,1,22,450,2003,1.21
66,1,22,450,2004,1.34
66,1,22,450,2005,1.5
66,1,22,450,2006,1.66
66,1,22,450,2007,1.81
66,1,22,450,2008,1.96
66,1,22,450,2009,2.07
66,1,22,450,2010,2.19
66,1,22,450,2011,2.36
66,1,22,450,2012,2.53
66,1,22,450,2013,2.72
66,1,22,450,2014,2.88
66,1,22,450,2015,3.12
66,1,22,450,2016,3.3
66,2,22,450,1990,0.19
66,2,22,450,1991,0.2
66,2,22,450,1992,0.2
66,2,22,450,1993,0.21
66,2,22,450,1994,0.21
66,2,22,450,1995,0.22
66,2,22,450,1996,0.22
66,2,22,450,1997,0.23
66,2,22,450,1998,0.23
66,2,22,450,1999,0.25
66,2,22,450,2000,0.27
66,2,22,450,2001,0.3
66,2,22,450,2002,0.32
66,2,22,450,2003,0.35
66,2,22,450,2004,0.39
66,2,22,450,2005,0.42
66,2,22,450,2006,0.46
66,2,22,450,2007,0.49
66,2,22,450,2008,0.52
66,2,22,450,2009,0.56
66,2,22,450,2010,0.58
66,2,22,450,2011,0.62
66,2,22,450,2012,0.66
66,2,22,450,2013,0.69
66,2,22,450,2014,0.73
66,2,22,450,2015,0.76
66,2,22,450,2016,0.8
66,3,22,450,1990,0.81
66,3,22,450,1991,0.84
66,3,22,450,1992,0.88
66,3,22,450,1993,0.91
66,3,22,450,1994,0.94
66,3,22,450,1995,0.97
66,3,22,450,1996,0.99
66,3,22,450,1997,1.01
66,3,22,450,1998,1.04
66,3,22,450,1999,1.09
66,3,22,450,2000,1.18
66,3,22,450,2001,1.29
66,3,22,450,2002,1.41
66,3,22,450,2003,1.56
66,3,22,450,2004,1.73
66,3,22,450,2005,1.92
66,3,22,450,2006,2.11
66,3,22,450,2007,2.3
66,3,22,450,2008,2.49
66,3,22,450,2009,2.63
66,3,22,450,2010,2.77
66,3,22,450,2011,2.98
66,3,22,450,2012,3.2
66,3,22,450,2013,3.41
66,3,22,450,2014,3.61
66,3,22,450,2015,3.88
66,3,22,450,2016,4.1
67,1,22,450,1990,402.25
67,1,22,450,1991,443.97
67,1,22,450,1992,481.29
67,1,22,450,1993,522.74
67,1,22,450,1994,569.64
67,1,22,450,1995,620.62
67,1,22,450,1996,671.53
67,1,22,450,1997,729.39
67,1,22,450,1998,782.01
67,1,22,450,1999,834.73
67,1,22,450,2000,887.49
67,1,22,450,2001,944.08
67,1,22,450,2002,990.86
67,1,22,450,2003,1045.97
67,1,22,450,2004,1101.32
67,1,22,450,2005,1147.13
67,1,22,450,2006,1183.82
67,1,22,450,2007,1233.72
67,1,22,450,2008,1272.51
67,1,22,450,2009,1303.51
67,1,22,450,2010,1337.56
67,1,22,450,2011,1352.36
67,1,22,450,2012,1374.66
67,1,22,450,2013,1389.66
67,1,22,450,2014,1406.5
67,1,22,450,2015,1430.39
67,1,22,450,2016,1458.42
67,2,22,450,1990,74.27
67,2,22,450,1991,78.48
67,2,22,450,1992,81.29
67,2,22,450,1993,87.15
67,2,22,450,1994,89.58
67,2,22,450,1995,95.35
67,2,22,450,1996,101.27
67,2,22,450,1997,106.73
67,2,22,450,1998,113.03
67,2,22,450,1999,118.39
67,2,22,450,2000,124.96
67,2,22,450,2001,129.78
67,2,22,450,2002,136.71
67,2,22,450,2003,141.8
67,2,22,450,2004,146.46
67,2,22,450,2005,152.96
67,2,22,450,2006,157.69
67,2,22,450,2007,160.18
67,2,22,450,2008,167.19
67,2,22,450,2009,169.26
67,2,22,450,2010,169.58
67,2,22,450,2011,170.04
67,2,22,450,2012,172.22
67,2,22,450,2013,175.36
67,2,22,450,2014,174.6
67,2,22,450,2015,176.01
67,2,22,450,2016,178.08
67,3,22,450,1990,476.52
67,3,22,450,1991,522.45
67,3,22,450,1992,562.58
67,3,22,450,1993,609.88
67,3,22,450,1994,659.22
67,3,22,450,1995,715.96
67,3,22,450,1996,772.8
67,3,22,450,1997,836.12
67,3,22,450,1998,895.04
67,3,22,450,1999,953.12
67,3,22,450,2000,1012.45
67,3,22,450,2001,1073.85
67,3,22,450,2002,1127.57
67,3,22,450,2003,1187.77
67,3,22,450,2004,1247.78
67,3,22,450,2005,1300.09
67,3,22,450,2006,1341.51
67,3,22,450,2007,1393.9
67,3,22,450,2008,1439.7
67,3,22,450,2009,1472.76
67,3,22,450,2010,1507.14
67,3,22,450,2011,1522.4
67,3,22,450,2012,1546.88
67,3,22,450,2013,1565.02
67,3,22,450,2014,1581.1
67,3,22,450,2015,1606.4
67,3,22,450,2016,1636.49
68,1,22,450,1990,49.78
68,1,22,450,1991,53.26
68,1,22,450,1992,58.01
68,1,22,450,1993,62.57
68,1,22,450,1994,68.22
68,1,22,450,1995,74.68
68,1,22,450,1996,80.82
68,1,22,450,1997,85.94
68,1,22,450,1998,91.09
68,1,22,450,1999,101.47
68,1,22,450,2000,115.93
68,1,22,450,2001,130.05
68,1,22,450,2002,146.47
68,1,22,450,2003,162.52
68,1,22,450,2004,175.74
68,1,22,450,2005,189.53
68,1,22,450,2006,200.1
68,1,22,450,2007,210.41
68,1,22,450,2008,222.66
68,1,22,450,2009,230.42
68,1,22,450,2010,243.39
68,1,22,450,2011,255.03
68,1,22,450,2012,264.03
68,1,22,450,2013,272.57
68,1,22,450,2014,286.24
68,1,22,450,2015,303.15
68,1,22,450,2016,317.74
68,2,22,450,1990,12.41
68,2,22,450,1991,12.91
68,2,22,450,1992,13.54
68,2,22,450,1993,14.32
68,2,22,450,1994,15.13
68,2,22,450,1995,16
68,2,22,450,1996,16.76
68,2,22,450,1997,17.05
68,2,22,450,1998,16.91
68,2,22,450,1999,17.44
68,2,22,450,2000,17.94
68,2,22,450,2001,18.47
68,2,22,450,2002,19.24
68,2,22,450,2003,20
68,2,22,450,2004,20.47
68,2,22,450,2005,20.89
68,2,22,450,2006,21.31
68,2,22,450,2007,21.65
68,2,22,450,2008,22.27
68,2,22,450,2009,22.87
68,2,22,450,2010,23.64
68,2,22,450,2011,24.03
68,2,22,450,2012,24.77
68,2,22,450,2013,25.42
68,2,22,450,2014,26.37
68,2,22,450,2015,27.39
68,2,22,450,2016,28.43
68,3,22,450,1990,62.19
68,3,22,450,1991,66.18
68,3,22,450,1992,71.55
68,3,22,450,1993,76.88
68,3,22,450,1994,83.35
68,3,22,450,1995,90.68
68,3,22,450,1996,97.58
68,3,22,450,1997,102.99
68,3,22,450,1998,108
68,3,22,450,1999,118.91
68,3,22,450,2000,133.87
68,3,22,450,2001,148.52
68,3,22,450,2002,165.71
68,3,22,450,2003,182.52
68,3,22,450,2004,196.21
68,3,22,450,2005,210.42
68,3,22,450,2006,221.41
68,3,22,450,2007,232.06
68,3,22,450,2008,244.93
68,3,22,450,2009,253.29
68,3,22,450,2010,267.02
68,3,22,450,2011,279.07
68,3,22,450,2012,288.8
68,3,22,450,2013,297.99
68,3,22,450,2014,312.61
68,3,22,450,2015,330.54
68,3,22,450,2016,346.17
69,1,22,450,1990,9.31
69,1,22,450,1991,8.55
69,1,22,450,1992,8.72
69,1,22,450,1993,9.54
69,1,22,450,1994,10.2
69,1,22,450,1995,11.67
69,1,22,450,1996,10.91
69,1,22,450,1997,10.69
69,1,22,450,1998,10.91
69,1,22,450,1999,10.57
69,1,22,450,2000,10.95
69,1,22,450,2001,11.45
69,1,22,450,2002,11.41
69,1,22,450,2003,12.05
69,1,22,450,2004,12.37
69,1,22,450,2005,13.08
69,1,22,450,2006,13.35
69,1,22,450,2007,13.27
69,1,22,450,2008,14.06
69,1,22,450,2009,15.02
69,1,22,450,2010,15.44
69,1,22,450,2011,15.75
69,1,22,450,2012,16.06
69,1,22,450,2013,16.86
69,1,22,450,2014,17.62
69,1,22,450,2015,19.11
69,1,22,450,2016,19.63
69,2,22,450,1990,1.77
69,2,22,450,1991,1.6
69,2,22,450,1992,1.69
69,2,22,450,1993,1.79
69,2,22,450,1994,1.97
69,2,22,450,1995,2.27
69,2,22,450,1996,2.16
69,2,22,450,1997,1.98
69,2,22,450,1998,1.85
69,2,22,450,1999,1.9
69,2,22,450,2000,2.03
69,2,22,450,2001,1.94
69,2,22,450,2002,2.03
69,2,22,450,2003,2.03
69,2,22,450,2004,2.14
69,2,22,450,2005,2.19
69,2,22,450,2006,2.18
69,2,22,450,2007,2.22
69,2,22,450,2008,2.43
69,2,22,450,2009,2.47
69,2,22,450,2010,2.55
69,2,22,450,2011,2.42
69,2,22,450,2012,2.52
69,2,22,450,2013,2.63
69,2,22,450,2014,2.81
69,2,22,450,2015,2.9
69,2,22,450,2016,2.97
69,3,22,450,1990,11.07
69,3,22,450,1991,10.15
69,3,22,450,1992,10.41
69,3,22,450,1993,11.33
69,3,22,450,1994,12.17
69,3,22,450,1995,13.94
69,3,22,450,1996,13.07
69,3,22,450,1997,12.66
69,3,22,450,1998,12.76
69,3,22,450,1999,12.47
69,3,22,450,2000,12.98
69,3,22,450,2001,13.39
69,3,22,450,2002,13.43
69,3,22,450,2003,14.08
69,3,22,450,2004,14.51
69,3,22,450,2005,15.26
69,3,22,450,2006,15.53
69,3,22,450,2007,15.49
69,3,22,450,2008,16.49
69,3,22,450,2009,17.49
69,3,22,450,2010,17.99
69,3,22,450,2011,18.16
69,3,22,450,2012,18.59
69,3,22,450,2013,19.5
69,3,22,450,2014,20.42
69,3,22,450,2015,22.01
69,3,22,450,2016,22.6
71,1,22,450,1990,115.77
71,1,22,450,1991,118.33
71,1,22,450,1992,119.44
71,1,22,450,1993,118.84
71,1,22,450,1994,118.29
71,1,22,450,1995,119.22
71,1,22,450,1996,121.47
71,1,22,450,1997,123.5
71,1,22,450,1998,122.75
71,1,22,450,1999,125.6
71,1,22,450,2000,126.54
71,1,22,450,2001,128.17
71,1,22,450,2002,126.01
71,1,22,450,2003,122.88
71,1,22,450,2004,121.96
71,1,22,450,2005,122.85
71,1,22,450,2006,119.79
71,1,22,450,2007,121.12
71,1,22,450,2008,122.13
71,1,22,450,2009,129.19
71,1,22,450,2010,135.61
71,1,22,450,2011,136.99
71,1,22,450,2012,143.3
71,1,22,450,2013,149.92
71,1,22,450,2014,155.08
71,1,22,450,2015,165.48
71,1,22,450,2016,172.44
71,2,22,450,1990,54.29
71,2,22,450,1991,55.88
71,2,22,450,1992,57.31
71,2,22,450,1993,59.08
71,2,22,450,1994,59.78
71,2,22,450,1995,61.51
71,2,22,450,1996,63.24
71,2,22,450,1997,64.35
71,2,22,450,1998,65.79
71,2,22,450,1999,65.81
71,2,22,450,2000,66.18
71,2,22,450,2001,66.56
71,2,22,450,2002,67.51
71,2,22,450,2003,67.02
71,2,22,450,2004,65.22
71,2,22,450,2005,65.48
71,2,22,450,2006,66.12
71,2,22,450,2007,66.28
71,2,22,450,2008,67.79
71,2,22,450,2009,69.18
71,2,22,450,2010,69.65
71,2,22,450,2011,70.74
71,2,22,450,2012,71.1
71,2,22,450,2013,74.55
71,2,22,450,2014,77.6
71,2,22,450,2015,81.74
71,2,22,450,2016,84.08
71,3,22,450,1990,170.06
71,3,22,450,1991,174.21
71,3,22,450,1992,176.75
71,3,22,450,1993,177.92
71,3,22,450,1994,178.06
71,3,22,450,1995,180.73
71,3,22,450,1996,184.71
71,3,22,450,1997,187.84
71,3,22,450,1998,188.54
71,3,22,450,1999,191.41
71,3,22,450,2000,192.72
71,3,22,450,2001,194.73
71,3,22,450,2002,193.52
71,3,22,450,2003,189.91
71,3,22,450,2004,187.18
71,3,22,450,2005,188.33
71,3,22,450,2006,185.91
71,3,22,450,2007,187.4
71,3,22,450,2008,189.93
71,3,22,450,2009,198.37
71,3,22,450,2010,205.26
71,3,22,450,2011,207.74
71,3,22,450,2012,214.4
71,3,22,450,2013,224.47
71,3,22,450,2014,232.68
71,3,22,450,2015,247.22
71,3,22,450,2016,256.52
72,1,22,450,1990,12.6
72,1,22,450,1991,12.87
72,1,22,450,1992,12.59
72,1,22,450,1993,12.49
72,1,22,450,1994,12.55
72,1,22,450,1995,12.6
72,1,22,450,1996,13.15
72,1,22,450,1997,12.99
72,1,22,450,1998,13.26
72,1,22,450,1999,14.2
72,1,22,450,2000,14.41
72,1,22,450,2001,14.51
72,1,22,450,2002,15.02
72,1,22,450,2003,15.67
72,1,22,450,2004,15.84
72,1,22,450,2005,16.57
72,1,22,450,2006,16.67
72,1,22,450,2007,16.49
72,1,22,450,2008,17.32
72,1,22,450,2009,18.04
72,1,22,450,2010,18.74
72,1,22,450,2011,19.14
72,1,22,450,2012,19.77
72,1,22,450,2013,19.92
72,1,22,450,2014,20.05
72,1,22,450,2015,21.17
72,1,22,450,2016,21.82
72,2,22,450,1990,9.93
72,2,22,450,1991,10.23
72,2,22,450,1992,10.03
72,2,22,450,1993,9.83
72,2,22,450,1994,9.6
72,2,22,450,1995,8.84
72,2,22,450,1996,8.53
72,2,22,450,1997,8.02
72,2,22,450,1998,7.63
72,2,22,450,1999,7.48
72,2,22,450,2000,7.57
72,2,22,450,2001,7.66
72,2,22,450,2002,7.69
72,2,22,450,2003,7.72
72,2,22,450,2004,7.8
72,2,22,450,2005,7.7
72,2,22,450,2006,7.25
72,2,22,450,2007,7.54
72,2,22,450,2008,7.69
72,2,22,450,2009,7.79
72,2,22,450,2010,7.96
72,2,22,450,2011,8.33
72,2,22,450,2012,8.63
72,2,22,450,2013,8.9
72,2,22,450,2014,9.23
72,2,22,450,2015,9.49
72,2,22,450,2016,9.76
72,3,22,450,1990,22.53
72,3,22,450,1991,23.1
72,3,22,450,1992,22.62
72,3,22,450,1993,22.32
72,3,22,450,1994,22.15
72,3,22,450,1995,21.44
72,3,22,450,1996,21.67
72,3,22,450,1997,21.01
72,3,22,450,1998,20.89
72,3,22,450,1999,21.68
72,3,22,450,2000,21.98
72,3,22,450,2001,22.17
72,3,22,450,2002,22.7
72,3,22,450,2003,23.4
72,3,22,450,2004,23.64
72,3,22,450,2005,24.27
72,3,22,450,2006,23.92
72,3,22,450,2007,24.02
72,3,22,450,2008,25.02
72,3,22,450,2009,25.83
72,3,22,450,2010,26.7
72,3,22,450,2011,27.47
72,3,22,450,2012,28.4
72,3,22,450,2013,28.83
72,3,22,450,2014,29.28
72,3,22,450,2015,30.66
72,3,22,450,2016,31.59
74,1,22,450,1990,0.3
74,1,22,450,1991,0.33
74,1,22,450,1992,0.36
74,1,22,450,1993,0.38
74,1,22,450,1994,0.39
74,1,22,450,1995,0.39
74,1,22,450,1996,0.39
74,1,22,450,1997,0.4
74,1,22,450,1998,0.42
74,1,22,450,1999,0.43
74,1,22,450,2000,0.44
74,1,22,450,2001,0.45
74,1,22,450,2002,0.46
74,1,22,450,2003,0.49
74,1,22,450,2004,0.54
74,1,22,450,2005,0.57
74,1,22,450,2006,0.59
74,1,22,450,2007,0.62
74,1,22,450,2008,0.64
74,1,22,450,2009,0.66
74,1,22,450,2010,0.66
74,1,22,450,2011,0.68
74,1,22,450,2012,0.69
74,1,22,450,2013,0.7
74,1,22,450,2014,0.71
74,1,22,450,2015,0.73
74,1,22,450,2016,0.74
74,2,22,450,1990,0.14
74,2,22,450,1991,0.15
74,2,22,450,1992,0.16
74,2,22,450,1993,0.17
74,2,22,450,1994,0.18
74,2,22,450,1995,0.18
74,2,22,450,1996,0.18
74,2,22,450,1997,0.18
74,2,22,450,1998,0.18
74,2,22,450,1999,0.18
74,2,22,450,2000,0.18
74,2,22,450,2001,0.18
74,2,22,450,2002,0.18
74,2,22,450,2003,0.18
74,2,22,450,2004,0.2
74,2,22,450,2005,0.2
74,2,22,450,2006,0.2
74,2,22,450,2007,0.21
74,2,22,450,2008,0.21
74,2,22,450,2009,0.22
74,2,22,450,2010,0.22
74,2,22,450,2011,0.23
74,2,22,450,2012,0.22
74,2,22,450,2013,0.23
74,2,22,450,2014,0.23
74,2,22,450,2015,0.23
74,2,22,450,2016,0.24
74,3,22,450,1990,0.44
74,3,22,450,1991,0.49
74,3,22,450,1992,0.52
74,3,22,450,1993,0.55
74,3,22,450,1994,0.57
74,3,22,450,1995,0.57
74,3,22,450,1996,0.57
74,3,22,450,1997,0.58
74,3,22,450,1998,0.6
74,3,22,450,1999,0.61
74,3,22,450,2000,0.62
74,3,22,450,2001,0.63
74,3,22,450,2002,0.64
74,3,22,450,2003,0.68
74,3,22,450,2004,0.74
74,3,22,450,2005,0.77
74,3,22,450,2006,0.8
74,3,22,450,2007,0.83
74,3,22,450,2008,0.85
74,3,22,450,2009,0.88
74,3,22,450,2010,0.89
74,3,22,450,2011,0.9
74,3,22,450,2012,0.91
74,3,22,450,2013,0.93
74,3,22,450,2014,0.95
74,3,22,450,2015,0.96
74,3,22,450,2016,0.97
75,1,22,450,1990,62.91
75,1,22,450,1991,64.92
75,1,22,450,1992,67.05
75,1,22,450,1993,70.33
75,1,22,450,1994,72.09
75,1,22,450,1995,75.31
75,1,22,450,1996,77.58
75,1,22,450,1997,78.46
75,1,22,450,1998,82.73
75,1,22,450,1999,87.2
75,1,22,450,2000,91.54
75,1,22,450,2001,96.41
75,1,22,450,2002,102.25
75,1,22,450,2003,113.87
75,1,22,450,2004,120.2
75,1,22,450,2005,122.3
75,1,22,450,2006,126.8
75,1,22,450,2007,129.32
75,1,22,450,2008,133.63
75,1,22,450,2009,135.07
75,1,22,450,2010,130.79
75,1,22,450,2011,139.89
75,1,22,450,2012,143.92
75,1,22,450,2013,148.85
75,1,22,450,2014,155.01
75,1,22,450,2015,156.51
75,1,22,450,2016,159.29
75,2,22,450,1990,11.94
75,2,22,450,1991,12.18
75,2,22,450,1992,12.6
75,2,22,450,1993,13.08
75,2,22,450,1994,13.68
75,2,22,450,1995,14.21
75,2,22,450,1996,14.42
75,2,22,450,1997,15.04
75,2,22,450,1998,15.48
75,2,22,450,1999,16.45
75,2,22,450,2000,17.09
75,2,22,450,2001,17.09
75,2,22,450,2002,18.15
75,2,22,450,2003,20.16
75,2,22,450,2004,20.95
75,2,22,450,2005,22.04
75,2,22,450,2006,22.99
75,2,22,450,2007,24.33
75,2,22,450,2008,26.25
75,2,22,450,2009,27.55
75,2,22,450,2010,28.4
75,2,22,450,2011,30.61
75,2,22,450,2012,32.53
75,2,22,450,2013,32.6
75,2,22,450,2014,33.27
75,2,22,450,2015,32.95
75,2,22,450,2016,33.23
75,3,22,450,1990,74.86
75,3,22,450,1991,77.1
75,3,22,450,1992,79.65
75,3,22,450,1993,83.41
75,3,22,450,1994,85.77
75,3,22,450,1995,89.52
75,3,22,450,1996,91.99
75,3,22,450,1997,93.5
75,3,22,450,1998,98.21
75,3,22,450,1999,103.65
75,3,22,450,2000,108.63
75,3,22,450,2001,113.5
75,3,22,450,2002,120.4
75,3,22,450,2003,134.03
75,3,22,450,2004,141.15
75,3,22,450,2005,144.34
75,3,22,450,2006,149.79
75,3,22,450,2007,153.66
75,3,22,450,2008,159.88
75,3,22,450,2009,162.62
75,3,22,450,2010,159.19
75,3,22,450,2011,170.5
75,3,22,450,2012,176.45
75,3,22,450,2013,181.45
75,3,22,450,2014,188.28
75,3,22,450,2015,189.46
75,3,22,450,2016,192.52
76,1,22,450,1990,79.59
76,1,22,450,1991,82.32
76,1,22,450,1992,87.67
76,1,22,450,1993,91.3
76,1,22,450,1994,95.41
76,1,22,450,1995,99
76,1,22,450,1996,102.49
76,1,22,450,1997,106.1
76,1,22,450,1998,108.92
76,1,22,450,1999,110.97
76,1,22,450,2000,113.1
76,1,22,450,2001,118.77
76,1,22,450,2002,122.86
76,1,22,450,2003,128.73
76,1,22,450,2004,134.82
76,1,22,450,2005,139.54
76,1,22,450,2006,143.18
76,1,22,450,2007,147.12
76,1,22,450,2008,151.89
76,1,22,450,2009,155.58
76,1,22,450,2010,155.07
76,1,22,450,2011,158.23
76,1,22,450,2012,162.56
76,1,22,450,2013,165.54
76,1,22,450,2014,166.37
76,1,22,450,2015,170.88
76,1,22,450,2016,174.21
76,2,22,450,1990,27.96
76,2,22,450,1991,28.04
76,2,22,450,1992,28.75
76,2,22,450,1993,29.23
76,2,22,450,1994,30.33
76,2,22,450,1995,30.86
76,2,22,450,1996,30.17
76,2,22,450,1997,28.81
76,2,22,450,1998,30.7
76,2,22,450,1999,31.52
76,2,22,450,2000,32.6
76,2,22,450,2001,33.61
76,2,22,450,2002,35.13
76,2,22,450,2003,35.08
76,2,22,450,2004,37.43
76,2,22,450,2005,37.73
76,2,22,450,2006,38.6
76,2,22,450,2007,39.05
76,2,22,450,2008,40.72
76,2,22,450,2009,41.3
76,2,22,450,2010,42.03
76,2,22,450,2011,41.21
76,2,22,450,2012,42.22
76,2,22,450,2013,42.76
76,2,22,450,2014,42.47
76,2,22,450,2015,43.39
76,2,22,450,2016,43.93
76,3,22,450,1990,107.54
76,3,22,450,1991,110.37
76,3,22,450,1992,116.42
76,3,22,450,1993,120.53
76,3,22,450,1994,125.73
76,3,22,450,1995,129.86
76,3,22,450,1996,132.66
76,3,22,450,1997,134.9
76,3,22,450,1998,139.62
76,3,22,450,1999,142.49
76,3,22,450,2000,145.71
76,3,22,450,2001,152.38
76,3,22,450,2002,157.99
76,3,22,450,2003,163.82
76,3,22,450,2004,172.25
76,3,22,450,2005,177.27
76,3,22,450,2006,181.78
76,3,22,450,2007,186.17
76,3,22,450,2008,192.6
76,3,22,450,2009,196.88
76,3,22,450,2010,197.09
76,3,22,450,2011,199.43
76,3,22,450,2012,204.78
76,3,22,450,2013,208.31
76,3,22,450,2014,208.83
76,3,22,450,2015,214.26
76,3,22,450,2016,218.14
77,1,22,450,1990,0.9
77,1,22,450,1991,0.93
77,1,22,450,1992,0.95
77,1,22,450,1993,1.01
77,1,22,450,1994,1.06
77,1,22,450,1995,1.09
77,1,22,450,1996,1.12
77,1,22,450,1997,1.16
77,1,22,450,1998,1.22
77,1,22,450,1999,1.23
77,1,22,450,2000,1.26
77,1,22,450,2001,1.29
77,1,22,450,2002,1.31
77,1,22,450,2003,1.31
77,1,22,450,2004,1.33
77,1,22,450,2005,1.34
77,1,22,450,2006,1.34
77,1,22,450,2007,1.41
77,1,22,450,2008,1.42
77,1,22,450,2009,1.46
77,1,22,450,2010,1.49
77,1,22,450,2011,1.5
77,1,22,450,2012,1.52
77,1,22,450,2013,1.57
77,1,22,450,2014,1.6
77,1,22,450,2015,1.63
77,1,22,450,2016,1.66
77,2,22,450,1990,0.41
77,2,22,450,1991,0.41
77,2,22,450,1992,0.42
77,2,22,450,1993,0.43
77,2,22,450,1994,0.45
77,2,22,450,1995,0.47
77,2,22,450,1996,0.46
77,2,22,450,1997,0.48
77,2,22,450,1998,0.48
77,2,22,450,1999,0.51
77,2,22,450,2000,0.54
77,2,22,450,2001,0.56
77,2,22,450,2002,0.59
77,2,22,450,2003,0.62
77,2,22,450,2004,0.64
77,2,22,450,2005,0.68
77,2,22,450,2006,0.69
77,2,22,450,2007,0.71
77,2,22,450,2008,0.75
77,2,22,450,2009,0.77
77,2,22,450,2010,0.79
77,2,22,450,2011,0.82
77,2,22,450,2012,0.82
77,2,22,450,2013,0.83
77,2,22,450,2014,0.87
77,2,22,450,2015,0.88
77,2,22,450,2016,0.9
77,3,22,450,1990,1.31
77,3,22,450,1991,1.35
77,3,22,450,1992,1.37
77,3,22,450,1993,1.43
77,3,22,450,1994,1.51
77,3,22,450,1995,1.55
77,3,22,450,1996,1.58
77,3,22,450,1997,1.64
77,3,22,450,1998,1.7
77,3,22,450,1999,1.74
77,3,22,450,2000,1.8
77,3,22,450,2001,1.85
77,3,22,450,2002,1.91
77,3,22,450,2003,1.93
77,3,22,450,2004,1.97
77,3,22,450,2005,2.01
77,3,22,450,2006,2.03
77,3,22,450,2007,2.11
77,3,22,450,2008,2.16
77,3,22,450,2009,2.23
77,3,22,450,2010,2.28
77,3,22,450,2011,2.33
77,3,22,450,2012,2.34
77,3,22,450,2013,2.39
77,3,22,450,2014,2.46
77,3,22,450,2015,2.51
77,3,22,450,2016,2.56
78,1,22,450,1990,39.8
78,1,22,450,1991,40.75
78,1,22,450,1992,42.92
78,1,22,450,1993,45.96
78,1,22,450,1994,49.04
78,1,22,450,1995,50.58
78,1,22,450,1996,53.11
78,1,22,450,1997,56.37
78,1,22,450,1998,60.45
78,1,22,450,1999,60.98
78,1,22,450,2000,67.96
78,1,22,450,2001,71.52
78,1,22,450,2002,75.93
78,1,22,450,2003,78.8
78,1,22,450,2004,83.82
78,1,22,450,2005,86.71
78,1,22,450,2006,88.89
78,1,22,450,2007,91.66
78,1,22,450,2008,96.24
78,1,22,450,2009,100.66
78,1,22,450,2010,104.63
78,1,22,450,2011,111.16
78,1,22,450,2012,112.7
78,1,22,450,2013,116.3
78,1,22,450,2014,118.68
78,1,22,450,2015,117.09
78,1,22,450,2016,115.36
78,2,22,450,1990,21.75
78,2,22,450,1991,22.7
78,2,22,450,1992,24.56
78,2,22,450,1993,25.41
78,2,22,450,1994,26.7
78,2,22,450,1995,27.51
78,2,22,450,1996,29.02
78,2,22,450,1997,30.32
78,2,22,450,1998,31.88
78,2,22,450,1999,30.97
78,2,22,450,2000,31.74
78,2,22,450,2001,32.25
78,2,22,450,2002,32.91
78,2,22,450,2003,33.33
78,2,22,450,2004,34.12
78,2,22,450,2005,34.76
78,2,22,450,2006,35.83
78,2,22,450,2007,37.17
78,2,22,450,2008,37.95
78,2,22,450,2009,39.36
78,2,22,450,2010,40.4
78,2,22,450,2011,41.61
78,2,22,450,2012,42.66
78,2,22,450,2013,43.63
78,2,22,450,2014,43.55
78,2,22,450,2015,43.4
78,2,22,450,2016,43.07
78,3,22,450,1990,61.55
78,3,22,450,1991,63.45
78,3,22,450,1992,67.47
78,3,22,450,1993,71.37
78,3,22,450,1994,75.74
78,3,22,450,1995,78.09
78,3,22,450,1996,82.13
78,3,22,450,1997,86.68
78,3,22,450,1998,92.33
78,3,22,450,1999,91.95
78,3,22,450,2000,99.69
78,3,22,450,2001,103.77
78,3,22,450,2002,108.84
78,3,22,450,2003,112.13
78,3,22,450,2004,117.94
78,3,22,450,2005,121.46
78,3,22,450,2006,124.71
78,3,22,450,2007,128.83
78,3,22,450,2008,134.19
78,3,22,450,2009,140.02
78,3,22,450,2010,145.03
78,3,22,450,2011,152.77
78,3,22,450,2012,155.36
78,3,22,450,2013,159.94
78,3,22,450,2014,162.22
78,3,22,450,2015,160.49
78,3,22,450,2016,158.43
79,1,22,450,1990,16.78
79,1,22,450,1991,16.98
79,1,22,450,1992,17.1
79,1,22,450,1993,17.53
79,1,22,450,1994,17.6
79,1,22,450,1995,18.02
79,1,22,450,1996,18.17
79,1,22,450,1997,19.17
79,1,22,450,1998,19.81
79,1,22,450,1999,20.94
79,1,22,450,2000,21.82
79,1,22,450,2001,22.79
79,1,22,450,2002,24.59
79,1,22,450,2003,24.99
79,1,22,450,2004,26.16
79,1,22,450,2005,28.05
79,1,22,450,2006,29.97
79,1,22,450,2007,31.92
79,1,22,450,2008,33.92
79,1,22,450,2009,36.96
79,1,22,450,2010,38.83
79,1,22,450,2011,40.28
79,1,22,450,2012,41.79
79,1,22,450,2013,43.01
79,1,22,450,2014,44.14
79,1,22,450,2015,43.79
79,1,22,450,2016,44.15
79,2,22,450,1990,8.52
79,2,22,450,1991,8.54
79,2,22,450,1992,8.56
79,2,22,450,1993,8.5
79,2,22,450,1994,8.39
79,2,22,450,1995,8.22
79,2,22,450,1996,8.13
79,2,22,450,1997,8.04
79,2,22,450,1998,8.03
79,2,22,450,1999,8.26
79,2,22,450,2000,8.54
79,2,22,450,2001,8.71
79,2,22,450,2002,8.93
79,2,22,450,2003,9.13
79,2,22,450,2004,9.32
79,2,22,450,2005,9.48
79,2,22,450,2006,10.01
79,2,22,450,2007,10.45
79,2,22,450,2008,10.9
79,2,22,450,2009,11.54
79,2,22,450,2010,12.11
79,2,22,450,2011,12.96
79,2,22,450,2012,13.06
79,2,22,450,2013,13.54
79,2,22,450,2014,12.8
79,2,22,450,2015,12.81
79,2,22,450,2016,13.01
79,3,22,450,1990,25.31
79,3,22,450,1991,25.52
79,3,22,450,1992,25.66
79,3,22,450,1993,26.02
79,3,22,450,1994,25.99
79,3,22,450,1995,26.24
79,3,22,450,1996,26.3
79,3,22,450,1997,27.21
79,3,22,450,1998,27.85
79,3,22,450,1999,29.2
79,3,22,450,2000,30.35
79,3,22,450,2001,31.49
79,3,22,450,2002,33.52
79,3,22,450,2003,34.12
79,3,22,450,2004,35.49
79,3,22,450,2005,37.53
79,3,22,450,2006,39.97
79,3,22,450,2007,42.37
79,3,22,450,2008,44.82
79,3,22,450,2009,48.5
79,3,22,450,2010,50.94
79,3,22,450,2011,53.24
79,3,22,450,2012,54.85
79,3,22,450,2013,56.55
79,3,22,450,2014,56.94
79,3,22,450,2015,56.6
79,3,22,450,2016,57.16
80,1,22,450,1990,1441.54
80,1,22,450,1991,1431.6
80,1,22,450,1992,1460.62
80,1,22,450,1993,1469.27
80,1,22,450,1994,1469.57
80,1,22,450,1995,1439.85
80,1,22,450,1996,1408.34
80,1,22,450,1997,1401.55
80,1,22,450,1998,1418.91
80,1,22,450,1999,1404.14
80,1,22,450,2000,1383.84
80,1,22,450,2001,1374.54
80,1,22,450,2002,1384.3
80,1,22,450,2003,1360.91
80,1,22,450,2004,1360.11
80,1,22,450,2005,1358.33
80,1,22,450,2006,1329.18
80,1,22,450,2007,1329.23
80,1,22,450,2008,1348.1
80,1,22,450,2009,1333.3
80,1,22,450,2010,1333.56
80,1,22,450,2011,1354.8
80,1,22,450,2012,1364.49
80,1,22,450,2013,1373.24
80,1,22,450,2014,1434.58
80,1,22,450,2015,1472.81
80,1,22,450,2016,1490.6
80,2,22,450,1990,136.21
80,2,22,450,1991,140.29
80,2,22,450,1992,145.73
80,2,22,450,1993,146.13
80,2,22,450,1994,150.62
80,2,22,450,1995,156.13
80,2,22,450,1996,157.64
80,2,22,450,1997,161.7
80,2,22,450,1998,163.69
80,2,22,450,1999,173.07
80,2,22,450,2000,180.92
80,2,22,450,2001,187.06
80,2,22,450,2002,193.17
80,2,22,450,2003,195.72
80,2,22,450,2004,201.88
80,2,22,450,2005,210.28
80,2,22,450,2006,211.5
80,2,22,450,2007,218
80,2,22,450,2008,223.03
80,2,22,450,2009,230.68
80,2,22,450,2010,229.79
80,2,22,450,2011,236.76
80,2,22,450,2012,236.98
80,2,22,450,2013,239.43
80,2,22,450,2014,239.78
80,2,22,450,2015,240.31
80,2,22,450,2016,244.93
80,3,22,450,1990,1577.75
80,3,22,450,1991,1571.89
80,3,22,450,1992,1606.35
80,3,22,450,1993,1615.4
80,3,22,450,1994,1620.19
80,3,22,450,1995,1595.98
80,3,22,450,1996,1565.98
80,3,22,450,1997,1563.25
80,3,22,450,1998,1582.6
80,3,22,450,1999,1577.21
80,3,22,450,2000,1564.76
80,3,22,450,2001,1561.6
80,3,22,450,2002,1577.47
80,3,22,450,2003,1556.63
80,3,22,450,2004,1561.98
80,3,22,450,2005,1568.61
80,3,22,450,2006,1540.68
80,3,22,450,2007,1547.23
80,3,22,450,2008,1571.13
80,3,22,450,2009,1563.99
80,3,22,450,2010,1563.35
80,3,22,450,2011,1591.57
80,3,22,450,2012,1601.47
80,3,22,450,2013,1612.67
80,3,22,450,2014,1674.35
80,3,22,450,2015,1713.12
80,3,22,450,2016,1735.54
81,1,22,450,1990,1015.25
81,1,22,450,1991,1075.79
81,1,22,450,1992,1165.38
81,1,22,450,1993,1196.59
81,1,22,450,1994,1279.29
81,1,22,450,1995,1340.74
81,1,22,450,1996,1372.26
81,1,22,450,1997,1378.33
81,1,22,450,1998,1373.41
81,1,22,450,1999,1391.04
81,1,22,450,2000,1400.09
81,1,22,450,2001,1424.22
81,1,22,450,2002,1428.79
81,1,22,450,2003,1432.19
81,1,22,450,2004,1451.68
81,1,22,450,2005,1462.87
81,1,22,450,2006,1467.45
81,1,22,450,2007,1494.79
81,1,22,450,2008,1493.87
81,1,22,450,2009,1536.97
81,1,22,450,2010,1540.84
81,1,22,450,2011,1574.24
81,1,22,450,2012,1604.71
81,1,22,450,2013,1633.62
81,1,22,450,2014,1679.1
81,1,22,450,2015,1700.46
81,1,22,450,2016,1738.5
81,2,22,450,1990,197.41
81,2,22,450,1991,215.85
81,2,22,450,1992,244.82
81,2,22,450,1993,259.69
81,2,22,450,1994,268.42
81,2,22,450,1995,272.18
81,2,22,450,1996,276.6
81,2,22,450,1997,293.28
81,2,22,450,1998,293.12
81,2,22,450,1999,298.58
81,2,22,450,2000,308.74
81,2,22,450,2001,309.03
81,2,22,450,2002,321.66
81,2,22,450,2003,327.67
81,2,22,450,2004,337.86
81,2,22,450,2005,345.33
81,2,22,450,2006,352.24
81,2,22,450,2007,361.56
81,2,22,450,2008,375.22
81,2,22,450,2009,377.11
81,2,22,450,2010,387.23
81,2,22,450,2011,390.8
81,2,22,450,2012,394.41
81,2,22,450,2013,401.18
81,2,22,450,2014,400.11
81,2,22,450,2015,406.86
81,2,22,450,2016,415.03
81,3,22,450,1990,1212.66
81,3,22,450,1991,1291.65
81,3,22,450,1992,1410.2
81,3,22,450,1993,1456.28
81,3,22,450,1994,1547.71
81,3,22,450,1995,1612.92
81,3,22,450,1996,1648.86
81,3,22,450,1997,1671.6
81,3,22,450,1998,1666.53
81,3,22,450,1999,1689.63
81,3,22,450,2000,1708.84
81,3,22,450,2001,1733.25
81,3,22,450,2002,1750.45
81,3,22,450,2003,1759.86
81,3,22,450,2004,1789.55
81,3,22,450,2005,1808.2
81,3,22,450,2006,1819.69
81,3,22,450,2007,1856.34
81,3,22,450,2008,1869.09
81,3,22,450,2009,1914.09
81,3,22,450,2010,1928.07
81,3,22,450,2011,1965.04
81,3,22,450,2012,1999.12
81,3,22,450,2013,2034.8
81,3,22,450,2014,2079.21
81,3,22,450,2015,2107.33
81,3,22,450,2016,2153.53
82,1,22,450,1990,13
82,1,22,450,1991,13.6
82,1,22,450,1992,14.34
82,1,22,450,1993,14.81
82,1,22,450,1994,15.66
82,1,22,450,1995,16.01
82,1,22,450,1996,17.35
82,1,22,450,1997,18.04
82,1,22,450,1998,18.05
82,1,22,450,1999,18.45
82,1,22,450,2000,19.35
82,1,22,450,2001,20.41
82,1,22,450,2002,21.13
82,1,22,450,2003,21.23
82,1,22,450,2004,22.32
82,1,22,450,2005,23.51
82,1,22,450,2006,23.44
82,1,22,450,2007,23.67
82,1,22,450,2008,23.29
82,1,22,450,2009,23.37
82,1,22,450,2010,23.56
82,1,22,450,2011,24.5
82,1,22,450,2012,25.56
82,1,22,450,2013,26.77
82,1,22,450,2014,26.04
82,1,22,450,2015,25.88
82,1,22,450,2016,26.09
82,2,22,450,1990,12.49
82,2,22,450,1991,12.76
82,2,22,450,1992,12.89
82,2,22,450,1993,13.49
82,2,22,450,1994,13.82
82,2,22,450,1995,14.47
82,2,22,450,1996,14.99
82,2,22,450,1997,14.85
82,2,22,450,1998,15.06
82,2,22,450,1999,15.57
82,2,22,450,2000,16.02
82,2,22,450,2001,16.14
82,2,22,450,2002,16.54
82,2,22,450,2003,16.5
82,2,22,450,2004,16.62
82,2,22,450,2005,17.22
82,2,22,450,2006,17.15
82,2,22,450,2007,17.34
82,2,22,450,2008,17.54
82,2,22,450,2009,17.86
82,2,22,450,2010,18.45
82,2,22,450,2011,18.98
82,2,22,450,2012,18.91
82,2,22,450,2013,18.65
82,2,22,450,2014,18.57
82,2,22,450,2015,18.78
82,2,22,450,2016,19.06
82,3,22,450,1990,25.48
82,3,22,450,1991,26.36
82,3,22,450,1992,27.23
82,3,22,450,1993,28.3
82,3,22,450,1994,29.48
82,3,22,450,1995,30.48
82,3,22,450,1996,32.34
82,3,22,450,1997,32.89
82,3,22,450,1998,33.11
82,3,22,450,1999,34.03
82,3,22,450,2000,35.38
82,3,22,450,2001,36.55
82,3,22,450,2002,37.67
82,3,22,450,2003,37.73
82,3,22,450,2004,38.95
82,3,22,450,2005,40.73
82,3,22,450,2006,40.58
82,3,22,450,2007,41.01
82,3,22,450,2008,40.83
82,3,22,450,2009,41.23
82,3,22,450,2010,42.01
82,3,22,450,2011,43.47
82,3,22,450,2012,44.47
82,3,22,450,2013,45.42
82,3,22,450,2014,44.61
82,3,22,450,2015,44.67
82,3,22,450,2016,45.14
83,1,22,450,1990,0.6
83,1,22,450,1991,0.63
83,1,22,450,1992,0.63
83,1,22,450,1993,0.64
83,1,22,450,1994,0.65
83,1,22,450,1995,0.67
83,1,22,450,1996,0.68
83,1,22,450,1997,0.69
83,1,22,450,1998,0.71
83,1,22,450,1999,0.72
83,1,22,450,2000,0.74
83,1,22,450,2001,0.77
83,1,22,450,2002,0.79
83,1,22,450,2003,0.8
83,1,22,450,2004,0.82
83,1,22,450,2005,0.86
83,1,22,450,2006,0.92
83,1,22,450,2007,0.96
83,1,22,450,2008,0.99
83,1,22,450,2009,1.02
83,1,22,450,2010,1.1
83,1,22,450,2011,1.18
83,1,22,450,2012,1.25
83,1,22,450,2013,1.3
83,1,22,450,2014,1.36
83,1,22,450,2015,1.3
83,1,22,450,2016,1.23
83,2,22,450,1990,0.31
83,2,22,450,1991,0.33
83,2,22,450,1992,0.34
83,2,22,450,1993,0.36
83,2,22,450,1994,0.37
83,2,22,450,1995,0.38
83,2,22,450,1996,0.39
83,2,22,450,1997,0.4
83,2,22,450,1998,0.41
83,2,22,450,1999,0.42
83,2,22,450,2000,0.44
83,2,22,450,2001,0.46
83,2,22,450,2002,0.47
83,2,22,450,2003,0.49
83,2,22,450,2004,0.49
83,2,22,450,2005,0.5
83,2,22,450,2006,0.52
83,2,22,450,2007,0.54
83,2,22,450,2008,0.56
83,2,22,450,2009,0.57
83,2,22,450,2010,0.61
83,2,22,450,2011,0.66
83,2,22,450,2012,0.68
83,2,22,450,2013,0.72
83,2,22,450,2014,0.75
83,2,22,450,2015,0.76
83,2,22,450,2016,0.81
83,3,22,450,1990,0.92
83,3,22,450,1991,0.96
83,3,22,450,1992,0.98
83,3,22,450,1993,1
83,3,22,450,1994,1.03
83,3,22,450,1995,1.05
83,3,22,450,1996,1.07
83,3,22,450,1997,1.09
83,3,22,450,1998,1.12
83,3,22,450,1999,1.14
83,3,22,450,2000,1.18
83,3,22,450,2001,1.23
83,3,22,450,2002,1.27
83,3,22,450,2003,1.29
83,3,22,450,2004,1.31
83,3,22,450,2005,1.36
83,3,22,450,2006,1.45
83,3,22,450,2007,1.5
83,3,22,450,2008,1.55
83,3,22,450,2009,1.59
83,3,22,450,2010,1.72
83,3,22,450,2011,1.84
83,3,22,450,2012,1.93
83,3,22,450,2013,2.03
83,3,22,450,2014,2.11
83,3,22,450,2015,2.06
83,3,22,450,2016,2.04
84,1,22,450,1990,10.03
84,1,22,450,1991,11.13
84,1,22,450,1992,12.01
84,1,22,450,1993,12.95
84,1,22,450,1994,14.05
84,1,22,450,1995,14.32
84,1,22,450,1996,14.67
84,1,22,450,1997,14.78
84,1,22,450,1998,15.62
84,1,22,450,1999,16.17
84,1,22,450,2000,17.04
84,1,22,450,2001,17.03
84,1,22,450,2002,17.96
84,1,22,450,2003,19.01
84,1,22,450,2004,21.02
84,1,22,450,2005,22.34
84,1,22,450,2006,23.2
84,1,22,450,2007,23.57
84,1,22,450,2008,24.39
84,1,22,450,2009,24.67
84,1,22,450,2010,25.19
84,1,22,450,2011,26.88
84,1,22,450,2012,27.95
84,1,22,450,2013,28.69
84,1,22,450,2014,29.71
84,1,22,450,2015,30.6
84,1,22,450,2016,31.81
84,2,22,450,1990,6.14
84,2,22,450,1991,6.37
84,2,22,450,1992,6.46
84,2,22,450,1993,7
84,2,22,450,1994,7.44
84,2,22,450,1995,7.86
84,2,22,450,1996,8.01
84,2,22,450,1997,8.02
84,2,22,450,1998,8.11
84,2,22,450,1999,7.81
84,2,22,450,2000,7.99
84,2,22,450,2001,7.64
84,2,22,450,2002,7.82
84,2,22,450,2003,8.27
84,2,22,450,2004,8.63
84,2,22,450,2005,8.77
84,2,22,450,2006,8.84
84,2,22,450,2007,8.83
84,2,22,450,2008,8.87
84,2,22,450,2009,9.7
84,2,22,450,2010,9.52
84,2,22,450,2011,9.51
84,2,22,450,2012,9.77
84,2,22,450,2013,9.94
84,2,22,450,2014,10.3
84,2,22,450,2015,10.65
84,2,22,450,2016,11.03
84,3,22,450,1990,16.17
84,3,22,450,1991,17.49
84,3,22,450,1992,18.47
84,3,22,450,1993,19.95
84,3,22,450,1994,21.49
84,3,22,450,1995,22.18
84,3,22,450,1996,22.68
84,3,22,450,1997,22.79
84,3,22,450,1998,23.73
84,3,22,450,1999,23.98
84,3,22,450,2000,25.03
84,3,22,450,2001,24.67
84,3,22,450,2002,25.78
84,3,22,450,2003,27.27
84,3,22,450,2004,29.65
84,3,22,450,2005,31.11
84,3,22,450,2006,32.05
84,3,22,450,2007,32.4
84,3,22,450,2008,33.26
84,3,22,450,2009,34.37
84,3,22,450,2010,34.71
84,3,22,450,2011,36.4
84,3,22,450,2012,37.72
84,3,22,450,2013,38.63
84,3,22,450,2014,40.01
84,3,22,450,2015,41.25
84,3,22,450,2016,42.84
85,1,22,450,1990,3.28
85,1,22,450,1991,3.47
85,1,22,450,1992,3.74
85,1,22,450,1993,4.1
85,1,22,450,1994,4.07
85,1,22,450,1995,4.6
85,1,22,450,1996,4.71
85,1,22,450,1997,4.92
85,1,22,450,1998,5.15
85,1,22,450,1999,5.02
85,1,22,450,2000,4.98
85,1,22,450,2001,5.47
85,1,22,450,2002,5.57
85,1,22,450,2003,5.87
85,1,22,450,2004,5.98
85,1,22,450,2005,6.56
85,1,22,450,2006,7.28
85,1,22,450,2007,7.4
85,1,22,450,2008,7.7
85,1,22,450,2009,7.99
85,1,22,450,2010,8.16
85,1,22,450,2011,8.56
85,1,22,450,2012,8.46
85,1,22,450,2013,9.07
85,1,22,450,2014,9.29
85,1,22,450,2015,9.57
85,1,22,450,2016,9.9
85,2,22,450,1990,5.59
85,2,22,450,1991,5.6
85,2,22,450,1992,5.83
85,2,22,450,1993,5.68
85,2,22,450,1994,5.82
85,2,22,450,1995,5.83
85,2,22,450,1996,5.68
85,2,22,450,1997,5.61
85,2,22,450,1998,6.09
85,2,22,450,1999,6.23
85,2,22,450,2000,6.11
85,2,22,450,2001,6.12
85,2,22,450,2002,6.06
85,2,22,450,2003,6.09
85,2,22,450,2004,5.68
85,2,22,450,2005,5.52
85,2,22,450,2006,5.65
85,2,22,450,2007,5.66
85,2,22,450,2008,5.63
85,2,22,450,2009,5.51
85,2,22,450,2010,5.1
85,2,22,450,2011,4.69
85,2,22,450,2012,4.51
85,2,22,450,2013,4.74
85,2,22,450,2014,4.76
85,2,22,450,2015,5.08
85,2,22,450,2016,5.32
85,3,22,450,1990,8.87
85,3,22,450,1991,9.07
85,3,22,450,1992,9.57
85,3,22,450,1993,9.77
85,3,22,450,1994,9.89
85,3,22,450,1995,10.43
85,3,22,450,1996,10.39
85,3,22,450,1997,10.54
85,3,22,450,1998,11.24
85,3,22,450,1999,11.26
85,3,22,450,2000,11.09
85,3,22,450,2001,11.59
85,3,22,450,2002,11.63
85,3,22,450,2003,11.96
85,3,22,450,2004,11.67
85,3,22,450,2005,12.07
85,3,22,450,2006,12.93
85,3,22,450,2007,13.05
85,3,22,450,2008,13.33
85,3,22,450,2009,13.51
85,3,22,450,2010,13.26
85,3,22,450,2011,13.25
85,3,22,450,2012,12.96
85,3,22,450,2013,13.82
85,3,22,450,2014,14.06
85,3,22,450,2015,14.65
85,3,22,450,2016,15.22
86,1,22,450,1990,468.02
86,1,22,450,1991,472.16
86,1,22,450,1992,473.29
86,1,22,450,1993,484.68
86,1,22,450,1994,493.06
86,1,22,450,1995,489.9
86,1,22,450,1996,498.67
86,1,22,450,1997,481.64
86,1,22,450,1998,487.29
86,1,22,450,1999,487.61
86,1,22,450,2000,494.53
86,1,22,450,2001,478.39
86,1,22,450,2002,478.85
86,1,22,450,2003,477.15
86,1,22,450,2004,512.43
86,1,22,450,2005,534.27
86,1,22,450,2006,565.4
86,1,22,450,2007,584.91
86,1,22,450,2008,582.12
86,1,22,450,2009,593.17
86,1,22,450,2010,586.18
86,1,22,450,2011,584.33
86,1,22,450,2012,597.73
86,1,22,450,2013,597.94
86,1,22,450,2014,607.18
86,1,22,450,2015,616.59
86,1,22,450,2016,622.12
86,2,22,450,1990,117.01
86,2,22,450,1991,117.95
86,2,22,450,1992,118.78
86,2,22,450,1993,120.82
86,2,22,450,1994,120.57
86,2,22,450,1995,118.27
86,2,22,450,1996,117.81
86,2,22,450,1997,115.54
86,2,22,450,1998,114.92
86,2,22,450,1999,117.05
86,2,22,450,2000,119.26
86,2,22,450,2001,118.1
86,2,22,450,2002,120.92
86,2,22,450,2003,124.68
86,2,22,450,2004,127.76
86,2,22,450,2005,129.23
86,2,22,450,2006,132.77
86,2,22,450,2007,132.19
86,2,22,450,2008,134.79
86,2,22,450,2009,135.73
86,2,22,450,2010,139.2
86,2,22,450,2011,142.53
86,2,22,450,2012,145.07
86,2,22,450,2013,144.72
86,2,22,450,2014,145.34
86,2,22,450,2015,147.85
86,2,22,450,2016,149.52
86,3,22,450,1990,585.03
86,3,22,450,1991,590.11
86,3,22,450,1992,592.08
86,3,22,450,1993,605.5
86,3,22,450,1994,613.63
86,3,22,450,1995,608.17
86,3,22,450,1996,616.48
86,3,22,450,1997,597.18
86,3,22,450,1998,602.21
86,3,22,450,1999,604.65
86,3,22,450,2000,613.8
86,3,22,450,2001,596.49
86,3,22,450,2002,599.77
86,3,22,450,2003,601.84
86,3,22,450,2004,640.19
86,3,22,450,2005,663.5
86,3,22,450,2006,698.18
86,3,22,450,2007,717.1
86,3,22,450,2008,716.9
86,3,22,450,2009,728.9
86,3,22,450,2010,725.38
86,3,22,450,2011,726.86
86,3,22,450,2012,742.8
86,3,22,450,2013,742.67
86,3,22,450,2014,752.52
86,3,22,450,2015,764.45
86,3,22,450,2016,771.64
87,1,22,450,1990,5.53
87,1,22,450,1991,5.64
87,1,22,450,1992,5.78
87,1,22,450,1993,5.94
87,1,22,450,1994,6.02
87,1,22,450,1995,6.12
87,1,22,450,1996,6.21
87,1,22,450,1997,6.34
87,1,22,450,1998,6.43
87,1,22,450,1999,6.34
87,1,22,450,2000,6.38
87,1,22,450,2001,6.47
87,1,22,450,2002,6.57
87,1,22,450,2003,6.6
87,1,22,450,2004,6.65
87,1,22,450,2005,6.74
87,1,22,450,2006,6.87
87,1,22,450,2007,7.05
87,1,22,450,2008,7.16
87,1,22,450,2009,7.31
87,1,22,450,2010,7.5
87,1,22,450,2011,7.84
87,1,22,450,2012,8.01
87,1,22,450,2013,8.38
87,1,22,450,2014,9.01
87,1,22,450,2015,9.27
87,1,22,450,2016,9.5
87,2,22,450,1990,1.42
87,2,22,450,1991,1.41
87,2,22,450,1992,1.46
87,2,22,450,1993,1.44
87,2,22,450,1994,1.47
87,2,22,450,1995,1.47
87,2,22,450,1996,1.48
87,2,22,450,1997,1.56
87,2,22,450,1998,1.56
87,2,22,450,1999,1.58
87,2,22,450,2000,1.59
87,2,22,450,2001,1.62
87,2,22,450,2002,1.66
87,2,22,450,2003,1.73
87,2,22,450,2004,1.73
87,2,22,450,2005,1.77
87,2,22,450,2006,1.8
87,2,22,450,2007,1.85
87,2,22,450,2008,1.87
87,2,22,450,2009,1.93
87,2,22,450,2010,2.04
87,2,22,450,2011,2.14
87,2,22,450,2012,2.17
87,2,22,450,2013,2.26
87,2,22,450,2014,2.37
87,2,22,450,2015,2.41
87,2,22,450,2016,2.47
87,3,22,450,1990,6.94
87,3,22,450,1991,7.05
87,3,22,450,1992,7.24
87,3,22,450,1993,7.37
87,3,22,450,1994,7.49
87,3,22,450,1995,7.59
87,3,22,450,1996,7.69
87,3,22,450,1997,7.9
87,3,22,450,1998,7.99
87,3,22,450,1999,7.92
87,3,22,450,2000,7.97
87,3,22,450,2001,8.1
87,3,22,450,2002,8.24
87,3,22,450,2003,8.33
87,3,22,450,2004,8.38
87,3,22,450,2005,8.51
87,3,22,450,2006,8.67
87,3,22,450,2007,8.9
87,3,22,450,2008,9.04
87,3,22,450,2009,9.24
87,3,22,450,2010,9.54
87,3,22,450,2011,9.98
87,3,22,450,2012,10.18
87,3,22,450,2013,10.64
87,3,22,450,2014,11.37
87,3,22,450,2015,11.68
87,3,22,450,2016,11.97
88,1,22,450,1990,1.06
88,1,22,450,1991,1.14
88,1,22,450,1992,1.27
88,1,22,450,1993,1.32
88,1,22,450,1994,1.46
88,1,22,450,1995,1.52
88,1,22,450,1996,1.56
88,1,22,450,1997,1.63
88,1,22,450,1998,1.71
88,1,22,450,1999,1.66
88,1,22,450,2000,1.77
88,1,22,450,2001,1.7
88,1,22,450,2002,1.66
88,1,22,450,2003,1.66
88,1,22,450,2004,1.66
88,1,22,450,2005,1.78
88,1,22,450,2006,1.75
88,1,22,450,2007,1.78
88,1,22,450,2008,1.85
88,1,22,450,2009,1.88
88,1,22,450,2010,1.95
88,1,22,450,2011,2
88,1,22,450,2012,2.05
88,1,22,450,2013,2.14
88,1,22,450,2014,2.24
88,1,22,450,2015,2.32
88,1,22,450,2016,2.43
88,2,22,450,1990,0.46
88,2,22,450,1991,0.47
88,2,22,450,1992,0.5
88,2,22,450,1993,0.5
88,2,22,450,1994,0.51
88,2,22,450,1995,0.51
88,2,22,450,1996,0.52
88,2,22,450,1997,0.54
88,2,22,450,1998,0.56
88,2,22,450,1999,0.59
88,2,22,450,2000,0.63
88,2,22,450,2001,0.65
88,2,22,450,2002,0.67
88,2,22,450,2003,0.71
88,2,22,450,2004,0.72
88,2,22,450,2005,0.76
88,2,22,450,2006,0.75
88,2,22,450,2007,0.75
88,2,22,450,2008,0.76
88,2,22,450,2009,0.77
88,2,22,450,2010,0.79
88,2,22,450,2011,0.81
88,2,22,450,2012,0.82
88,2,22,450,2013,0.81
88,2,22,450,2014,0.81
88,2,22,450,2015,0.83
88,2,22,450,2016,0.84
88,3,22,450,1990,1.52
88,3,22,450,1991,1.61
88,3,22,450,1992,1.76
88,3,22,450,1993,1.82
88,3,22,450,1994,1.97
88,3,22,450,1995,2.03
88,3,22,450,1996,2.08
88,3,22,450,1997,2.17
88,3,22,450,1998,2.27
88,3,22,450,1999,2.25
88,3,22,450,2000,2.41
88,3,22,450,2001,2.35
88,3,22,450,2002,2.33
88,3,22,450,2003,2.37
88,3,22,450,2004,2.38
88,3,22,450,2005,2.54
88,3,22,450,2006,2.5
88,3,22,450,2007,2.54
88,3,22,450,2008,2.61
88,3,22,450,2009,2.65
88,3,22,450,2010,2.74
88,3,22,450,2011,2.81
88,3,22,450,2012,2.87
88,3,22,450,2013,2.95
88,3,22,450,2014,3.05
88,3,22,450,2015,3.15
88,3,22,450,2016,3.28
89,1,22,450,1990,64.6
89,1,22,450,1991,68.69
89,1,22,450,1992,72.3
89,1,22,450,1993,74.31
89,1,22,450,1994,79.37
89,1,22,450,1995,85.63
89,1,22,450,1996,88.14
89,1,22,450,1997,91.28
89,1,22,450,1998,94.81
89,1,22,450,1999,101.64
89,1,22,450,2000,105.24
89,1,22,450,2001,105.24
89,1,22,450,2002,110.62
89,1,22,450,2003,114.76
89,1,22,450,2004,120.79
89,1,22,450,2005,122.65
89,1,22,450,2006,127.13
89,1,22,450,2007,129.25
89,1,22,450,2008,133.19
89,1,22,450,2009,138.38
89,1,22,450,2010,142.44
89,1,22,450,2011,149.09
89,1,22,450,2012,153.19
89,1,22,450,2013,155.58
89,1,22,450,2014,159.35
89,1,22,450,2015,163.27
89,1,22,450,2016,167.08
89,2,22,450,1990,29.13
89,2,22,450,1991,30.45
89,2,22,450,1992,31.98
89,2,22,450,1993,33.75
89,2,22,450,1994,34.47
89,2,22,450,1995,36.71
89,2,22,450,1996,39.91
89,2,22,450,1997,41.05
89,2,22,450,1998,42.16
89,2,22,450,1999,45.35
89,2,22,450,2000,47.27
89,2,22,450,2001,48.63
89,2,22,450,2002,51.58
89,2,22,450,2003,54.15
89,2,22,450,2004,55.53
89,2,22,450,2005,54.22
89,2,22,450,2006,53.64
89,2,22,450,2007,54.57
89,2,22,450,2008,55.08
89,2,22,450,2009,56.95
89,2,22,450,2010,57.23
89,2,22,450,2011,59.73
89,2,22,450,2012,61.27
89,2,22,450,2013,61.91
89,2,22,450,2014,60.75
89,2,22,450,2015,61.53
89,2,22,450,2016,62.97
89,3,22,450,1990,93.72
89,3,22,450,1991,99.15
89,3,22,450,1992,104.29
89,3,22,450,1993,108.06
89,3,22,450,1994,113.85
89,3,22,450,1995,122.34
89,3,22,450,1996,128.05
89,3,22,450,1997,132.32
89,3,22,450,1998,136.98
89,3,22,450,1999,146.99
89,3,22,450,2000,152.51
89,3,22,450,2001,153.88
89,3,22,450,2002,162.2
89,3,22,450,2003,168.91
89,3,22,450,2004,176.32
89,3,22,450,2005,176.88
89,3,22,450,2006,180.77
89,3,22,450,2007,183.83
89,3,22,450,2008,188.27
89,3,22,450,2009,195.32
89,3,22,450,2010,199.67
89,3,22,450,2011,208.82
89,3,22,450,2012,214.46
89,3,22,450,2013,217.48
89,3,22,450,2014,220.1
89,3,22,450,2015,224.8
89,3,22,450,2016,230.05
90,1,22,450,1990,27.2
90,1,22,450,1991,28.35
90,1,22,450,1992,27.98
90,1,22,450,1993,28.09
90,1,22,450,1994,27.39
90,1,22,450,1995,28.41
90,1,22,450,1996,30.49
90,1,22,450,1997,32.56
90,1,22,450,1998,33.51
90,1,22,450,1999,34.28
90,1,22,450,2000,36.57
90,1,22,450,2001,38.79
90,1,22,450,2002,39.97
90,1,22,450,2003,40.21
90,1,22,450,2004,41.12
90,1,22,450,2005,42.45
90,1,22,450,2006,43.19
90,1,22,450,2007,43.75
90,1,22,450,2008,42.76
90,1,22,450,2009,43.38
90,1,22,450,2010,45.45
90,1,22,450,2011,47.2
90,1,22,450,2012,48.72
90,1,22,450,2013,49.64
90,1,22,450,2014,50.23
90,1,22,450,2015,52.33
90,1,22,450,2016,54.05
90,2,22,450,1990,8.78
90,2,22,450,1991,9.15
90,2,22,450,1992,9.29
90,2,22,450,1993,9.36
90,2,22,450,1994,9.71
90,2,22,450,1995,10.07
90,2,22,450,1996,10.84
90,2,22,450,1997,10.77
90,2,22,450,1998,11.23
90,2,22,450,1999,11.7
90,2,22,450,2000,11.56
90,2,22,450,2001,12.01
90,2,22,450,2002,12.54
90,2,22,450,2003,12.84
90,2,22,450,2004,12.73
90,2,22,450,2005,12.96
90,2,22,450,2006,13.13
90,2,22,450,2007,13.22
90,2,22,450,2008,13.45
90,2,22,450,2009,14.24
90,2,22,450,2010,14.85
90,2,22,450,2011,15.43
90,2,22,450,2012,15.59
90,2,22,450,2013,15.82
90,2,22,450,2014,15.55
90,2,22,450,2015,16.01
90,2,22,450,2016,16.36
90,3,22,450,1990,35.99
90,3,22,450,1991,37.5
90,3,22,450,1992,37.27
90,3,22,450,1993,37.45
90,3,22,450,1994,37.09
90,3,22,450,1995,38.48
90,3,22,450,1996,41.34
90,3,22,450,1997,43.32
90,3,22,450,1998,44.74
90,3,22,450,1999,45.99
90,3,22,450,2000,48.14
90,3,22,450,2001,50.8
90,3,22,450,2002,52.51
90,3,22,450,2003,53.05
90,3,22,450,2004,53.85
90,3,22,450,2005,55.4
90,3,22,450,2006,56.32
90,3,22,450,2007,56.97
90,3,22,450,2008,56.21
90,3,22,450,2009,57.62
90,3,22,450,2010,60.3
90,3,22,450,2011,62.63
90,3,22,450,2012,64.31
90,3,22,450,2013,65.46
90,3,22,450,2014,65.78
90,3,22,450,2015,68.34
90,3,22,450,2016,70.41
91,1,22,450,1990,49.75
91,1,22,450,1991,52.81
91,1,22,450,1992,57.08
91,1,22,450,1993,62.18
91,1,22,450,1994,67.57
91,1,22,450,1995,72.74
91,1,22,450,1996,78.89
91,1,22,450,1997,87
91,1,22,450,1998,93.4
91,1,22,450,1999,100.26
91,1,22,450,2000,104.86
91,1,22,450,2001,108.72
91,1,22,450,2002,115.01
91,1,22,450,2003,121.26
91,1,22,450,2004,124.57
91,1,22,450,2005,131.29
91,1,22,450,2006,139.16
91,1,22,450,2007,149.06
91,1,22,450,2008,158.47
91,1,22,450,2009,164.26
91,1,22,450,2010,171.22
91,1,22,450,2011,179.42
91,1,22,450,2012,180.59
91,1,22,450,2013,178.55
91,1,22,450,2014,181.19
91,1,22,450,2015,180.96
91,1,22,450,2016,182.31
91,2,22,450,1990,9.14
91,2,22,450,1991,9.51
91,2,22,450,1992,9.95
91,2,22,450,1993,10.37
91,2,22,450,1994,10.98
91,2,22,450,1995,11.26
91,2,22,450,1996,11.61
91,2,22,450,1997,11.93
91,2,22,450,1998,11.74
91,2,22,450,1999,12.31
91,2,22,450,2000,13.14
91,2,22,450,2001,13.21
91,2,22,450,2002,12.96
91,2,22,450,2003,13.04
91,2,22,450,2004,13.08
91,2,22,450,2005,12.34
91,2,22,450,2006,12.76
91,2,22,450,2007,13.5
91,2,22,450,2008,13.92
91,2,22,450,2009,14.34
91,2,22,450,2010,14.64
91,2,22,450,2011,14.67
91,2,22,450,2012,15.24
91,2,22,450,2013,15.07
91,2,22,450,2014,14.82
91,2,22,450,2015,15.07
91,2,22,450,2016,15.25
91,3,22,450,1990,58.88
91,3,22,450,1991,62.31
91,3,22,450,1992,67.03
91,3,22,450,1993,72.55
91,3,22,450,1994,78.55
91,3,22,450,1995,84
91,3,22,450,1996,90.5
91,3,22,450,1997,98.93
91,3,22,450,1998,105.14
91,3,22,450,1999,112.57
91,3,22,450,2000,118
91,3,22,450,2001,121.93
91,3,22,450,2002,127.97
91,3,22,450,2003,134.29
91,3,22,450,2004,137.65
91,3,22,450,2005,143.63
91,3,22,450,2006,151.92
91,3,22,450,2007,162.57
91,3,22,450,2008,172.39
91,3,22,450,2009,178.6
91,3,22,450,2010,185.85
91,3,22,450,2011,194.09
91,3,22,450,2012,195.84
91,3,22,450,2013,193.63
91,3,22,450,2014,196.01
91,3,22,450,2015,196.02
91,3,22,450,2016,197.56
92,1,22,450,1990,256.51
92,1,22,450,1991,282.25
92,1,22,450,1992,299.32
92,1,22,450,1993,319.92
92,1,22,450,1994,339.64
92,1,22,450,1995,352.76
92,1,22,450,1996,361.69
92,1,22,450,1997,377.47
92,1,22,450,1998,391.74
92,1,22,450,1999,399.61
92,1,22,450,2000,407.94
92,1,22,450,2001,410.29
92,1,22,450,2002,409.63
92,1,22,450,2003,414.31
92,1,22,450,2004,422.34
92,1,22,450,2005,422.09
92,1,22,450,2006,429.8
92,1,22,450,2007,432.54
92,1,22,450,2008,442.91
92,1,22,450,2009,442.25
92,1,22,450,2010,451.53
92,1,22,450,2011,461.27
92,1,22,450,2012,466.41
92,1,22,450,2013,476.15
92,1,22,450,2014,480.62
92,1,22,450,2015,494.36
92,1,22,450,2016,505.85
92,2,22,450,1990,44.6
92,2,22,450,1991,45.78
92,2,22,450,1992,46.28
92,2,22,450,1993,46.51
92,2,22,450,1994,47.32
92,2,22,450,1995,47.23
92,2,22,450,1996,48.33
92,2,22,450,1997,48.1
92,2,22,450,1998,49.05
92,2,22,450,1999,50.25
92,2,22,450,2000,51.98
92,2,22,450,2001,53.9
92,2,22,450,2002,56.42
92,2,22,450,2003,59.76
92,2,22,450,2004,63.85
92,2,22,450,2005,66.29
92,2,22,450,2006,68.05
92,2,22,450,2007,71.02
92,2,22,450,2008,73.09
92,2,22,450,2009,75.34
92,2,22,450,2010,76.1
92,2,22,450,2011,77.88
92,2,22,450,2012,79.34
92,2,22,450,2013,82.38
92,2,22,450,2014,83.47
92,2,22,450,2015,84.3
92,2,22,450,2016,85.87
92,3,22,450,1990,301.11
92,3,22,450,1991,328.03
92,3,22,450,1992,345.6
92,3,22,450,1993,366.43
92,3,22,450,1994,386.95
92,3,22,450,1995,399.99
92,3,22,450,1996,410.02
92,3,22,450,1997,425.57
92,3,22,450,1998,440.79
92,3,22,450,1999,449.86
92,3,22,450,2000,459.93
92,3,22,450,2001,464.19
92,3,22,450,2002,466.05
92,3,22,450,2003,474.07
92,3,22,450,2004,486.19
92,3,22,450,2005,488.38
92,3,22,450,2006,497.85
92,3,22,450,2007,503.56
92,3,22,450,2008,516
92,3,22,450,2009,517.59
92,3,22,450,2010,527.63
92,3,22,450,2011,539.15
92,3,22,450,2012,545.75
92,3,22,450,2013,558.53
92,3,22,450,2014,564.09
92,3,22,450,2015,578.66
92,3,22,450,2016,591.72
93,1,22,450,1990,36.86
93,1,22,450,1991,38.26
93,1,22,450,1992,39.99
93,1,22,450,1993,42.28
93,1,22,450,1994,42.95
93,1,22,450,1995,44.35
93,1,22,450,1996,45.25
93,1,22,450,1997,45.22
93,1,22,450,1998,48.02
93,1,22,450,1999,49.79
93,1,22,450,2000,51.22
93,1,22,450,2001,52.52
93,1,22,450,2002,55.14
93,1,22,450,2003,57.23
93,1,22,450,2004,59.53
93,1,22,450,2005,60.25
93,1,22,450,2006,61.01
93,1,22,450,2007,62.03
93,1,22,450,2008,63.8
93,1,22,450,2009,63.83
93,1,22,450,2010,64.89
93,1,22,450,2011,65.3
93,1,22,450,2012,66.54
93,1,22,450,2013,69.76
93,1,22,450,2014,70.69
93,1,22,450,2015,72.51
93,1,22,450,2016,74.27
93,2,22,450,1990,15.07
93,2,22,450,1991,16.14
93,2,22,450,1992,16.77
93,2,22,450,1993,17.42
93,2,22,450,1994,18.19
93,2,22,450,1995,18.49
93,2,22,450,1996,18.82
93,2,22,450,1997,18.53
93,2,22,450,1998,19.08
93,2,22,450,1999,19.18
93,2,22,450,2000,19.31
93,2,22,450,2001,19.27
93,2,22,450,2002,18.94
93,2,22,450,2003,19.44
93,2,22,450,2004,20.37
93,2,22,450,2005,20.77
93,2,22,450,2006,21.28
93,2,22,450,2007,21.39
93,2,22,450,2008,21.93
93,2,22,450,2009,21.81
93,2,22,450,2010,22.57
93,2,22,450,2011,22.44
93,2,22,450,2012,22.55
93,2,22,450,2013,22.91
93,2,22,450,2014,23.7
93,2,22,450,2015,24.48
93,2,22,450,2016,24.46
93,3,22,450,1990,51.93
93,3,22,450,1991,54.39
93,3,22,450,1992,56.76
93,3,22,450,1993,59.7
93,3,22,450,1994,61.13
93,3,22,450,1995,62.84
93,3,22,450,1996,64.07
93,3,22,450,1997,63.75
93,3,22,450,1998,67.1
93,3,22,450,1999,68.98
93,3,22,450,2000,70.53
93,3,22,450,2001,71.79
93,3,22,450,2002,74.08
93,3,22,450,2003,76.67
93,3,22,450,2004,79.9
93,3,22,450,2005,81.01
93,3,22,450,2006,82.29
93,3,22,450,2007,83.42
93,3,22,450,2008,85.73
93,3,22,450,2009,85.65
93,3,22,450,2010,87.46
93,3,22,450,2011,87.74
93,3,22,450,2012,89.09
93,3,22,450,2013,92.66
93,3,22,450,2014,94.39
93,3,22,450,2015,96.98
93,3,22,450,2016,98.73
94,1,22,450,1990,61.38
94,1,22,450,1991,61.83
94,1,22,450,1992,62.83
94,1,22,450,1993,64.89
94,1,22,450,1994,65.93
94,1,22,450,1995,68.94
94,1,22,450,1996,70.7
94,1,22,450,1997,71.63
94,1,22,450,1998,73.68
94,1,22,450,1999,74.01
94,1,22,450,2000,74.57
94,1,22,450,2001,76.54
94,1,22,450,2002,77.29
94,1,22,450,2003,79.39
94,1,22,450,2004,80.58
94,1,22,450,2005,83.71
94,1,22,450,2006,84.1
94,1,22,450,2007,85.51
94,1,22,450,2008,86.59
94,1,22,450,2009,88.58
94,1,22,450,2010,90.03
94,1,22,450,2011,89.67
94,1,22,450,2012,92.1
94,1,22,450,2013,94.21
94,1,22,450,2014,97.69
94,1,22,450,2015,100.62
94,1,22,450,2016,104.15
94,2,22,450,1990,12.64
94,2,22,450,1991,12.87
94,2,22,450,1992,13.22
94,2,22,450,1993,13.93
94,2,22,450,1994,14.44
94,2,22,450,1995,14.82
94,2,22,450,1996,15.35
94,2,22,450,1997,16.08
94,2,22,450,1998,16.25
94,2,22,450,1999,17.38
94,2,22,450,2000,18.24
94,2,22,450,2001,18.74
94,2,22,450,2002,19.07
94,2,22,450,2003,19.15
94,2,22,450,2004,18.78
94,2,22,450,2005,19.61
94,2,22,450,2006,20.06
94,2,22,450,2007,20.76
94,2,22,450,2008,20.84
94,2,22,450,2009,21.85
94,2,22,450,2010,22.3
94,2,22,450,2011,22.38
94,2,22,450,2012,24.15
94,2,22,450,2013,24.18
94,2,22,450,2014,23.65
94,2,22,450,2015,24.58
94,2,22,450,2016,25.06
94,3,22,450,1990,74.02
94,3,22,450,1991,74.7
94,3,22,450,1992,76.04
94,3,22,450,1993,78.82
94,3,22,450,1994,80.36
94,3,22,450,1995,83.76
94,3,22,450,1996,86.05
94,3,22,450,1997,87.7
94,3,22,450,1998,89.94
94,3,22,450,1999,91.39
94,3,22,450,2000,92.81
94,3,22,450,2001,95.28
94,3,22,450,2002,96.36
94,3,22,450,2003,98.54
94,3,22,450,2004,99.36
94,3,22,450,2005,103.32
94,3,22,450,2006,104.17
94,3,22,450,2007,106.27
94,3,22,450,2008,107.43
94,3,22,450,2009,110.43
94,3,22,450,2010,112.33
94,3,22,450,2011,112.05
94,3,22,450,2012,116.25
94,3,22,450,2013,118.39
94,3,22,450,2014,121.34
94,3,22,450,2015,125.2
94,3,22,450,2016,129.21
95,1,22,450,1990,278.83
95,1,22,450,1991,296.19
95,1,22,450,1992,305.3
95,1,22,450,1993,318.46
95,1,22,450,1994,333.97
95,1,22,450,1995,342.98
95,1,22,450,1996,356.17
95,1,22,450,1997,371.44
95,1,22,450,1998,384.23
95,1,22,450,1999,402.85
95,1,22,450,2000,415.28
95,1,22,450,2001,445.16
95,1,22,450,2002,460.73
95,1,22,450,2003,471.42
95,1,22,450,2004,492.23
95,1,22,450,2005,514.24
95,1,22,450,2006,530.88
95,1,22,450,2007,558.66
95,1,22,450,2008,578.34
95,1,22,450,2009,613.64
95,1,22,450,2010,642.49
95,1,22,450,2011,673.58
95,1,22,450,2012,710.25
95,1,22,450,2013,750.6
95,1,22,450,2014,777.55
95,1,22,450,2015,796.35
95,1,22,450,2016,806.2
95,2,22,450,1990,151.02
95,2,22,450,1991,152.78
95,2,22,450,1992,154.86
95,2,22,450,1993,158.81
95,2,22,450,1994,163.04
95,2,22,450,1995,164.28
95,2,22,450,1996,166.92
95,2,22,450,1997,170.26
95,2,22,450,1998,171.81
95,2,22,450,1999,172.18
95,2,22,450,2000,173.72
95,2,22,450,2001,176.08
95,2,22,450,2002,177.37
95,2,22,450,2003,176.63
95,2,22,450,2004,178.52
95,2,22,450,2005,179.7
95,2,22,450,2006,180.15
95,2,22,450,2007,181.85
95,2,22,450,2008,185.16
95,2,22,450,2009,187.51
95,2,22,450,2010,191.17
95,2,22,450,2011,195.69
95,2,22,450,2012,201.33
95,2,22,450,2013,205.56
95,2,22,450,2014,208.87
95,2,22,450,2015,211.37
95,2,22,450,2016,214.96
95,3,22,450,1990,429.86
95,3,22,450,1991,448.97
95,3,22,450,1992,460.16
95,3,22,450,1993,477.27
95,3,22,450,1994,497.02
95,3,22,450,1995,507.26
95,3,22,450,1996,523.09
95,3,22,450,1997,541.69
95,3,22,450,1998,556.04
95,3,22,450,1999,575.03
95,3,22,450,2000,589
95,3,22,450,2001,621.24
95,3,22,450,2002,638.1
95,3,22,450,2003,648.05
95,3,22,450,2004,670.75
95,3,22,450,2005,693.95
95,3,22,450,2006,711.03
95,3,22,450,2007,740.51
95,3,22,450,2008,763.5
95,3,22,450,2009,801.15
95,3,22,450,2010,833.67
95,3,22,450,2011,869.27
95,3,22,450,2012,911.58
95,3,22,450,2013,956.16
95,3,22,450,2014,986.42
95,3,22,450,2015,1007.72
95,3,22,450,2016,1021.16
97,1,22,450,1990,114.1
97,1,22,450,1991,114.39
97,1,22,450,1992,112.54
97,1,22,450,1993,111.5
97,1,22,450,1994,112.5
97,1,22,450,1995,108.01
97,1,22,450,1996,103.15
97,1,22,450,1997,91.33
97,1,22,450,1998,85.4
97,1,22,450,1999,84.37
97,1,22,450,2000,82.44
97,1,22,450,2001,82.85
97,1,22,450,2002,80.41
97,1,22,450,2003,80.1
97,1,22,450,2004,79.4
97,1,22,450,2005,80.02
97,1,22,450,2006,79.46
97,1,22,450,2007,80.66
97,1,22,450,2008,82.08
97,1,22,450,2009,82.77
97,1,22,450,2010,85.62
97,1,22,450,2011,85.98
97,1,22,450,2012,89.06
97,1,22,450,2013,92.31
97,1,22,450,2014,94.66
97,1,22,450,2015,99.75
97,1,22,450,2016,101.97
97,2,22,450,1990,15.68
97,2,22,450,1991,15.6
97,2,22,450,1992,15.57
97,2,22,450,1993,15.35
97,2,22,450,1994,15.17
97,2,22,450,1995,15
97,2,22,450,1996,14.93
97,2,22,450,1997,13.35
97,2,22,450,1998,12.22
97,2,22,450,1999,12.37
97,2,22,450,2000,12.14
97,2,22,450,2001,12.05
97,2,22,450,2002,12.39
97,2,22,450,2003,12.6
97,2,22,450,2004,12.69
97,2,22,450,2005,12.68
97,2,22,450,2006,13.26
97,2,22,450,2007,13.53
97,2,22,450,2008,13.54
97,2,22,450,2009,13.86
97,2,22,450,2010,14.25
97,2,22,450,2011,14.53
97,2,22,450,2012,15.57
97,2,22,450,2013,16.29
97,2,22,450,2014,16.87
97,2,22,450,2015,17.04
97,2,22,450,2016,17.33
97,3,22,450,1990,129.78
97,3,22,450,1991,129.99
97,3,22,450,1992,128.11
97,3,22,450,1993,126.86
97,3,22,450,1994,127.67
97,3,22,450,1995,123.01
97,3,22,450,1996,118.08
97,3,22,450,1997,104.68
97,3,22,450,1998,97.63
97,3,22,450,1999,96.74
97,3,22,450,2000,94.58
97,3,22,450,2001,94.9
97,3,22,450,2002,92.8
97,3,22,450,2003,92.7
97,3,22,450,2004,92.09
97,3,22,450,2005,92.7
97,3,22,450,2006,92.72
97,3,22,450,2007,94.18
97,3,22,450,2008,95.62
97,3,22,450,2009,96.63
97,3,22,450,2010,99.87
97,3,22,450,2011,100.51
97,3,22,450,2012,104.63
97,3,22,450,2013,108.59
97,3,22,450,2014,111.53
97,3,22,450,2015,116.79
97,3,22,450,2016,119.3
98,1,22,450,1990,18.72
98,1,22,450,1991,19.21
98,1,22,450,1992,19.32
98,1,22,450,1993,19.77
98,1,22,450,1994,20.12
98,1,22,450,1995,20.85
98,1,22,450,1996,20.15
98,1,22,450,1997,20.35
98,1,22,450,1998,21.06
98,1,22,450,1999,21.95
98,1,22,450,2000,22.13
98,1,22,450,2001,22.88
98,1,22,450,2002,23.79
98,1,22,450,2003,23.88
98,1,22,450,2004,24.06
98,1,22,450,2005,24.9
98,1,22,450,2006,25.04
98,1,22,450,2007,25.85
98,1,22,450,2008,26.94
98,1,22,450,2009,27.49
98,1,22,450,2010,27.93
98,1,22,450,2011,29.1
98,1,22,450,2012,30.32
98,1,22,450,2013,32.48
98,1,22,450,2014,32.75
98,1,22,450,2015,35.29
98,1,22,450,2016,37.25
98,2,22,450,1990,3.78
98,2,22,450,1991,3.8
98,2,22,450,1992,3.73
98,2,22,450,1993,3.81
98,2,22,450,1994,3.94
98,2,22,450,1995,4.03
98,2,22,450,1996,3.92
98,2,22,450,1997,3.81
98,2,22,450,1998,3.92
98,2,22,450,1999,4.04
98,2,22,450,2000,4.34
98,2,22,450,2001,4.67
98,2,22,450,2002,5.11
98,2,22,450,2003,5.52
98,2,22,450,2004,5.89
98,2,22,450,2005,6.13
98,2,22,450,2006,6.2
98,2,22,450,2007,6.45
98,2,22,450,2008,6.64
98,2,22,450,2009,6.71
98,2,22,450,2010,6.91
98,2,22,450,2011,7.28
98,2,22,450,2012,7.43
98,2,22,450,2013,7.67
98,2,22,450,2014,8.03
98,2,22,450,2015,8.32
98,2,22,450,2016,8.65
98,3,22,450,1990,22.5
98,3,22,450,1991,23.01
98,3,22,450,1992,23.05
98,3,22,450,1993,23.59
98,3,22,450,1994,24.06
98,3,22,450,1995,24.87
98,3,22,450,1996,24.07
98,3,22,450,1997,24.16
98,3,22,450,1998,24.98
98,3,22,450,1999,25.98
98,3,22,450,2000,26.48
98,3,22,450,2001,27.56
98,3,22,450,2002,28.9
98,3,22,450,2003,29.41
98,3,22,450,2004,29.94
98,3,22,450,2005,31.02
98,3,22,450,2006,31.24
98,3,22,450,2007,32.31
98,3,22,450,2008,33.58
98,3,22,450,2009,34.19
98,3,22,450,2010,34.84
98,3,22,450,2011,36.39
98,3,22,450,2012,37.75
98,3,22,450,2013,40.15
98,3,22,450,2014,40.78
98,3,22,450,2015,43.61
98,3,22,450,2016,45.9
99,1,22,450,1990,20.7
99,1,22,450,1991,20.32
99,1,22,450,1992,20.31
99,1,22,450,1993,20.14
99,1,22,450,1994,20.2
99,1,22,450,1995,20.09
99,1,22,450,1996,19.86
99,1,22,450,1997,19.25
99,1,22,450,1998,19.59
99,1,22,450,1999,19.87
99,1,22,450,2000,20.23
99,1,22,450,2001,19.66
99,1,22,450,2002,18.68
99,1,22,450,2003,19.49
99,1,22,450,2004,19.07
99,1,22,450,2005,18.45
99,1,22,450,2006,17.12
99,1,22,450,2007,17.01
99,1,22,450,2008,17.17
99,1,22,450,2009,16.47
99,1,22,450,2010,17.02
99,1,22,450,2011,17.65
99,1,22,450,2012,18.11
99,1,22,450,2013,18.73
99,1,22,450,2014,19.14
99,1,22,450,2015,19.84
99,1,22,450,2016,20.36
99,2,22,450,1990,2.05
99,2,22,450,1991,1.96
99,2,22,450,1992,2.07
99,2,22,450,1993,2.16
99,2,22,450,1994,2.17
99,2,22,450,1995,2.11
99,2,22,450,1996,2.09
99,2,22,450,1997,1.92
99,2,22,450,1998,2.03
99,2,22,450,1999,1.98
99,2,22,450,2000,2.27
99,2,22,450,2001,2.56
99,2,22,450,2002,2.68
99,2,22,450,2003,2.81
99,2,22,450,2004,2.55
99,2,22,450,2005,2.31
99,2,22,450,2006,2.04
99,2,22,450,2007,2.18
99,2,22,450,2008,1.99
99,2,22,450,2009,1.97
99,2,22,450,2010,1.94
99,2,22,450,2011,1.97
99,2,22,450,2012,1.92
99,2,22,450,2013,2.06
99,2,22,450,2014,1.91
99,2,22,450,2015,2.03
99,2,22,450,2016,2.09
99,3,22,450,1990,22.76
99,3,22,450,1991,22.28
99,3,22,450,1992,22.38
99,3,22,450,1993,22.3
99,3,22,450,1994,22.37
99,3,22,450,1995,22.2
99,3,22,450,1996,21.95
99,3,22,450,1997,21.17
99,3,22,450,1998,21.62
99,3,22,450,1999,21.85
99,3,22,450,2000,22.49
99,3,22,450,2001,22.22
99,3,22,450,2002,21.36
99,3,22,450,2003,22.3
99,3,22,450,2004,21.61
99,3,22,450,2005,20.76
99,3,22,450,2006,19.17
99,3,22,450,2007,19.19
99,3,22,450,2008,19.16
99,3,22,450,2009,18.44
99,3,22,450,2010,18.96
99,3,22,450,2011,19.61
99,3,22,450,2012,20.04
99,3,22,450,2013,20.79
99,3,22,450,2014,21.04
99,3,22,450,2015,21.87
99,3,22,450,2016,22.45
101,1,22,450,1990,151.07
101,1,22,450,1991,151.24
101,1,22,450,1992,152.7
101,1,22,450,1993,152.73
101,1,22,450,1994,151.46
101,1,22,450,1995,152.52
101,1,22,450,1996,151.52
101,1,22,450,1997,154.92
101,1,22,450,1998,154.37
101,1,22,450,1999,156.45
101,1,22,450,2000,157.79
101,1,22,450,2001,159.18
101,1,22,450,2002,161.14
101,1,22,450,2003,161.87
101,1,22,450,2004,158.75
101,1,22,450,2005,164.52
101,1,22,450,2006,154.2
101,1,22,450,2007,165.37
101,1,22,450,2008,172.98
101,1,22,450,2009,181.64
101,1,22,450,2010,188.22
101,1,22,450,2011,197.42
101,1,22,450,2012,204.43
101,1,22,450,2013,213.71
101,1,22,450,2014,220.8
101,1,22,450,2015,228.32
101,1,22,450,2016,238.78
101,2,22,450,1990,36.48
101,2,22,450,1991,36.87
101,2,22,450,1992,37.83
101,2,22,450,1993,38.61
101,2,22,450,1994,39.59
101,2,22,450,1995,41.23
101,2,22,450,1996,41.34
101,2,22,450,1997,42.64
101,2,22,450,1998,42.97
101,2,22,450,1999,42.25
101,2,22,450,2000,43.23
101,2,22,450,2001,43.13
101,2,22,450,2002,43.32
101,2,22,450,2003,41.26
101,2,22,450,2004,41.38
101,2,22,450,2005,43.47
101,2,22,450,2006,41.04
101,2,22,450,2007,44.03
101,2,22,450,2008,45.54
101,2,22,450,2009,46.18
101,2,22,450,2010,48.91
101,2,22,450,2011,49.6
101,2,22,450,2012,50.7
101,2,22,450,2013,52.22
101,2,22,450,2014,53.69
101,2,22,450,2015,55.29
101,2,22,450,2016,56.77
101,3,22,450,1990,187.54
101,3,22,450,1991,188.11
101,3,22,450,1992,190.53
101,3,22,450,1993,191.33
101,3,22,450,1994,191.05
101,3,22,450,1995,193.75
101,3,22,450,1996,192.86
101,3,22,450,1997,197.56
101,3,22,450,1998,197.34
101,3,22,450,1999,198.7
101,3,22,450,2000,201.02
101,3,22,450,2001,202.32
101,3,22,450,2002,204.46
101,3,22,450,2003,203.13
101,3,22,450,2004,200.13
101,3,22,450,2005,207.99
101,3,22,450,2006,195.24
101,3,22,450,2007,209.39
101,3,22,450,2008,218.52
101,3,22,450,2009,227.82
101,3,22,450,2010,237.13
101,3,22,450,2011,247.02
101,3,22,450,2012,255.12
101,3,22,450,2013,265.93
101,3,22,450,2014,274.49
101,3,22,450,2015,283.61
101,3,22,450,2016,295.54
102,1,22,450,1990,2185.47
102,1,22,450,1991,2195.56
102,1,22,450,1992,2216.34
102,1,22,450,1993,2241.64
102,1,22,450,1994,2264.09
102,1,22,450,1995,2265.47
102,1,22,450,1996,2271.46
102,1,22,450,1997,2285.79
102,1,22,450,1998,2304.65
102,1,22,450,1999,2323.63
102,1,22,450,2000,2360.36
102,1,22,450,2001,2437.58
102,1,22,450,2002,2494.56
102,1,22,450,2003,2553.72
102,1,22,450,2004,2622.77
102,1,22,450,2005,2665.26
102,1,22,450,2006,2709.36
102,1,22,450,2007,2807.87
102,1,22,450,2008,2932.53
102,1,22,450,2009,3075.08
102,1,22,450,2010,3211.3
102,1,22,450,2011,3316.97
102,1,22,450,2012,3415.45
102,1,22,450,2013,3497.53
102,1,22,450,2014,3597.29
102,1,22,450,2015,3683.45
102,1,22,450,2016,3756.37
102,2,22,450,1990,869.3
102,2,22,450,1991,871.33
102,2,22,450,1992,874.44
102,2,22,450,1993,878.36
102,2,22,450,1994,887.99
102,2,22,450,1995,894.19
102,2,22,450,1996,877.5
102,2,22,450,1997,870.37
102,2,22,450,1998,869.69
102,2,22,450,1999,868.04
102,2,22,450,2000,861.8
102,2,22,450,2001,868.45
102,2,22,450,2002,869.49
102,2,22,450,2003,864.82
102,2,22,450,2004,873.63
102,2,22,450,2005,878.92
102,2,22,450,2006,879.3
102,2,22,450,2007,894.9
102,2,22,450,2008,917.45
102,2,22,450,2009,944
102,2,22,450,2010,975.93
102,2,22,450,2011,999.2
102,2,22,450,2012,1024.7
102,2,22,450,2013,1044.59
102,2,22,450,2014,1068.36
102,2,22,450,2015,1099.38
102,2,22,450,2016,1127.4
102,3,22,450,1990,3054.77
102,3,22,450,1991,3066.89
102,3,22,450,1992,3090.79
102,3,22,450,1993,3120
102,3,22,450,1994,3152.08
102,3,22,450,1995,3159.66
102,3,22,450,1996,3148.96
102,3,22,450,1997,3156.17
102,3,22,450,1998,3174.34
102,3,22,450,1999,3191.67
102,3,22,450,2000,3222.16
102,3,22,450,2001,3306.03
102,3,22,450,2002,3364.05
102,3,22,450,2003,3418.54
102,3,22,450,2004,3496.4
102,3,22,450,2005,3544.18
102,3,22,450,2006,3588.66
102,3,22,450,2007,3702.77
102,3,22,450,2008,3849.98
102,3,22,450,2009,4019.07
102,3,22,450,2010,4187.23
102,3,22,450,2011,4316.17
102,3,22,450,2012,4440.15
102,3,22,450,2013,4542.12
102,3,22,450,2014,4665.64
102,3,22,450,2015,4782.83
102,3,22,450,2016,4883.76
105,1,22,450,1990,0.28
105,1,22,450,1991,0.28
105,1,22,450,1992,0.28
105,1,22,450,1993,0.28
105,1,22,450,1994,0.29
105,1,22,450,1995,0.29
105,1,22,450,1996,0.29
105,1,22,450,1997,0.29
105,1,22,450,1998,0.29
105,1,22,450,1999,0.29
105,1,22,450,2000,0.28
105,1,22,450,2001,0.29
105,1,22,450,2002,0.3
105,1,22,450,2003,0.28
105,1,22,450,2004,0.29
105,1,22,450,2005,0.28
105,1,22,450,2006,0.28
105,1,22,450,2007,0.28
105,1,22,450,2008,0.28
105,1,22,450,2009,0.3
105,1,22,450,2010,0.3
105,1,22,450,2011,0.31
105,1,22,450,2012,0.31
105,1,22,450,2013,0.32
105,1,22,450,2014,0.34
105,1,22,450,2015,0.36
105,1,22,450,2016,0.39
105,2,22,450,1990,0.04
105,2,22,450,1991,0.04
105,2,22,450,1992,0.03
105,2,22,450,1993,0.04
105,2,22,450,1994,0.04
105,2,22,450,1995,0.04
105,2,22,450,1996,0.04
105,2,22,450,1997,0.04
105,2,22,450,1998,0.04
105,2,22,450,1999,0.04
105,2,22,450,2000,0.04
105,2,22,450,2001,0.04
105,2,22,450,2002,0.04
105,2,22,450,2003,0.04
105,2,22,450,2004,0.04
105,2,22,450,2005,0.04
105,2,22,450,2006,0.03
105,2,22,450,2007,0.04
105,2,22,450,2008,0.04
105,2,22,450,2009,0.03
105,2,22,450,2010,0.04
105,2,22,450,2011,0.04
105,2,22,450,2012,0.04
105,2,22,450,2013,0.03
105,2,22,450,2014,0.04
105,2,22,450,2015,0.04
105,2,22,450,2016,0.04
105,3,22,450,1990,0.32
105,3,22,450,1991,0.32
105,3,22,450,1992,0.31
105,3,22,450,1993,0.32
105,3,22,450,1994,0.33
105,3,22,450,1995,0.33
105,3,22,450,1996,0.33
105,3,22,450,1997,0.34
105,3,22,450,1998,0.33
105,3,22,450,1999,0.32
105,3,22,450,2000,0.32
105,3,22,450,2001,0.33
105,3,22,450,2002,0.34
105,3,22,450,2003,0.32
105,3,22,450,2004,0.33
105,3,22,450,2005,0.31
105,3,22,450,2006,0.31
105,3,22,450,2007,0.32
105,3,22,450,2008,0.32
105,3,22,450,2009,0.33
105,3,22,450,2010,0.34
105,3,22,450,2011,0.35
105,3,22,450,2012,0.35
105,3,22,450,2013,0.35
105,3,22,450,2014,0.38
105,3,22,450,2015,0.41
105,3,22,450,2016,0.43
106,1,22,450,1990,1.31
106,1,22,450,1991,1.31
106,1,22,450,1992,1.32
106,1,22,450,1993,1.31
106,1,22,450,1994,1.41
106,1,22,450,1995,1.4
106,1,22,450,1996,1.45
106,1,22,450,1997,1.48
106,1,22,450,1998,1.54
106,1,22,450,1999,1.53
106,1,22,450,2000,1.52
106,1,22,450,2001,1.62
106,1,22,450,2002,1.7
106,1,22,450,2003,1.66
106,1,22,450,2004,1.74
106,1,22,450,2005,1.71
106,1,22,450,2006,1.71
106,1,22,450,2007,1.72
106,1,22,450,2008,1.74
106,1,22,450,2009,1.84
106,1,22,450,2010,1.96
106,1,22,450,2011,1.93
106,1,22,450,2012,1.96
106,1,22,450,2013,2.06
106,1,22,450,2014,2.19
106,1,22,450,2015,2.31
106,1,22,450,2016,2.43
106,2,22,450,1990,0.3
106,2,22,450,1991,0.3
106,2,22,450,1992,0.31
106,2,22,450,1993,0.33
106,2,22,450,1994,0.3
106,2,22,450,1995,0.32
106,2,22,450,1996,0.33
106,2,22,450,1997,0.37
106,2,22,450,1998,0.36
106,2,22,450,1999,0.32
106,2,22,450,2000,0.34
106,2,22,450,2001,0.35
106,2,22,450,2002,0.38
106,2,22,450,2003,0.38
106,2,22,450,2004,0.36
106,2,22,450,2005,0.36
106,2,22,450,2006,0.34
106,2,22,450,2007,0.38
106,2,22,450,2008,0.39
106,2,22,450,2009,0.36
106,2,22,450,2010,0.4
106,2,22,450,2011,0.4
106,2,22,450,2012,0.39
106,2,22,450,2013,0.32
106,2,22,450,2014,0.38
106,2,22,450,2015,0.4
106,2,22,450,2016,0.43
106,3,22,450,1990,1.61
106,3,22,450,1991,1.61
106,3,22,450,1992,1.63
106,3,22,450,1993,1.64
106,3,22,450,1994,1.71
106,3,22,450,1995,1.71
106,3,22,450,1996,1.77
106,3,22,450,1997,1.85
106,3,22,450,1998,1.89
106,3,22,450,1999,1.86
106,3,22,450,2000,1.86
106,3,22,450,2001,1.97
106,3,22,450,2002,2.08
106,3,22,450,2003,2.04
106,3,22,450,2004,2.1
106,3,22,450,2005,2.08
106,3,22,450,2006,2.05
106,3,22,450,2007,2.1
106,3,22,450,2008,2.14
106,3,22,450,2009,2.21
106,3,22,450,2010,2.36
106,3,22,450,2011,2.33
106,3,22,450,2012,2.36
106,3,22,450,2013,2.39
106,3,22,450,2014,2.56
106,3,22,450,2015,2.71
106,3,22,450,2016,2.86
107,1,22,450,1990,1.68
107,1,22,450,1991,1.71
107,1,22,450,1992,1.7
107,1,22,450,1993,1.69
107,1,22,450,1994,1.8
107,1,22,450,1995,1.74
107,1,22,450,1996,1.75
107,1,22,450,1997,1.74
107,1,22,450,1998,1.71
107,1,22,450,1999,1.72
107,1,22,450,2000,1.72
107,1,22,450,2001,1.8
107,1,22,450,2002,1.83
107,1,22,450,2003,1.73
107,1,22,450,2004,1.8
107,1,22,450,2005,1.74
107,1,22,450,2006,1.76
107,1,22,450,2007,1.77
107,1,22,450,2008,1.78
107,1,22,450,2009,1.88
107,1,22,450,2010,1.99
107,1,22,450,2011,1.93
107,1,22,450,2012,1.93
107,1,22,450,2013,1.96
107,1,22,450,2014,2.07
107,1,22,450,2015,2.14
107,1,22,450,2016,2.23
107,2,22,450,1990,0.33
107,2,22,450,1991,0.31
107,2,22,450,1992,0.3
107,2,22,450,1993,0.33
107,2,22,450,1994,0.3
107,2,22,450,1995,0.31
107,2,22,450,1996,0.31
107,2,22,450,1997,0.31
107,2,22,450,1998,0.31
107,2,22,450,1999,0.31
107,2,22,450,2000,0.32
107,2,22,450,2001,0.31
107,2,22,450,2002,0.32
107,2,22,450,2003,0.31
107,2,22,450,2004,0.3
107,2,22,450,2005,0.29
107,2,22,450,2006,0.27
107,2,22,450,2007,0.3
107,2,22,450,2008,0.31
107,2,22,450,2009,0.28
107,2,22,450,2010,0.3
107,2,22,450,2011,0.3
107,2,22,450,2012,0.28
107,2,22,450,2013,0.24
107,2,22,450,2014,0.27
107,2,22,450,2015,0.29
107,2,22,450,2016,0.3
107,3,22,450,1990,2.01
107,3,22,450,1991,2.02
107,3,22,450,1992,1.99
107,3,22,450,1993,2.02
107,3,22,450,1994,2.1
107,3,22,450,1995,2.05
107,3,22,450,1996,2.06
107,3,22,450,1997,2.05
107,3,22,450,1998,2.02
107,3,22,450,1999,2.03
107,3,22,450,2000,2.04
107,3,22,450,2001,2.11
107,3,22,450,2002,2.15
107,3,22,450,2003,2.05
107,3,22,450,2004,2.1
107,3,22,450,2005,2.04
107,3,22,450,2006,2.04
107,3,22,450,2007,2.07
107,3,22,450,2008,2.09
107,3,22,450,2009,2.16
107,3,22,450,2010,2.29
107,3,22,450,2011,2.23
107,3,22,450,2012,2.21
107,3,22,450,2013,2.2
107,3,22,450,2014,2.34
107,3,22,450,2015,2.42
107,3,22,450,2016,2.53
108,1,22,450,1990,0.19
108,1,22,450,1991,0.2
108,1,22,450,1992,0.21
108,1,22,450,1993,0.21
108,1,22,450,1994,0.23
108,1,22,450,1995,0.25
108,1,22,450,1996,0.27
108,1,22,450,1997,0.28
108,1,22,450,1998,0.3
108,1,22,450,1999,0.3
108,1,22,450,2000,0.3
108,1,22,450,2001,0.31
108,1,22,450,2002,0.31
108,1,22,450,2003,0.3
108,1,22,450,2004,0.31
108,1,22,450,2005,0.29
108,1,22,450,2006,0.31
108,1,22,450,2007,0.32
108,1,22,450,2008,0.34
108,1,22,450,2009,0.38
108,1,22,450,2010,0.42
108,1,22,450,2011,0.41
108,1,22,450,2012,0.42
108,1,22,450,2013,0.43
108,1,22,450,2014,0.45
108,1,22,450,2015,0.48
108,1,22,450,2016,0.5
108,2,22,450,1990,0.08
108,2,22,450,1991,0.09
108,2,22,450,1992,0.09
108,2,22,450,1993,0.1
108,2,22,450,1994,0.09
108,2,22,450,1995,0.09
108,2,22,450,1996,0.1
108,2,22,450,1997,0.11
108,2,22,450,1998,0.11
108,2,22,450,1999,0.1
108,2,22,450,2000,0.1
108,2,22,450,2001,0.1
108,2,22,450,2002,0.11
108,2,22,450,2003,0.1
108,2,22,450,2004,0.1
108,2,22,450,2005,0.1
108,2,22,450,2006,0.1
108,2,22,450,2007,0.11
108,2,22,450,2008,0.11
108,2,22,450,2009,0.11
108,2,22,450,2010,0.12
108,2,22,450,2011,0.12
108,2,22,450,2012,0.11
108,2,22,450,2013,0.1
108,2,22,450,2014,0.12
108,2,22,450,2015,0.12
108,2,22,450,2016,0.13
108,3,22,450,1990,0.27
108,3,22,450,1991,0.28
108,3,22,450,1992,0.3
108,3,22,450,1993,0.31
108,3,22,450,1994,0.33
108,3,22,450,1995,0.34
108,3,22,450,1996,0.36
108,3,22,450,1997,0.39
108,3,22,450,1998,0.4
108,3,22,450,1999,0.4
108,3,22,450,2000,0.4
108,3,22,450,2001,0.41
108,3,22,450,2002,0.42
108,3,22,450,2003,0.4
108,3,22,450,2004,0.41
108,3,22,450,2005,0.39
108,3,22,450,2006,0.4
108,3,22,450,2007,0.43
108,3,22,450,2008,0.46
108,3,22,450,2009,0.49
108,3,22,450,2010,0.54
108,3,22,450,2011,0.53
108,3,22,450,2012,0.53
108,3,22,450,2013,0.53
108,3,22,450,2014,0.57
108,3,22,450,2015,0.6
108,3,22,450,2016,0.63
109,1,22,450,1990,48.58
109,1,22,450,1991,48.79
109,1,22,450,1992,49.47
109,1,22,450,1993,49.05
109,1,22,450,1994,48.2
109,1,22,450,1995,46.89
109,1,22,450,1996,45.06
109,1,22,450,1997,40.79
109,1,22,450,1998,40.99
109,1,22,450,1999,41.17
109,1,22,450,2000,40.62
109,1,22,450,2001,40.26
109,1,22,450,2002,41.91
109,1,22,450,2003,44.95
109,1,22,450,2004,46.43
109,1,22,450,2005,48.75
109,1,22,450,2006,51.75
109,1,22,450,2007,54.18
109,1,22,450,2008,57
109,1,22,450,2009,58.9
109,1,22,450,2010,63.12
109,1,22,450,2011,67.03
109,1,22,450,2012,70.26
109,1,22,450,2013,73.19
109,1,22,450,2014,77.7
109,1,22,450,2015,79.65
109,1,22,450,2016,84.48
109,2,22,450,1990,10.59
109,2,22,450,1991,10.63
109,2,22,450,1992,10.78
109,2,22,450,1993,10.64
109,2,22,450,1994,10.53
109,2,22,450,1995,10.02
109,2,22,450,1996,9.83
109,2,22,450,1997,9.1
109,2,22,450,1998,8.73
109,2,22,450,1999,8.49
109,2,22,450,2000,9.09
109,2,22,450,2001,9.03
109,2,22,450,2002,9.43
109,2,22,450,2003,9.66
109,2,22,450,2004,9.49
109,2,22,450,2005,9.89
109,2,22,450,2006,10.61
109,2,22,450,2007,10.8
109,2,22,450,2008,11.01
109,2,22,450,2009,11.45
109,2,22,450,2010,11.93
109,2,22,450,2011,12.5
109,2,22,450,2012,12.83
109,2,22,450,2013,12.81
109,2,22,450,2014,13.67
109,2,22,450,2015,14
109,2,22,450,2016,14.43
109,3,22,450,1990,59.17
109,3,22,450,1991,59.43
109,3,22,450,1992,60.25
109,3,22,450,1993,59.69
109,3,22,450,1994,58.72
109,3,22,450,1995,56.91
109,3,22,450,1996,54.89
109,3,22,450,1997,49.88
109,3,22,450,1998,49.71
109,3,22,450,1999,49.67
109,3,22,450,2000,49.72
109,3,22,450,2001,49.29
109,3,22,450,2002,51.34
109,3,22,450,2003,54.61
109,3,22,450,2004,55.92
109,3,22,450,2005,58.64
109,3,22,450,2006,62.36
109,3,22,450,2007,64.98
109,3,22,450,2008,68.01
109,3,22,450,2009,70.35
109,3,22,450,2010,75.06
109,3,22,450,2011,79.54
109,3,22,450,2012,83.09
109,3,22,450,2013,86
109,3,22,450,2014,91.37
109,3,22,450,2015,93.65
109,3,22,450,2016,98.9
110,1,22,450,1990,0.33
110,1,22,450,1991,0.34
110,1,22,450,1992,0.34
110,1,22,450,1993,0.34
110,1,22,450,1994,0.36
110,1,22,450,1995,0.36
110,1,22,450,1996,0.36
110,1,22,450,1997,0.36
110,1,22,450,1998,0.37
110,1,22,450,1999,0.36
110,1,22,450,2000,0.35
110,1,22,450,2001,0.36
110,1,22,450,2002,0.37
110,1,22,450,2003,0.35
110,1,22,450,2004,0.36
110,1,22,450,2005,0.35
110,1,22,450,2006,0.35
110,1,22,450,2007,0.35
110,1,22,450,2008,0.36
110,1,22,450,2009,0.38
110,1,22,450,2010,0.4
110,1,22,450,2011,0.4
110,1,22,450,2012,0.4
110,1,22,450,2013,0.41
110,1,22,450,2014,0.43
110,1,22,450,2015,0.45
110,1,22,450,2016,0.49
110,2,22,450,1990,0.07
110,2,22,450,1991,0.07
110,2,22,450,1992,0.06
110,2,22,450,1993,0.07
110,2,22,450,1994,0.07
110,2,22,450,1995,0.07
110,2,22,450,1996,0.07
110,2,22,450,1997,0.07
110,2,22,450,1998,0.07
110,2,22,450,1999,0.06
110,2,22,450,2000,0.06
110,2,22,450,2001,0.06
110,2,22,450,2002,0.06
110,2,22,450,2003,0.06
110,2,22,450,2004,0.06
110,2,22,450,2005,0.06
110,2,22,450,2006,0.05
110,2,22,450,2007,0.06
110,2,22,450,2008,0.06
110,2,22,450,2009,0.05
110,2,22,450,2010,0.06
110,2,22,450,2011,0.06
110,2,22,450,2012,0.06
110,2,22,450,2013,0.05
110,2,22,450,2014,0.06
110,2,22,450,2015,0.06
110,2,22,450,2016,0.06
110,3,22,450,1990,0.4
110,3,22,450,1991,0.41
110,3,22,450,1992,0.4
110,3,22,450,1993,0.41
110,3,22,450,1994,0.43
110,3,22,450,1995,0.43
110,3,22,450,1996,0.43
110,3,22,450,1997,0.43
110,3,22,450,1998,0.43
110,3,22,450,1999,0.42
110,3,22,450,2000,0.41
110,3,22,450,2001,0.42
110,3,22,450,2002,0.43
110,3,22,450,2003,0.41
110,3,22,450,2004,0.42
110,3,22,450,2005,0.4
110,3,22,450,2006,0.4
110,3,22,450,2007,0.41
110,3,22,450,2008,0.42
110,3,22,450,2009,0.43
110,3,22,450,2010,0.46
110,3,22,450,2011,0.46
110,3,22,450,2012,0.46
110,3,22,450,2013,0.46
110,3,22,450,2014,0.49
110,3,22,450,2015,0.51
110,3,22,450,2016,0.55
111,1,22,450,1990,10.62
111,1,22,450,1991,11.07
111,1,22,450,1992,11.53
111,1,22,450,1993,12.02
111,1,22,450,1994,12.51
111,1,22,450,1995,13.13
111,1,22,450,1996,13.54
111,1,22,450,1997,14.14
111,1,22,450,1998,14.93
111,1,22,450,1999,14.6
111,1,22,450,2000,15.17
111,1,22,450,2001,15.56
111,1,22,450,2002,15.97
111,1,22,450,2003,16.53
111,1,22,450,2004,16.96
111,1,22,450,2005,17.86
111,1,22,450,2006,18.83
111,1,22,450,2007,19.65
111,1,22,450,2008,20.75
111,1,22,450,2009,21.92
111,1,22,450,2010,23.2
111,1,22,450,2011,24.14
111,1,22,450,2012,25.2
111,1,22,450,2013,26.45
111,1,22,450,2014,27.45
111,1,22,450,2015,28.99
111,1,22,450,2016,30.54
111,2,22,450,1990,3.87
111,2,22,450,1991,4.05
111,2,22,450,1992,4.25
111,2,22,450,1993,4.5
111,2,22,450,1994,4.71
111,2,22,450,1995,4.96
111,2,22,450,1996,5.17
111,2,22,450,1997,5.37
111,2,22,450,1998,5.54
111,2,22,450,1999,5.45
111,2,22,450,2000,5.63
111,2,22,450,2001,5.79
111,2,22,450,2002,5.94
111,2,22,450,2003,6.13
111,2,22,450,2004,6.19
111,2,22,450,2005,6.55
111,2,22,450,2006,6.87
111,2,22,450,2007,7.15
111,2,22,450,2008,7.55
111,2,22,450,2009,7.94
111,2,22,450,2010,8.33
111,2,22,450,2011,8.71
111,2,22,450,2012,9.03
111,2,22,450,2013,9.4
111,2,22,450,2014,9.79
111,2,22,450,2015,10.24
111,2,22,450,2016,10.72
111,3,22,450,1990,14.5
111,3,22,450,1991,15.12
111,3,22,450,1992,15.78
111,3,22,450,1993,16.53
111,3,22,450,1994,17.23
111,3,22,450,1995,18.09
111,3,22,450,1996,18.7
111,3,22,450,1997,19.51
111,3,22,450,1998,20.47
111,3,22,450,1999,20.05
111,3,22,450,2000,20.8
111,3,22,450,2001,21.34
111,3,22,450,2002,21.92
111,3,22,450,2003,22.66
111,3,22,450,2004,23.15
111,3,22,450,2005,24.41
111,3,22,450,2006,25.69
111,3,22,450,2007,26.8
111,3,22,450,2008,28.29
111,3,22,450,2009,29.87
111,3,22,450,2010,31.53
111,3,22,450,2011,32.86
111,3,22,450,2012,34.23
111,3,22,450,2013,35.85
111,3,22,450,2014,37.24
111,3,22,450,2015,39.23
111,3,22,450,2016,41.25
112,1,22,450,1990,0.32
112,1,22,450,1991,0.32
112,1,22,450,1992,0.31
112,1,22,450,1993,0.3
112,1,22,450,1994,0.32
112,1,22,450,1995,0.31
112,1,22,450,1996,0.31
112,1,22,450,1997,0.31
112,1,22,450,1998,0.32
112,1,22,450,1999,0.32
112,1,22,450,2000,0.32
112,1,22,450,2001,0.33
112,1,22,450,2002,0.34
112,1,22,450,2003,0.32
112,1,22,450,2004,0.33
112,1,22,450,2005,0.32
112,1,22,450,2006,0.32
112,1,22,450,2007,0.32
112,1,22,450,2008,0.32
112,1,22,450,2009,0.33
112,1,22,450,2010,0.35
112,1,22,450,2011,0.34
112,1,22,450,2012,0.34
112,1,22,450,2013,0.35
112,1,22,450,2014,0.36
112,1,22,450,2015,0.37
112,1,22,450,2016,0.39
112,2,22,450,1990,0.08
112,2,22,450,1991,0.08
112,2,22,450,1992,0.07
112,2,22,450,1993,0.08
112,2,22,450,1994,0.07
112,2,22,450,1995,0.08
112,2,22,450,1996,0.08
112,2,22,450,1997,0.08
112,2,22,450,1998,0.08
112,2,22,450,1999,0.08
112,2,22,450,2000,0.08
112,2,22,450,2001,0.08
112,2,22,450,2002,0.08
112,2,22,450,2003,0.08
112,2,22,450,2004,0.08
112,2,22,450,2005,0.08
112,2,22,450,2006,0.07
112,2,22,450,2007,0.08
112,2,22,450,2008,0.08
112,2,22,450,2009,0.07
112,2,22,450,2010,0.08
112,2,22,450,2011,0.08
112,2,22,450,2012,0.08
112,2,22,450,2013,0.07
112,2,22,450,2014,0.08
112,2,22,450,2015,0.09
112,2,22,450,2016,0.09
112,3,22,450,1990,0.4
112,3,22,450,1991,0.39
112,3,22,450,1992,0.38
112,3,22,450,1993,0.38
112,3,22,450,1994,0.39
112,3,22,450,1995,0.38
112,3,22,450,1996,0.39
112,3,22,450,1997,0.39
112,3,22,450,1998,0.39
112,3,22,450,1999,0.39
112,3,22,450,2000,0.4
112,3,22,450,2001,0.4
112,3,22,450,2002,0.42
112,3,22,450,2003,0.4
112,3,22,450,2004,0.41
112,3,22,450,2005,0.4
112,3,22,450,2006,0.39
112,3,22,450,2007,0.4
112,3,22,450,2008,0.4
112,3,22,450,2009,0.41
112,3,22,450,2010,0.43
112,3,22,450,2011,0.42
112,3,22,450,2012,0.42
112,3,22,450,2013,0.42
112,3,22,450,2014,0.44
112,3,22,450,2015,0.46
112,3,22,450,2016,0.48
113,1,22,450,1990,0.81
113,1,22,450,1991,0.81
113,1,22,450,1992,0.81
113,1,22,450,1993,0.82
113,1,22,450,1994,0.87
113,1,22,450,1995,0.87
113,1,22,450,1996,0.87
113,1,22,450,1997,0.86
113,1,22,450,1998,0.85
113,1,22,450,1999,0.81
113,1,22,450,2000,0.76
113,1,22,450,2001,0.8
113,1,22,450,2002,0.83
113,1,22,450,2003,0.8
113,1,22,450,2004,0.84
113,1,22,450,2005,0.83
113,1,22,450,2006,0.83
113,1,22,450,2007,0.83
113,1,22,450,2008,0.84
113,1,22,450,2009,0.89
113,1,22,450,2010,0.95
113,1,22,450,2011,0.94
113,1,22,450,2012,0.96
113,1,22,450,2013,1.03
113,1,22,450,2014,1.08
113,1,22,450,2015,1.14
113,1,22,450,2016,1.19
113,2,22,450,1990,0.26
113,2,22,450,1991,0.25
113,2,22,450,1992,0.24
113,2,22,450,1993,0.27
113,2,22,450,1994,0.25
113,2,22,450,1995,0.27
113,2,22,450,1996,0.27
113,2,22,450,1997,0.29
113,2,22,450,1998,0.28
113,2,22,450,1999,0.25
113,2,22,450,2000,0.25
113,2,22,450,2001,0.24
113,2,22,450,2002,0.26
113,2,22,450,2003,0.26
113,2,22,450,2004,0.25
113,2,22,450,2005,0.25
113,2,22,450,2006,0.24
113,2,22,450,2007,0.27
113,2,22,450,2008,0.28
113,2,22,450,2009,0.27
113,2,22,450,2010,0.3
113,2,22,450,2011,0.31
113,2,22,450,2012,0.32
113,2,22,450,2013,0.32
113,2,22,450,2014,0.33
113,2,22,450,2015,0.35
113,2,22,450,2016,0.34
113,3,22,450,1990,1.07
113,3,22,450,1991,1.06
113,3,22,450,1992,1.05
113,3,22,450,1993,1.08
113,3,22,450,1994,1.13
113,3,22,450,1995,1.13
113,3,22,450,1996,1.14
113,3,22,450,1997,1.15
113,3,22,450,1998,1.13
113,3,22,450,1999,1.06
113,3,22,450,2000,1.01
113,3,22,450,2001,1.04
113,3,22,450,2002,1.08
113,3,22,450,2003,1.05
113,3,22,450,2004,1.09
113,3,22,450,2005,1.08
113,3,22,450,2006,1.07
113,3,22,450,2007,1.1
113,3,22,450,2008,1.12
113,3,22,450,2009,1.16
113,3,22,450,2010,1.25
113,3,22,450,2011,1.25
113,3,22,450,2012,1.28
113,3,22,450,2013,1.35
113,3,22,450,2014,1.42
113,3,22,450,2015,1.49
113,3,22,450,2016,1.53
114,1,22,450,1990,11.38
114,1,22,450,1991,11.33
114,1,22,450,1992,11.31
114,1,22,450,1993,11.41
114,1,22,450,1994,11.3
114,1,22,450,1995,11.53
114,1,22,450,1996,11.23
114,1,22,450,1997,11.23
114,1,22,450,1998,11.25
114,1,22,450,1999,11.31
114,1,22,450,2000,11.53
114,1,22,450,2001,11.44
114,1,22,450,2002,11.46
114,1,22,450,2003,11.58
114,1,22,450,2004,11.67
114,1,22,450,2005,11.99
114,1,22,450,2006,12.21
114,1,22,450,2007,12.33
114,1,22,450,2008,12.62
114,1,22,450,2009,12.96
114,1,22,450,2010,13.47
114,1,22,450,2011,13.63
114,1,22,450,2012,13.97
114,1,22,450,2013,14.34
114,1,22,450,2014,14.73
114,1,22,450,2015,15.11
114,1,22,450,2016,15.72
114,2,22,450,1990,5.83
114,2,22,450,1991,5.79
114,2,22,450,1992,5.72
114,2,22,450,1993,5.75
114,2,22,450,1994,5.79
114,2,22,450,1995,5.71
114,2,22,450,1996,5.6
114,2,22,450,1997,5.5
114,2,22,450,1998,5.45
114,2,22,450,1999,5.47
114,2,22,450,2000,5.45
114,2,22,450,2001,5.44
114,2,22,450,2002,5.41
114,2,22,450,2003,5.45
114,2,22,450,2004,5.49
114,2,22,450,2005,5.57
114,2,22,450,2006,5.62
114,2,22,450,2007,5.64
114,2,22,450,2008,5.7
114,2,22,450,2009,5.78
114,2,22,450,2010,5.9
114,2,22,450,2011,5.98
114,2,22,450,2012,6.07
114,2,22,450,2013,6.15
114,2,22,450,2014,6.24
114,2,22,450,2015,6.34
114,2,22,450,2016,6.49
114,3,22,450,1990,17.21
114,3,22,450,1991,17.12
114,3,22,450,1992,17.03
114,3,22,450,1993,17.16
114,3,22,450,1994,17.09
114,3,22,450,1995,17.23
114,3,22,450,1996,16.82
114,3,22,450,1997,16.73
114,3,22,450,1998,16.69
114,3,22,450,1999,16.78
114,3,22,450,2000,16.99
114,3,22,450,2001,16.89
114,3,22,450,2002,16.87
114,3,22,450,2003,17.02
114,3,22,450,2004,17.16
114,3,22,450,2005,17.56
114,3,22,450,2006,17.84
114,3,22,450,2007,17.98
114,3,22,450,2008,18.32
114,3,22,450,2009,18.73
114,3,22,450,2010,19.37
114,3,22,450,2011,19.61
114,3,22,450,2012,20.04
114,3,22,450,2013,20.48
114,3,22,450,2014,20.96
114,3,22,450,2015,21.46
114,3,22,450,2016,22.21
115,1,22,450,1990,3.87
115,1,22,450,1991,3.84
115,1,22,450,1992,3.87
115,1,22,450,1993,3.91
115,1,22,450,1994,3.96
115,1,22,450,1995,3.94
115,1,22,450,1996,3.92
115,1,22,450,1997,3.88
115,1,22,450,1998,3.87
115,1,22,450,1999,3.93
115,1,22,450,2000,3.97
115,1,22,450,2001,4.04
115,1,22,450,2002,4.07
115,1,22,450,2003,3.73
115,1,22,450,2004,3.88
115,1,22,450,2005,3.69
115,1,22,450,2006,3.89
115,1,22,450,2007,4.3
115,1,22,450,2008,4.7
115,1,22,450,2009,5.15
115,1,22,450,2010,5.35
115,1,22,450,2011,5.45
115,1,22,450,2012,5.63
115,1,22,450,2013,5.79
115,1,22,450,2014,5.96
115,1,22,450,2015,6.16
115,1,22,450,2016,6.34
115,2,22,450,1990,1.66
115,2,22,450,1991,1.64
115,2,22,450,1992,1.64
115,2,22,450,1993,1.63
115,2,22,450,1994,1.6
115,2,22,450,1995,1.56
115,2,22,450,1996,1.51
115,2,22,450,1997,1.45
115,2,22,450,1998,1.4
115,2,22,450,1999,1.37
115,2,22,450,2000,1.37
115,2,22,450,2001,1.42
115,2,22,450,2002,1.43
115,2,22,450,2003,1.36
115,2,22,450,2004,1.32
115,2,22,450,2005,1.22
115,2,22,450,2006,1.17
115,2,22,450,2007,1.25
115,2,22,450,2008,1.31
115,2,22,450,2009,1.36
115,2,22,450,2010,1.47
115,2,22,450,2011,1.5
115,2,22,450,2012,1.53
115,2,22,450,2013,1.57
115,2,22,450,2014,1.61
115,2,22,450,2015,1.65
115,2,22,450,2016,1.69
115,3,22,450,1990,5.53
115,3,22,450,1991,5.47
115,3,22,450,1992,5.51
115,3,22,450,1993,5.54
115,3,22,450,1994,5.56
115,3,22,450,1995,5.5
115,3,22,450,1996,5.43
115,3,22,450,1997,5.34
115,3,22,450,1998,5.27
115,3,22,450,1999,5.3
115,3,22,450,2000,5.34
115,3,22,450,2001,5.46
115,3,22,450,2002,5.5
115,3,22,450,2003,5.09
115,3,22,450,2004,5.2
115,3,22,450,2005,4.92
115,3,22,450,2006,5.06
115,3,22,450,2007,5.55
115,3,22,450,2008,6.01
115,3,22,450,2009,6.51
115,3,22,450,2010,6.82
115,3,22,450,2011,6.95
115,3,22,450,2012,7.16
115,3,22,450,2013,7.35
115,3,22,450,2014,7.57
115,3,22,450,2015,7.81
115,3,22,450,2016,8.03
116,1,22,450,1990,0.44
116,1,22,450,1991,0.45
116,1,22,450,1992,0.45
116,1,22,450,1993,0.44
116,1,22,450,1994,0.46
116,1,22,450,1995,0.45
116,1,22,450,1996,0.46
116,1,22,450,1997,0.46
116,1,22,450,1998,0.47
116,1,22,450,1999,0.46
116,1,22,450,2000,0.45
116,1,22,450,2001,0.47
116,1,22,450,2002,0.48
116,1,22,450,2003,0.47
116,1,22,450,2004,0.48
116,1,22,450,2005,0.47
116,1,22,450,2006,0.48
116,1,22,450,2007,0.5
116,1,22,450,2008,0.5
116,1,22,450,2009,0.54
116,1,22,450,2010,0.58
116,1,22,450,2011,0.56
116,1,22,450,2012,0.56
116,1,22,450,2013,0.57
116,1,22,450,2014,0.6
116,1,22,450,2015,0.63
116,1,22,450,2016,0.65
116,2,22,450,1990,0.08
116,2,22,450,1991,0.08
116,2,22,450,1992,0.07
116,2,22,450,1993,0.08
116,2,22,450,1994,0.08
116,2,22,450,1995,0.08
116,2,22,450,1996,0.08
116,2,22,450,1997,0.09
116,2,22,450,1998,0.08
116,2,22,450,1999,0.07
116,2,22,450,2000,0.08
116,2,22,450,2001,0.08
116,2,22,450,2002,0.08
116,2,22,450,2003,0.08
116,2,22,450,2004,0.07
116,2,22,450,2005,0.07
116,2,22,450,2006,0.07
116,2,22,450,2007,0.07
116,2,22,450,2008,0.08
116,2,22,450,2009,0.07
116,2,22,450,2010,0.08
116,2,22,450,2011,0.08
116,2,22,450,2012,0.08
116,2,22,450,2013,0.07
116,2,22,450,2014,0.08
116,2,22,450,2015,0.08
116,2,22,450,2016,0.09
116,3,22,450,1990,0.53
116,3,22,450,1991,0.53
116,3,22,450,1992,0.52
116,3,22,450,1993,0.53
116,3,22,450,1994,0.54
116,3,22,450,1995,0.53
116,3,22,450,1996,0.54
116,3,22,450,1997,0.54
116,3,22,450,1998,0.55
116,3,22,450,1999,0.54
116,3,22,450,2000,0.53
116,3,22,450,2001,0.55
116,3,22,450,2002,0.56
116,3,22,450,2003,0.54
116,3,22,450,2004,0.56
116,3,22,450,2005,0.54
116,3,22,450,2006,0.55
116,3,22,450,2007,0.57
116,3,22,450,2008,0.58
116,3,22,450,2009,0.61
116,3,22,450,2010,0.66
116,3,22,450,2011,0.64
116,3,22,450,2012,0.64
116,3,22,450,2013,0.64
116,3,22,450,2014,0.68
116,3,22,450,2015,0.71
116,3,22,450,2016,0.74
117,1,22,450,1990,0.32
117,1,22,450,1991,0.32
117,1,22,450,1992,0.32
117,1,22,450,1993,0.32
117,1,22,450,1994,0.33
117,1,22,450,1995,0.33
117,1,22,450,1996,0.34
117,1,22,450,1997,0.35
117,1,22,450,1998,0.36
117,1,22,450,1999,0.36
117,1,22,450,2000,0.35
117,1,22,450,2001,0.37
117,1,22,450,2002,0.38
117,1,22,450,2003,0.36
117,1,22,450,2004,0.38
117,1,22,450,2005,0.37
117,1,22,450,2006,0.37
117,1,22,450,2007,0.37
117,1,22,450,2008,0.37
117,1,22,450,2009,0.39
117,1,22,450,2010,0.41
117,1,22,450,2011,0.4
117,1,22,450,2012,0.41
117,1,22,450,2013,0.42
117,1,22,450,2014,0.44
117,1,22,450,2015,0.45
117,1,22,450,2016,0.47
117,2,22,450,1990,0.12
117,2,22,450,1991,0.12
117,2,22,450,1992,0.12
117,2,22,450,1993,0.12
117,2,22,450,1994,0.12
117,2,22,450,1995,0.12
117,2,22,450,1996,0.12
117,2,22,450,1997,0.13
117,2,22,450,1998,0.12
117,2,22,450,1999,0.11
117,2,22,450,2000,0.11
117,2,22,450,2001,0.11
117,2,22,450,2002,0.11
117,2,22,450,2003,0.11
117,2,22,450,2004,0.1
117,2,22,450,2005,0.1
117,2,22,450,2006,0.09
117,2,22,450,2007,0.1
117,2,22,450,2008,0.1
117,2,22,450,2009,0.1
117,2,22,450,2010,0.1
117,2,22,450,2011,0.1
117,2,22,450,2012,0.1
117,2,22,450,2013,0.08
117,2,22,450,2014,0.1
117,2,22,450,2015,0.12
117,2,22,450,2016,0.11
117,3,22,450,1990,0.43
117,3,22,450,1991,0.43
117,3,22,450,1992,0.44
117,3,22,450,1993,0.44
117,3,22,450,1994,0.45
117,3,22,450,1995,0.45
117,3,22,450,1996,0.47
117,3,22,450,1997,0.48
117,3,22,450,1998,0.48
117,3,22,450,1999,0.47
117,3,22,450,2000,0.47
117,3,22,450,2001,0.47
117,3,22,450,2002,0.49
117,3,22,450,2003,0.47
117,3,22,450,2004,0.48
117,3,22,450,2005,0.47
117,3,22,450,2006,0.46
117,3,22,450,2007,0.47
117,3,22,450,2008,0.47
117,3,22,450,2009,0.49
117,3,22,450,2010,0.51
117,3,22,450,2011,0.5
117,3,22,450,2012,0.51
117,3,22,450,2013,0.5
117,3,22,450,2014,0.54
117,3,22,450,2015,0.57
117,3,22,450,2016,0.59
118,1,22,450,1990,0.48
118,1,22,450,1991,0.5
118,1,22,450,1992,0.5
118,1,22,450,1993,0.5
118,1,22,450,1994,0.5
118,1,22,450,1995,0.5
118,1,22,450,1996,0.5
118,1,22,450,1997,0.51
118,1,22,450,1998,0.53
118,1,22,450,1999,0.54
118,1,22,450,2000,0.55
118,1,22,450,2001,0.58
118,1,22,450,2002,0.6
118,1,22,450,2003,0.6
118,1,22,450,2004,0.62
118,1,22,450,2005,0.62
118,1,22,450,2006,0.64
118,1,22,450,2007,0.65
118,1,22,450,2008,0.67
118,1,22,450,2009,0.71
118,1,22,450,2010,0.75
118,1,22,450,2011,0.76
118,1,22,450,2012,0.78
118,1,22,450,2013,0.81
118,1,22,450,2014,0.85
118,1,22,450,2015,0.89
118,1,22,450,2016,0.93
118,2,22,450,1990,0.18
118,2,22,450,1991,0.18
118,2,22,450,1992,0.17
118,2,22,450,1993,0.18
118,2,22,450,1994,0.18
118,2,22,450,1995,0.18
118,2,22,450,1996,0.18
118,2,22,450,1997,0.19
118,2,22,450,1998,0.2
118,2,22,450,1999,0.2
118,2,22,450,2000,0.21
118,2,22,450,2001,0.21
118,2,22,450,2002,0.22
118,2,22,450,2003,0.22
118,2,22,450,2004,0.22
118,2,22,450,2005,0.22
118,2,22,450,2006,0.21
118,2,22,450,2007,0.22
118,2,22,450,2008,0.23
118,2,22,450,2009,0.22
118,2,22,450,2010,0.24
118,2,22,450,2011,0.24
118,2,22,450,2012,0.24
118,2,22,450,2013,0.23
118,2,22,450,2014,0.25
118,2,22,450,2015,0.26
118,2,22,450,2016,0.26
118,3,22,450,1990,0.67
118,3,22,450,1991,0.67
118,3,22,450,1992,0.67
118,3,22,450,1993,0.69
118,3,22,450,1994,0.69
118,3,22,450,1995,0.68
118,3,22,450,1996,0.69
118,3,22,450,1997,0.7
118,3,22,450,1998,0.73
118,3,22,450,1999,0.74
118,3,22,450,2000,0.76
118,3,22,450,2001,0.79
118,3,22,450,2002,0.82
118,3,22,450,2003,0.82
118,3,22,450,2004,0.84
118,3,22,450,2005,0.84
118,3,22,450,2006,0.85
118,3,22,450,2007,0.87
118,3,22,450,2008,0.9
118,3,22,450,2009,0.93
118,3,22,450,2010,0.98
118,3,22,450,2011,1
118,3,22,450,2012,1.02
118,3,22,450,2013,1.04
118,3,22,450,2014,1.1
118,3,22,450,2015,1.15
118,3,22,450,2016,1.19
119,1,22,450,1990,3.07
119,1,22,450,1991,3.2
119,1,22,450,1992,3.31
119,1,22,450,1993,3.24
119,1,22,450,1994,3.3
119,1,22,450,1995,3.22
119,1,22,450,1996,3.33
119,1,22,450,1997,3.54
119,1,22,450,1998,3.67
119,1,22,450,1999,3.69
119,1,22,450,2000,3.59
119,1,22,450,2001,3.49
119,1,22,450,2002,3.27
119,1,22,450,2003,3.37
119,1,22,450,2004,3.36
119,1,22,450,2005,3.17
119,1,22,450,2006,3.33
119,1,22,450,2007,3.62
119,1,22,450,2008,3.45
119,1,22,450,2009,3.74
119,1,22,450,2010,4.13
119,1,22,450,2011,4.27
119,1,22,450,2012,4.42
119,1,22,450,2013,4.57
119,1,22,450,2014,4.76
119,1,22,450,2015,4.87
119,1,22,450,2016,5.02
119,2,22,450,1990,0.63
119,2,22,450,1991,0.68
119,2,22,450,1992,0.7
119,2,22,450,1993,0.82
119,2,22,450,1994,0.81
119,2,22,450,1995,0.8
119,2,22,450,1996,0.89
119,2,22,450,1997,0.88
119,2,22,450,1998,0.85
119,2,22,450,1999,0.66
119,2,22,450,2000,0.79
119,2,22,450,2001,0.65
119,2,22,450,2002,0.77
119,2,22,450,2003,0.79
119,2,22,450,2004,0.82
119,2,22,450,2005,0.88
119,2,22,450,2006,0.97
119,2,22,450,2007,0.99
119,2,22,450,2008,0.98
119,2,22,450,2009,0.88
119,2,22,450,2010,0.9
119,2,22,450,2011,0.96
119,2,22,450,2012,0.99
119,2,22,450,2013,1.02
119,2,22,450,2014,1.05
119,2,22,450,2015,1.07
119,2,22,450,2016,1.1
119,3,22,450,1990,3.71
119,3,22,450,1991,3.88
119,3,22,450,1992,4
119,3,22,450,1993,4.06
119,3,22,450,1994,4.11
119,3,22,450,1995,4.02
119,3,22,450,1996,4.22
119,3,22,450,1997,4.42
119,3,22,450,1998,4.53
119,3,22,450,1999,4.34
119,3,22,450,2000,4.38
119,3,22,450,2001,4.14
119,3,22,450,2002,4.04
119,3,22,450,2003,4.16
119,3,22,450,2004,4.18
119,3,22,450,2005,4.05
119,3,22,450,2006,4.31
119,3,22,450,2007,4.62
119,3,22,450,2008,4.43
119,3,22,450,2009,4.63
119,3,22,450,2010,5.04
119,3,22,450,2011,5.23
119,3,22,450,2012,5.41
119,3,22,450,2013,5.59
119,3,22,450,2014,5.8
119,3,22,450,2015,5.95
119,3,22,450,2016,6.12
121,1,22,450,1990,3.33
121,1,22,450,1991,3.36
121,1,22,450,1992,3.39
121,1,22,450,1993,3.44
121,1,22,450,1994,3.47
121,1,22,450,1995,3.54
121,1,22,450,1996,3.55
121,1,22,450,1997,3.61
121,1,22,450,1998,3.66
121,1,22,450,1999,3.68
121,1,22,450,2000,3.7
121,1,22,450,2001,3.7
121,1,22,450,2002,3.74
121,1,22,450,2003,3.78
121,1,22,450,2004,3.83
121,1,22,450,2005,3.93
121,1,22,450,2006,4.01
121,1,22,450,2007,4.11
121,1,22,450,2008,4.25
121,1,22,450,2009,4.39
121,1,22,450,2010,4.55
121,1,22,450,2011,4.7
121,1,22,450,2012,4.86
121,1,22,450,2013,5.03
121,1,22,450,2014,5.22
121,1,22,450,2015,5.41
121,1,22,450,2016,5.59
121,2,22,450,1990,18.65
121,2,22,450,1991,18.8
121,2,22,450,1992,19.08
121,2,22,450,1993,19.29
121,2,22,450,1994,19.2
121,2,22,450,1995,19.18
121,2,22,450,1996,18.81
121,2,22,450,1997,18.84
121,2,22,450,1998,18.38
121,2,22,450,1999,17.94
121,2,22,450,2000,17.7
121,2,22,450,2001,17.35
121,2,22,450,2002,17.52
121,2,22,450,2003,17.6
121,2,22,450,2004,17.72
121,2,22,450,2005,18.27
121,2,22,450,2006,18.54
121,2,22,450,2007,19.03
121,2,22,450,2008,19.61
121,2,22,450,2009,20.11
121,2,22,450,2010,20.83
121,2,22,450,2011,21.61
121,2,22,450,2012,22.22
121,2,22,450,2013,22.91
121,2,22,450,2014,23.62
121,2,22,450,2015,24.5
121,2,22,450,2016,25.11
121,3,22,450,1990,21.98
121,3,22,450,1991,22.16
121,3,22,450,1992,22.48
121,3,22,450,1993,22.73
121,3,22,450,1994,22.66
121,3,22,450,1995,22.71
121,3,22,450,1996,22.36
121,3,22,450,1997,22.45
121,3,22,450,1998,22.04
121,3,22,450,1999,21.62
121,3,22,450,2000,21.4
121,3,22,450,2001,21.05
121,3,22,450,2002,21.26
121,3,22,450,2003,21.38
121,3,22,450,2004,21.56
121,3,22,450,2005,22.19
121,3,22,450,2006,22.55
121,3,22,450,2007,23.14
121,3,22,450,2008,23.85
121,3,22,450,2009,24.5
121,3,22,450,2010,25.39
121,3,22,450,2011,26.31
121,3,22,450,2012,27.08
121,3,22,450,2013,27.94
121,3,22,450,2014,28.84
121,3,22,450,2015,29.92
121,3,22,450,2016,30.7
122,1,22,450,1990,5.19
122,1,22,450,1991,5.24
122,1,22,450,1992,5.3
122,1,22,450,1993,5.58
122,1,22,450,1994,5.61
122,1,22,450,1995,5.43
122,1,22,450,1996,5.06
122,1,22,450,1997,4.96
122,1,22,450,1998,4.84
122,1,22,450,1999,5.61
122,1,22,450,2000,5.51
122,1,22,450,2001,5.22
122,1,22,450,2002,5.56
122,1,22,450,2003,5.56
122,1,22,450,2004,5.76
122,1,22,450,2005,5.99
122,1,22,450,2006,6.19
122,1,22,450,2007,6.13
122,1,22,450,2008,6.13
122,1,22,450,2009,6.31
122,1,22,450,2010,6.43
122,1,22,450,2011,6.54
122,1,22,450,2012,6.7
122,1,22,450,2013,7.27
122,1,22,450,2014,7.66
122,1,22,450,2015,8
122,1,22,450,2016,8.39
122,2,22,450,1990,18.15
122,2,22,450,1991,18.24
122,2,22,450,1992,18.46
122,2,22,450,1993,18.7
122,2,22,450,1994,19.5
122,2,22,450,1995,20.35
122,2,22,450,1996,20.99
122,2,22,450,1997,17.97
122,2,22,450,1998,16.65
122,2,22,450,1999,16.03
122,2,22,450,2000,16.29
122,2,22,450,2001,16.13
122,2,22,450,2002,16.42
122,2,22,450,2003,16.7
122,2,22,450,2004,17.23
122,2,22,450,2005,18.01
122,2,22,450,2006,18.52
122,2,22,450,2007,19.06
122,2,22,450,2008,19.46
122,2,22,450,2009,19.8
122,2,22,450,2010,20.57
122,2,22,450,2011,21.94
122,2,22,450,2012,23.57
122,2,22,450,2013,25.23
122,2,22,450,2014,25.76
122,2,22,450,2015,26.36
122,2,22,450,2016,27.21
122,3,22,450,1990,23.34
122,3,22,450,1991,23.48
122,3,22,450,1992,23.76
122,3,22,450,1993,24.29
122,3,22,450,1994,25.11
122,3,22,450,1995,25.78
122,3,22,450,1996,26.05
122,3,22,450,1997,22.93
122,3,22,450,1998,21.49
122,3,22,450,1999,21.64
122,3,22,450,2000,21.8
122,3,22,450,2001,21.36
122,3,22,450,2002,21.99
122,3,22,450,2003,22.26
122,3,22,450,2004,22.99
122,3,22,450,2005,24
122,3,22,450,2006,24.7
122,3,22,450,2007,25.19
122,3,22,450,2008,25.58
122,3,22,450,2009,26.11
122,3,22,450,2010,27
122,3,22,450,2011,28.48
122,3,22,450,2012,30.26
122,3,22,450,2013,32.51
122,3,22,450,2014,33.42
122,3,22,450,2015,34.35
122,3,22,450,2016,35.6
123,1,22,450,1990,11.39
123,1,22,450,1991,11.63
123,1,22,450,1992,12.06
123,1,22,450,1993,12.61
123,1,22,450,1994,13.14
123,1,22,450,1995,13.79
123,1,22,450,1996,13.8
123,1,22,450,1997,13.76
123,1,22,450,1998,13.01
123,1,22,450,1999,12.18
123,1,22,450,2000,11.26
123,1,22,450,2001,10.85
123,1,22,450,2002,10.78
123,1,22,450,2003,10.98
123,1,22,450,2004,10.87
123,1,22,450,2005,11.03
123,1,22,450,2006,11.16
123,1,22,450,2007,11.47
123,1,22,450,2008,11.87
123,1,22,450,2009,12.31
123,1,22,450,2010,12.69
123,1,22,450,2011,13.13
123,1,22,450,2012,13.3
123,1,22,450,2013,13.62
123,1,22,450,2014,13.84
123,1,22,450,2015,14.39
123,1,22,450,2016,14.9
123,2,22,450,1990,49.63
123,2,22,450,1991,51.86
123,2,22,450,1992,55.34
123,2,22,450,1993,59.03
123,2,22,450,1994,62.06
123,2,22,450,1995,65.2
123,2,22,450,1996,65.83
123,2,22,450,1997,64.08
123,2,22,450,1998,60.43
123,2,22,450,1999,54.58
123,2,22,450,2000,51.45
123,2,22,450,2001,50.71
123,2,22,450,2002,49.96
123,2,22,450,2003,49.08
123,2,22,450,2004,48.32
123,2,22,450,2005,47.41
123,2,22,450,2006,45.7
123,2,22,450,2007,44.38
123,2,22,450,2008,44.28
123,2,22,450,2009,44.91
123,2,22,450,2010,45.01
123,2,22,450,2011,45.02
123,2,22,450,2012,44.97
123,2,22,450,2013,44.43
123,2,22,450,2014,44.94
123,2,22,450,2015,47.05
123,2,22,450,2016,48.91
123,3,22,450,1990,61.02
123,3,22,450,1991,63.49
123,3,22,450,1992,67.39
123,3,22,450,1993,71.65
123,3,22,450,1994,75.19
123,3,22,450,1995,78.98
123,3,22,450,1996,79.63
123,3,22,450,1997,77.84
123,3,22,450,1998,73.44
123,3,22,450,1999,66.76
123,3,22,450,2000,62.71
123,3,22,450,2001,61.57
123,3,22,450,2002,60.74
123,3,22,450,2003,60.06
123,3,22,450,2004,59.2
123,3,22,450,2005,58.44
123,3,22,450,2006,56.86
123,3,22,450,2007,55.85
123,3,22,450,2008,56.15
123,3,22,450,2009,57.22
123,3,22,450,2010,57.7
123,3,22,450,2011,58.15
123,3,22,450,2012,58.27
123,3,22,450,2013,58.05
123,3,22,450,2014,58.78
123,3,22,450,2015,61.43
123,3,22,450,2016,63.81
125,1,22,450,1990,22.29
125,1,22,450,1991,22.58
125,1,22,450,1992,22.71
125,1,22,450,1993,23.22
125,1,22,450,1994,23.92
125,1,22,450,1995,23.9
125,1,22,450,1996,22.83
125,1,22,450,1997,23.37
125,1,22,450,1998,23.82
125,1,22,450,1999,23.98
125,1,22,450,2000,24.71
125,1,22,450,2001,25.9
125,1,22,450,2002,26.98
125,1,22,450,2003,27.9
125,1,22,450,2004,27.5
125,1,22,450,2005,26.73
125,1,22,450,2006,26.99
125,1,22,450,2007,28.17
125,1,22,450,2008,28.5
125,1,22,450,2009,28.91
125,1,22,450,2010,29.32
125,1,22,450,2011,30.87
125,1,22,450,2012,32.52
125,1,22,450,2013,34.96
125,1,22,450,2014,36.85
125,1,22,450,2015,39.08
125,1,22,450,2016,41.27
125,2,22,450,1990,31.25
125,2,22,450,1991,31.86
125,2,22,450,1992,32.07
125,2,22,450,1993,31.27
125,2,22,450,1994,31.02
125,2,22,450,1995,30.5
125,2,22,450,1996,29.29
125,2,22,450,1997,27.87
125,2,22,450,1998,26.74
125,2,22,450,1999,26.63
125,2,22,450,2000,26.79
125,2,22,450,2001,26.59
125,2,22,450,2002,26.81
125,2,22,450,2003,26.75
125,2,22,450,2004,26.39
125,2,22,450,2005,26.45
125,2,22,450,2006,25.91
125,2,22,450,2007,26.29
125,2,22,450,2008,26.2
125,2,22,450,2009,26.56
125,2,22,450,2010,27.88
125,2,22,450,2011,28.3
125,2,22,450,2012,29.25
125,2,22,450,2013,30.36
125,2,22,450,2014,32.12
125,2,22,450,2015,33.9
125,2,22,450,2016,35.59
125,3,22,450,1990,53.53
125,3,22,450,1991,54.45
125,3,22,450,1992,54.77
125,3,22,450,1993,54.49
125,3,22,450,1994,54.93
125,3,22,450,1995,54.4
125,3,22,450,1996,52.12
125,3,22,450,1997,51.24
125,3,22,450,1998,50.56
125,3,22,450,1999,50.61
125,3,22,450,2000,51.49
125,3,22,450,2001,52.49
125,3,22,450,2002,53.79
125,3,22,450,2003,54.65
125,3,22,450,2004,53.89
125,3,22,450,2005,53.18
125,3,22,450,2006,52.9
125,3,22,450,2007,54.46
125,3,22,450,2008,54.7
125,3,22,450,2009,55.47
125,3,22,450,2010,57.2
125,3,22,450,2011,59.17
125,3,22,450,2012,61.77
125,3,22,450,2013,65.32
125,3,22,450,2014,68.97
125,3,22,450,2015,72.98
125,3,22,450,2016,76.86
126,1,22,450,1990,3.7
126,1,22,450,1991,3.68
126,1,22,450,1992,3.91
126,1,22,450,1993,3.99
126,1,22,450,1994,4.04
126,1,22,450,1995,4.02
126,1,22,450,1996,3.99
126,1,22,450,1997,3.97
126,1,22,450,1998,4.07
126,1,22,450,1999,4.14
126,1,22,450,2000,4.01
126,1,22,450,2001,4.08
126,1,22,450,2002,4.3
126,1,22,450,2003,4.14
126,1,22,450,2004,4.56
126,1,22,450,2005,4.88
126,1,22,450,2006,5.54
126,1,22,450,2007,6
126,1,22,450,2008,5.93
126,1,22,450,2009,6.14
126,1,22,450,2010,5.97
126,1,22,450,2011,6.56
126,1,22,450,2012,7.11
126,1,22,450,2013,7.54
126,1,22,450,2014,8.36
126,1,22,450,2015,8.55
126,1,22,450,2016,8.93
126,2,22,450,1990,2.08
126,2,22,450,1991,2.04
126,2,22,450,1992,2.04
126,2,22,450,1993,2.1
126,2,22,450,1994,2.1
126,2,22,450,1995,2.1
126,2,22,450,1996,2.05
126,2,22,450,1997,1.84
126,2,22,450,1998,1.74
126,2,22,450,1999,1.82
126,2,22,450,2000,1.84
126,2,22,450,2001,1.95
126,2,22,450,2002,2.09
126,2,22,450,2003,2.29
126,2,22,450,2004,2.25
126,2,22,450,2005,2.48
126,2,22,450,2006,2.58
126,2,22,450,2007,2.57
126,2,22,450,2008,2.7
126,2,22,450,2009,2.76
126,2,22,450,2010,3.01
126,2,22,450,2011,3.29
126,2,22,450,2012,3.41
126,2,22,450,2013,3.49
126,2,22,450,2014,3.55
126,2,22,450,2015,3.74
126,2,22,450,2016,3.88
126,3,22,450,1990,5.78
126,3,22,450,1991,5.72
126,3,22,450,1992,5.95
126,3,22,450,1993,6.09
126,3,22,450,1994,6.13
126,3,22,450,1995,6.12
126,3,22,450,1996,6.04
126,3,22,450,1997,5.81
126,3,22,450,1998,5.81
126,3,22,450,1999,5.96
126,3,22,450,2000,5.85
126,3,22,450,2001,6.02
126,3,22,450,2002,6.39
126,3,22,450,2003,6.43
126,3,22,450,2004,6.81
126,3,22,450,2005,7.36
126,3,22,450,2006,8.12
126,3,22,450,2007,8.56
126,3,22,450,2008,8.63
126,3,22,450,2009,8.89
126,3,22,450,2010,8.98
126,3,22,450,2011,9.84
126,3,22,450,2012,10.51
126,3,22,450,2013,11.03
126,3,22,450,2014,11.91
126,3,22,450,2015,12.29
126,3,22,450,2016,12.82
127,1,22,450,1990,4.48
127,1,22,450,1991,4.79
127,1,22,450,1992,5.04
127,1,22,450,1993,5.13
127,1,22,450,1994,4.95
127,1,22,450,1995,4.81
127,1,22,450,1996,4.72
127,1,22,450,1997,4.49
127,1,22,450,1998,4.38
127,1,22,450,1999,4.24
127,1,22,450,2000,4.11
127,1,22,450,2001,4.14
127,1,22,450,2002,4.21
127,1,22,450,2003,4.21
127,1,22,450,2004,4.27
127,1,22,450,2005,4.38
127,1,22,450,2006,4.38
127,1,22,450,2007,4.46
127,1,22,450,2008,4.55
127,1,22,450,2009,4.6
127,1,22,450,2010,4.73
127,1,22,450,2011,4.78
127,1,22,450,2012,4.75
127,1,22,450,2013,4.89
127,1,22,450,2014,5.04
127,1,22,450,2015,5.17
127,1,22,450,2016,5.31
127,2,22,450,1990,8.19
127,2,22,450,1991,8.32
127,2,22,450,1992,8.58
127,2,22,450,1993,8.56
127,2,22,450,1994,8.53
127,2,22,450,1995,8.38
127,2,22,450,1996,8.22
127,2,22,450,1997,7.98
127,2,22,450,1998,7.58
127,2,22,450,1999,7.33
127,2,22,450,2000,7.24
127,2,22,450,2001,7.26
127,2,22,450,2002,7.48
127,2,22,450,2003,7.6
127,2,22,450,2004,7.67
127,2,22,450,2005,7.78
127,2,22,450,2006,7.85
127,2,22,450,2007,7.96
127,2,22,450,2008,8.11
127,2,22,450,2009,8.18
127,2,22,450,2010,8.24
127,2,22,450,2011,8.25
127,2,22,450,2012,8.55
127,2,22,450,2013,8.9
127,2,22,450,2014,8.95
127,2,22,450,2015,9.21
127,2,22,450,2016,9.44
127,3,22,450,1990,12.67
127,3,22,450,1991,13.11
127,3,22,450,1992,13.61
127,3,22,450,1993,13.69
127,3,22,450,1994,13.49
127,3,22,450,1995,13.19
127,3,22,450,1996,12.94
127,3,22,450,1997,12.47
127,3,22,450,1998,11.96
127,3,22,450,1999,11.58
127,3,22,450,2000,11.35
127,3,22,450,2001,11.4
127,3,22,450,2002,11.69
127,3,22,450,2003,11.82
127,3,22,450,2004,11.94
127,3,22,450,2005,12.16
127,3,22,450,2006,12.24
127,3,22,450,2007,12.42
127,3,22,450,2008,12.66
127,3,22,450,2009,12.78
127,3,22,450,2010,12.97
127,3,22,450,2011,13.04
127,3,22,450,2012,13.29
127,3,22,450,2013,13.79
127,3,22,450,2014,14
127,3,22,450,2015,14.38
127,3,22,450,2016,14.75
128,1,22,450,1990,4.7
128,1,22,450,1991,5.08
128,1,22,450,1992,5.26
128,1,22,450,1993,5.75
128,1,22,450,1994,6.56
128,1,22,450,1995,7.15
128,1,22,450,1996,7.29
128,1,22,450,1997,7.66
128,1,22,450,1998,7.59
128,1,22,450,1999,7.83
128,1,22,450,2000,7.57
128,1,22,450,2001,7.41
128,1,22,450,2002,7.53
128,1,22,450,2003,7.78
128,1,22,450,2004,8.09
128,1,22,450,2005,7.65
128,1,22,450,2006,7.94
128,1,22,450,2007,7.89
128,1,22,450,2008,8.05
128,1,22,450,2009,8.04
128,1,22,450,2010,8.04
128,1,22,450,2011,8.29
128,1,22,450,2012,8.12
128,1,22,450,2013,8.75
128,1,22,450,2014,9.15
128,1,22,450,2015,9.61
128,1,22,450,2016,10.08
128,2,22,450,1990,6.25
128,2,22,450,1991,6.81
128,2,22,450,1992,7.29
128,2,22,450,1993,7.83
128,2,22,450,1994,8.71
128,2,22,450,1995,9.36
128,2,22,450,1996,9.66
128,2,22,450,1997,9.92
128,2,22,450,1998,9.97
128,2,22,450,1999,10.01
128,2,22,450,2000,9.68
128,2,22,450,2001,9.61
128,2,22,450,2002,9.75
128,2,22,450,2003,9.82
128,2,22,450,2004,9.67
128,2,22,450,2005,9.54
128,2,22,450,2006,9.51
128,2,22,450,2007,9.33
128,2,22,450,2008,9.09
128,2,22,450,2009,9.52
128,2,22,450,2010,9.64
128,2,22,450,2011,9.87
128,2,22,450,2012,10.05
128,2,22,450,2013,10.03
128,2,22,450,2014,10.31
128,2,22,450,2015,10.9
128,2,22,450,2016,11.36
128,3,22,450,1990,10.95
128,3,22,450,1991,11.89
128,3,22,450,1992,12.55
128,3,22,450,1993,13.58
128,3,22,450,1994,15.27
128,3,22,450,1995,16.51
128,3,22,450,1996,16.95
128,3,22,450,1997,17.58
128,3,22,450,1998,17.55
128,3,22,450,1999,17.84
128,3,22,450,2000,17.24
128,3,22,450,2001,17.02
128,3,22,450,2002,17.28
128,3,22,450,2003,17.61
128,3,22,450,2004,17.76
128,3,22,450,2005,17.19
128,3,22,450,2006,17.45
128,3,22,450,2007,17.22
128,3,22,450,2008,17.15
128,3,22,450,2009,17.56
128,3,22,450,2010,17.67
128,3,22,450,2011,18.16
128,3,22,450,2012,18.17
128,3,22,450,2013,18.78
128,3,22,450,2014,19.46
128,3,22,450,2015,20.5
128,3,22,450,2016,21.45
129,1,22,450,1990,2.29
129,1,22,450,1991,2.37
129,1,22,450,1992,2.46
129,1,22,450,1993,2.55
129,1,22,450,1994,2.65
129,1,22,450,1995,2.76
129,1,22,450,1996,2.86
129,1,22,450,1997,2.98
129,1,22,450,1998,3.13
129,1,22,450,1999,3.25
129,1,22,450,2000,3.39
129,1,22,450,2001,3.53
129,1,22,450,2002,3.68
129,1,22,450,2003,3.84
129,1,22,450,2004,4
129,1,22,450,2005,4.17
129,1,22,450,2006,4.32
129,1,22,450,2007,4.5
129,1,22,450,2008,4.68
129,1,22,450,2009,4.86
129,1,22,450,2010,5.02
129,1,22,450,2011,5.24
129,1,22,450,2012,5.45
129,1,22,450,2013,5.66
129,1,22,450,2014,5.9
129,1,22,450,2015,6.15
129,1,22,450,2016,6.36
129,2,22,450,1990,11.42
129,2,22,450,1991,11.45
129,2,22,450,1992,11.67
129,2,22,450,1993,11.93
129,2,22,450,1994,12.09
129,2,22,450,1995,12.69
129,2,22,450,1996,13.05
129,2,22,450,1997,13.57
129,2,22,450,1998,14.08
129,2,22,450,1999,14.39
129,2,22,450,2000,14.82
129,2,22,450,2001,15.19
129,2,22,450,2002,15.53
129,2,22,450,2003,16.11
129,2,22,450,2004,16.46
129,2,22,450,2005,16.91
129,2,22,450,2006,17.25
129,2,22,450,2007,17.77
129,2,22,450,2008,17.88
129,2,22,450,2009,18.56
129,2,22,450,2010,19.07
129,2,22,450,2011,19.85
129,2,22,450,2012,20.22
129,2,22,450,2013,21.02
129,2,22,450,2014,21.88
129,2,22,450,2015,22.66
129,2,22,450,2016,23.42
129,3,22,450,1990,13.7
129,3,22,450,1991,13.82
129,3,22,450,1992,14.13
129,3,22,450,1993,14.49
129,3,22,450,1994,14.74
129,3,22,450,1995,15.45
129,3,22,450,1996,15.91
129,3,22,450,1997,16.55
129,3,22,450,1998,17.2
129,3,22,450,1999,17.64
129,3,22,450,2000,18.22
129,3,22,450,2001,18.72
129,3,22,450,2002,19.21
129,3,22,450,2003,19.95
129,3,22,450,2004,20.46
129,3,22,450,2005,21.08
129,3,22,450,2006,21.57
129,3,22,450,2007,22.27
129,3,22,450,2008,22.55
129,3,22,450,2009,23.41
129,3,22,450,2010,24.1
129,3,22,450,2011,25.08
129,3,22,450,2012,25.66
129,3,22,450,2013,26.69
129,3,22,450,2014,27.78
129,3,22,450,2015,28.81
129,3,22,450,2016,29.79
130,1,22,450,1990,39.3
130,1,22,450,1991,39.63
130,1,22,450,1992,40.81
130,1,22,450,1993,42.01
130,1,22,450,1994,43.78
130,1,22,450,1995,45.41
130,1,22,450,1996,46.31
130,1,22,450,1997,47.04
130,1,22,450,1998,48.86
130,1,22,450,1999,48.35
130,1,22,450,2000,51.41
130,1,22,450,2001,53.24
130,1,22,450,2002,54.95
130,1,22,450,2003,55.17
130,1,22,450,2004,58.03
130,1,22,450,2005,61.14
130,1,22,450,2006,62.6
130,1,22,450,2007,63.65
130,1,22,450,2008,65.93
130,1,22,450,2009,67.7
130,1,22,450,2010,68.83
130,1,22,450,2011,71.43
130,1,22,450,2012,74.15
130,1,22,450,2013,76.23
130,1,22,450,2014,79.76
130,1,22,450,2015,83.27
130,1,22,450,2016,87.07
130,2,22,450,1990,32.63
130,2,22,450,1991,32.43
130,2,22,450,1992,33.1
130,2,22,450,1993,33.63
130,2,22,450,1994,33.71
130,2,22,450,1995,34.12
130,2,22,450,1996,34.54
130,2,22,450,1997,35.19
130,2,22,450,1998,36.94
130,2,22,450,1999,38.6
130,2,22,450,2000,39.23
130,2,22,450,2001,40.12
130,2,22,450,2002,42.03
130,2,22,450,2003,42.7
130,2,22,450,2004,43.89
130,2,22,450,2005,45.54
130,2,22,450,2006,46.47
130,2,22,450,2007,47.63
130,2,22,450,2008,49.93
130,2,22,450,2009,52.28
130,2,22,450,2010,53.28
130,2,22,450,2011,55.08
130,2,22,450,2012,57.07
130,2,22,450,2013,60.4
130,2,22,450,2014,62.43
130,2,22,450,2015,64.74
130,2,22,450,2016,67.93
130,3,22,450,1990,71.94
130,3,22,450,1991,72.07
130,3,22,450,1992,73.91
130,3,22,450,1993,75.65
130,3,22,450,1994,77.5
130,3,22,450,1995,79.53
130,3,22,450,1996,80.84
130,3,22,450,1997,82.23
130,3,22,450,1998,85.81
130,3,22,450,1999,86.94
130,3,22,450,2000,90.64
130,3,22,450,2001,93.36
130,3,22,450,2002,96.98
130,3,22,450,2003,97.87
130,3,22,450,2004,101.91
130,3,22,450,2005,106.69
130,3,22,450,2006,109.07
130,3,22,450,2007,111.28
130,3,22,450,2008,115.86
130,3,22,450,2009,119.98
130,3,22,450,2010,122.11
130,3,22,450,2011,126.51
130,3,22,450,2012,131.22
130,3,22,450,2013,136.63
130,3,22,450,2014,142.19
130,3,22,450,2015,148.02
130,3,22,450,2016,155.01
131,1,22,450,1990,1.41
131,1,22,450,1991,1.44
131,1,22,450,1992,1.55
131,1,22,450,1993,1.66
131,1,22,450,1994,1.74
131,1,22,450,1995,1.82
131,1,22,450,1996,1.9
131,1,22,450,1997,1.94
131,1,22,450,1998,1.98
131,1,22,450,1999,2.02
131,1,22,450,2000,2.13
131,1,22,450,2001,2.29
131,1,22,450,2002,2.4
131,1,22,450,2003,2.54
131,1,22,450,2004,2.63
131,1,22,450,2005,2.7
131,1,22,450,2006,2.67
131,1,22,450,2007,2.76
131,1,22,450,2008,2.86
131,1,22,450,2009,2.98
131,1,22,450,2010,3.13
131,1,22,450,2011,3.27
131,1,22,450,2012,3.48
131,1,22,450,2013,3.71
131,1,22,450,2014,3.88
131,1,22,450,2015,4.07
131,1,22,450,2016,4.23
131,2,22,450,1990,0.9
131,2,22,450,1991,0.94
131,2,22,450,1992,0.96
131,2,22,450,1993,1
131,2,22,450,1994,0.97
131,2,22,450,1995,0.94
131,2,22,450,1996,0.93
131,2,22,450,1997,0.86
131,2,22,450,1998,0.83
131,2,22,450,1999,0.85
131,2,22,450,2000,0.86
131,2,22,450,2001,0.92
131,2,22,450,2002,0.93
131,2,22,450,2003,0.96
131,2,22,450,2004,0.95
131,2,22,450,2005,0.93
131,2,22,450,2006,0.96
131,2,22,450,2007,0.96
131,2,22,450,2008,0.99
131,2,22,450,2009,1.01
131,2,22,450,2010,1.03
131,2,22,450,2011,1.06
131,2,22,450,2012,1.1
131,2,22,450,2013,1.15
131,2,22,450,2014,1.2
131,2,22,450,2015,1.24
131,2,22,450,2016,1.29
131,3,22,450,1990,2.31
131,3,22,450,1991,2.38
131,3,22,450,1992,2.5
131,3,22,450,1993,2.66
131,3,22,450,1994,2.7
131,3,22,450,1995,2.76
131,3,22,450,1996,2.82
131,3,22,450,1997,2.8
131,3,22,450,1998,2.81
131,3,22,450,1999,2.87
131,3,22,450,2000,2.99
131,3,22,450,2001,3.21
131,3,22,450,2002,3.33
131,3,22,450,2003,3.5
131,3,22,450,2004,3.57
131,3,22,450,2005,3.63
131,3,22,450,2006,3.63
131,3,22,450,2007,3.72
131,3,22,450,2008,3.86
131,3,22,450,2009,3.99
131,3,22,450,2010,4.16
131,3,22,450,2011,4.33
131,3,22,450,2012,4.57
131,3,22,450,2013,4.85
131,3,22,450,2014,5.08
131,3,22,450,2015,5.31
131,3,22,450,2016,5.52
132,1,22,450,1990,3.66
132,1,22,450,1991,3.59
132,1,22,450,1992,3.6
132,1,22,450,1993,3.52
132,1,22,450,1994,3.46
132,1,22,450,1995,3.45
132,1,22,450,1996,3.52
132,1,22,450,1997,3.46
132,1,22,450,1998,3.36
132,1,22,450,1999,3.51
132,1,22,450,2000,4.09
132,1,22,450,2001,3.97
132,1,22,450,2002,4.14
132,1,22,450,2003,4.34
132,1,22,450,2004,4.39
132,1,22,450,2005,4.51
132,1,22,450,2006,4.39
132,1,22,450,2007,4.85
132,1,22,450,2008,5.16
132,1,22,450,2009,5.6
132,1,22,450,2010,5.6
132,1,22,450,2011,6.22
132,1,22,450,2012,6.36
132,1,22,450,2013,6.44
132,1,22,450,2014,7.18
132,1,22,450,2015,7.65
132,1,22,450,2016,8.1
132,2,22,450,1990,2.54
132,2,22,450,1991,2.47
132,2,22,450,1992,2.36
132,2,22,450,1993,2.26
132,2,22,450,1994,2.16
132,2,22,450,1995,2.12
132,2,22,450,1996,2.17
132,2,22,450,1997,2.1
132,2,22,450,1998,1.95
132,2,22,450,1999,1.95
132,2,22,450,2000,2.18
132,2,22,450,2001,2.1
132,2,22,450,2002,1.99
132,2,22,450,2003,1.99
132,2,22,450,2004,2.17
132,2,22,450,2005,2.31
132,2,22,450,2006,2.38
132,2,22,450,2007,2.46
132,2,22,450,2008,2.57
132,2,22,450,2009,2.74
132,2,22,450,2010,2.93
132,2,22,450,2011,3.09
132,2,22,450,2012,3.42
132,2,22,450,2013,3.69
132,2,22,450,2014,3.86
132,2,22,450,2015,3.93
132,2,22,450,2016,4.07
132,3,22,450,1990,6.2
132,3,22,450,1991,6.06
132,3,22,450,1992,5.97
132,3,22,450,1993,5.77
132,3,22,450,1994,5.62
132,3,22,450,1995,5.57
132,3,22,450,1996,5.69
132,3,22,450,1997,5.56
132,3,22,450,1998,5.31
132,3,22,450,1999,5.46
132,3,22,450,2000,6.27
132,3,22,450,2001,6.07
132,3,22,450,2002,6.13
132,3,22,450,2003,6.33
132,3,22,450,2004,6.56
132,3,22,450,2005,6.81
132,3,22,450,2006,6.77
132,3,22,450,2007,7.31
132,3,22,450,2008,7.74
132,3,22,450,2009,8.34
132,3,22,450,2010,8.53
132,3,22,450,2011,9.31
132,3,22,450,2012,9.78
132,3,22,450,2013,10.13
132,3,22,450,2014,11.04
132,3,22,450,2015,11.59
132,3,22,450,2016,12.17
133,1,22,450,1990,19.13
133,1,22,450,1991,19.4
133,1,22,450,1992,19.95
133,1,22,450,1993,20.06
133,1,22,450,1994,20.32
133,1,22,450,1995,19.43
133,1,22,450,1996,18.48
133,1,22,450,1997,18.72
133,1,22,450,1998,18.96
133,1,22,450,1999,20.1
133,1,22,450,2000,20.49
133,1,22,450,2001,21.57
133,1,22,450,2002,22.73
133,1,22,450,2003,23.65
133,1,22,450,2004,24.8
133,1,22,450,2005,26.47
133,1,22,450,2006,28.11
133,1,22,450,2007,30.48
133,1,22,450,2008,32.36
133,1,22,450,2009,35.6
133,1,22,450,2010,38.02
133,1,22,450,2011,40.55
133,1,22,450,2012,43.2
133,1,22,450,2013,45.87
133,1,22,450,2014,47.42
133,1,22,450,2015,49.17
133,1,22,450,2016,51.16
133,2,22,450,1990,12.78
133,2,22,450,1991,12.95
133,2,22,450,1992,13.33
133,2,22,450,1993,12.87
133,2,22,450,1994,12.89
133,2,22,450,1995,12.04
133,2,22,450,1996,11.27
133,2,22,450,1997,11.4
133,2,22,450,1998,10.84
133,2,22,450,1999,10.87
133,2,22,450,2000,11.15
133,2,22,450,2001,11.11
133,2,22,450,2002,12.09
133,2,22,450,2003,12.51
133,2,22,450,2004,12.73
133,2,22,450,2005,13.08
133,2,22,450,2006,13.82
133,2,22,450,2007,14.51
133,2,22,450,2008,16.14
133,2,22,450,2009,17.36
133,2,22,450,2010,17.87
133,2,22,450,2011,18.57
133,2,22,450,2012,19.25
133,2,22,450,2013,20.15
133,2,22,450,2014,21.13
133,2,22,450,2015,22.09
133,2,22,450,2016,22.97
133,3,22,450,1990,31.9
133,3,22,450,1991,32.35
133,3,22,450,1992,33.27
133,3,22,450,1993,32.94
133,3,22,450,1994,33.2
133,3,22,450,1995,31.47
133,3,22,450,1996,29.75
133,3,22,450,1997,30.12
133,3,22,450,1998,29.8
133,3,22,450,1999,30.97
133,3,22,450,2000,31.65
133,3,22,450,2001,32.67
133,3,22,450,2002,34.82
133,3,22,450,2003,36.16
133,3,22,450,2004,37.53
133,3,22,450,2005,39.55
133,3,22,450,2006,41.93
133,3,22,450,2007,44.99
133,3,22,450,2008,48.5
133,3,22,450,2009,52.96
133,3,22,450,2010,55.88
133,3,22,450,2011,59.12
133,3,22,450,2012,62.45
133,3,22,450,2013,66.02
133,3,22,450,2014,68.56
133,3,22,450,2015,71.26
133,3,22,450,2016,74.13
135,1,22,450,1990,508.53
135,1,22,450,1991,535.66
135,1,22,450,1992,563.17
135,1,22,450,1993,589.46
135,1,22,450,1994,613.47
135,1,22,450,1995,645.74
135,1,22,450,1996,679.38
135,1,22,450,1997,714.61
135,1,22,450,1998,753.57
135,1,22,450,1999,794.83
135,1,22,450,2000,837.48
135,1,22,450,2001,866.57
135,1,22,450,2002,912.89
135,1,22,450,2003,949.95
135,1,22,450,2004,982.83
135,1,22,450,2005,1017.76
135,1,22,450,2006,1040.32
135,1,22,450,2007,1066.84
135,1,22,450,2008,1095.91
135,1,22,450,2009,1131.07
135,1,22,450,2010,1170.18
135,1,22,450,2011,1204.43
135,1,22,450,2012,1236.46
135,1,22,450,2013,1271.05
135,1,22,450,2014,1318.88
135,1,22,450,2015,1377.52
135,1,22,450,2016,1448.28
135,2,22,450,1990,87.24
135,2,22,450,1991,89.7
135,2,22,450,1992,92.96
135,2,22,450,1993,96.27
135,2,22,450,1994,99.66
135,2,22,450,1995,104.03
135,2,22,450,1996,107.49
135,2,22,450,1997,108.79
135,2,22,450,1998,115.63
135,2,22,450,1999,122.98
135,2,22,450,2000,129.77
135,2,22,450,2001,132.61
135,2,22,450,2002,137.67
135,2,22,450,2003,141.18
135,2,22,450,2004,147.79
135,2,22,450,2005,154.62
135,2,22,450,2006,160.41
135,2,22,450,2007,164.02
135,2,22,450,2008,171.05
135,2,22,450,2009,176.25
135,2,22,450,2010,181.45
135,2,22,450,2011,187.58
135,2,22,450,2012,193.09
135,2,22,450,2013,195.41
135,2,22,450,2014,203.28
135,2,22,450,2015,210.49
135,2,22,450,2016,218.83
135,3,22,450,1990,595.77
135,3,22,450,1991,625.36
135,3,22,450,1992,656.13
135,3,22,450,1993,685.73
135,3,22,450,1994,713.13
135,3,22,450,1995,749.77
135,3,22,450,1996,786.87
135,3,22,450,1997,823.4
135,3,22,450,1998,869.2
135,3,22,450,1999,917.8
135,3,22,450,2000,967.24
135,3,22,450,2001,999.19
135,3,22,450,2002,1050.56
135,3,22,450,2003,1091.13
135,3,22,450,2004,1130.62
135,3,22,450,2005,1172.38
135,3,22,450,2006,1200.72
135,3,22,450,2007,1230.86
135,3,22,450,2008,1266.96
135,3,22,450,2009,1307.33
135,3,22,450,2010,1351.63
135,3,22,450,2011,1392.01
135,3,22,450,2012,1429.55
135,3,22,450,2013,1466.46
135,3,22,450,2014,1522.17
135,3,22,450,2015,1588
135,3,22,450,2016,1667.11
136,1,22,450,1990,5.63
136,1,22,450,1991,5.92
136,1,22,450,1992,6.25
136,1,22,450,1993,6.69
136,1,22,450,1994,7.14
136,1,22,450,1995,7.53
136,1,22,450,1996,7.56
136,1,22,450,1997,8.14
136,1,22,450,1998,8.62
136,1,22,450,1999,9
136,1,22,450,2000,9.39
136,1,22,450,2001,9.81
136,1,22,450,2002,10.15
136,1,22,450,2003,10.44
136,1,22,450,2004,10.78
136,1,22,450,2005,11.38
136,1,22,450,2006,11.75
136,1,22,450,2007,12.4
136,1,22,450,2008,13.03
136,1,22,450,2009,13.75
136,1,22,450,2010,14.61
136,1,22,450,2011,15.49
136,1,22,450,2012,16.52
136,1,22,450,2013,17.69
136,1,22,450,2014,18.46
136,1,22,450,2015,19.59
136,1,22,450,2016,20.33
136,2,22,450,1990,0.86
136,2,22,450,1991,0.9
136,2,22,450,1992,0.94
136,2,22,450,1993,0.97
136,2,22,450,1994,0.99
136,2,22,450,1995,1.05
136,2,22,450,1996,1.12
136,2,22,450,1997,1.23
136,2,22,450,1998,1.29
136,2,22,450,1999,1.34
136,2,22,450,2000,1.44
136,2,22,450,2001,1.44
136,2,22,450,2002,1.57
136,2,22,450,2003,1.68
136,2,22,450,2004,1.71
136,2,22,450,2005,1.72
136,2,22,450,2006,1.73
136,2,22,450,2007,1.79
136,2,22,450,2008,1.8
136,2,22,450,2009,1.87
136,2,22,450,2010,1.93
136,2,22,450,2011,1.99
136,2,22,450,2012,2.06
136,2,22,450,2013,2.17
136,2,22,450,2014,2.24
136,2,22,450,2015,2.32
136,2,22,450,2016,2.41
136,3,22,450,1990,6.49
136,3,22,450,1991,6.83
136,3,22,450,1992,7.18
136,3,22,450,1993,7.66
136,3,22,450,1994,8.12
136,3,22,450,1995,8.58
136,3,22,450,1996,8.68
136,3,22,450,1997,9.37
136,3,22,450,1998,9.9
136,3,22,450,1999,10.34
136,3,22,450,2000,10.83
136,3,22,450,2001,11.25
136,3,22,450,2002,11.72
136,3,22,450,2003,12.11
136,3,22,450,2004,12.49
136,3,22,450,2005,13.1
136,3,22,450,2006,13.48
136,3,22,450,2007,14.19
136,3,22,450,2008,14.83
136,3,22,450,2009,15.61
136,3,22,450,2010,16.54
136,3,22,450,2011,17.49
136,3,22,450,2012,18.58
136,3,22,450,2013,19.85
136,3,22,450,2014,20.7
136,3,22,450,2015,21.92
136,3,22,450,2016,22.74
139,1,22,450,1990,55.04
139,1,22,450,1991,59.14
139,1,22,450,1992,51.53
139,1,22,450,1993,46.84
139,1,22,450,1994,42.72
139,1,22,450,1995,41.06
139,1,22,450,1996,35.22
139,1,22,450,1997,30.44
139,1,22,450,1998,26.76
139,1,22,450,1999,24.66
139,1,22,450,2000,24.43
139,1,22,450,2001,19.95
139,1,22,450,2002,17.55
139,1,22,450,2003,16.95
139,1,22,450,2004,17.03
139,1,22,450,2005,18.13
139,1,22,450,2006,17.67
139,1,22,450,2007,18.83
139,1,22,450,2008,19.88
139,1,22,450,2009,20.89
139,1,22,450,2010,21.95
139,1,22,450,2011,23.08
139,1,22,450,2012,24.37
139,1,22,450,2013,25.74
139,1,22,450,2014,27.19
139,1,22,450,2015,28.95
139,1,22,450,2016,30.53
139,2,22,450,1990,27.23
139,2,22,450,1991,27.76
139,2,22,450,1992,25.96
139,2,22,450,1993,24.5
139,2,22,450,1994,23.2
139,2,22,450,1995,22.22
139,2,22,450,1996,20.97
139,2,22,450,1997,19.55
139,2,22,450,1998,18.09
139,2,22,450,1999,16.95
139,2,22,450,2000,16.51
139,2,22,450,2001,14.51
139,2,22,450,2002,13.16
139,2,22,450,2003,12.18
139,2,22,450,2004,11.52
139,2,22,450,2005,11.32
139,2,22,450,2006,10.27
139,2,22,450,2007,11.02
139,2,22,450,2008,11.59
139,2,22,450,2009,12.15
139,2,22,450,2010,12.76
139,2,22,450,2011,13.31
139,2,22,450,2012,13.94
139,2,22,450,2013,14.57
139,2,22,450,2014,15.21
139,2,22,450,2015,16.03
139,2,22,450,2016,16.81
139,3,22,450,1990,82.27
139,3,22,450,1991,86.9
139,3,22,450,1992,77.49
139,3,22,450,1993,71.34
139,3,22,450,1994,65.92
139,3,22,450,1995,63.28
139,3,22,450,1996,56.19
139,3,22,450,1997,49.99
139,3,22,450,1998,44.84
139,3,22,450,1999,41.61
139,3,22,450,2000,40.94
139,3,22,450,2001,34.46
139,3,22,450,2002,30.71
139,3,22,450,2003,29.13
139,3,22,450,2004,28.56
139,3,22,450,2005,29.44
139,3,22,450,2006,27.93
139,3,22,450,2007,29.85
139,3,22,450,2008,31.47
139,3,22,450,2009,33.05
139,3,22,450,2010,34.71
139,3,22,450,2011,36.39
139,3,22,450,2012,38.3
139,3,22,450,2013,40.3
139,3,22,450,2014,42.39
139,3,22,450,2015,44.99
139,3,22,450,2016,47.35
140,1,22,450,1990,0.32
140,1,22,450,1991,0.32
140,1,22,450,1992,0.33
140,1,22,450,1993,0.34
140,1,22,450,1994,0.35
140,1,22,450,1995,0.37
140,1,22,450,1996,0.38
140,1,22,450,1997,0.4
140,1,22,450,1998,0.41
140,1,22,450,1999,0.39
140,1,22,450,2000,0.4
140,1,22,450,2001,0.43
140,1,22,450,2002,0.44
140,1,22,450,2003,0.44
140,1,22,450,2004,0.47
140,1,22,450,2005,0.49
140,1,22,450,2006,0.52
140,1,22,450,2007,0.56
140,1,22,450,2008,0.6
140,1,22,450,2009,0.65
140,1,22,450,2010,0.69
140,1,22,450,2011,0.73
140,1,22,450,2012,0.77
140,1,22,450,2013,0.83
140,1,22,450,2014,0.9
140,1,22,450,2015,0.94
140,1,22,450,2016,1
140,2,22,450,1990,0.22
140,2,22,450,1991,0.22
140,2,22,450,1992,0.22
140,2,22,450,1993,0.22
140,2,22,450,1994,0.21
140,2,22,450,1995,0.22
140,2,22,450,1996,0.22
140,2,22,450,1997,0.22
140,2,22,450,1998,0.22
140,2,22,450,1999,0.23
140,2,22,450,2000,0.25
140,2,22,450,2001,0.26
140,2,22,450,2002,0.28
140,2,22,450,2003,0.3
140,2,22,450,2004,0.31
140,2,22,450,2005,0.34
140,2,22,450,2006,0.37
140,2,22,450,2007,0.4
140,2,22,450,2008,0.45
140,2,22,450,2009,0.51
140,2,22,450,2010,0.56
140,2,22,450,2011,0.61
140,2,22,450,2012,0.65
140,2,22,450,2013,0.67
140,2,22,450,2014,0.71
140,2,22,450,2015,0.73
140,2,22,450,2016,0.77
140,3,22,450,1990,0.54
140,3,22,450,1991,0.55
140,3,22,450,1992,0.55
140,3,22,450,1993,0.56
140,3,22,450,1994,0.57
140,3,22,450,1995,0.59
140,3,22,450,1996,0.6
140,3,22,450,1997,0.61
140,3,22,450,1998,0.63
140,3,22,450,1999,0.63
140,3,22,450,2000,0.65
140,3,22,450,2001,0.69
140,3,22,450,2002,0.72
140,3,22,450,2003,0.74
140,3,22,450,2004,0.78
140,3,22,450,2005,0.82
140,3,22,450,2006,0.89
140,3,22,450,2007,0.96
140,3,22,450,2008,1.05
140,3,22,450,2009,1.15
140,3,22,450,2010,1.26
140,3,22,450,2011,1.34
140,3,22,450,2012,1.42
140,3,22,450,2013,1.5
140,3,22,450,2014,1.61
140,3,22,450,2015,1.67
140,3,22,450,2016,1.77
141,1,22,450,1990,16.92
141,1,22,450,1991,17.62
141,1,22,450,1992,17.92
141,1,22,450,1993,18.82
141,1,22,450,1994,19.82
141,1,22,450,1995,20.54
141,1,22,450,1996,21.52
141,1,22,450,1997,22.56
141,1,22,450,1998,23.31
141,1,22,450,1999,24.28
141,1,22,450,2000,25.02
141,1,22,450,2001,26.56
141,1,22,450,2002,27.71
141,1,22,450,2003,28.89
141,1,22,450,2004,29.88
141,1,22,450,2005,30.63
141,1,22,450,2006,31.93
141,1,22,450,2007,33.04
141,1,22,450,2008,34.45
141,1,22,450,2009,36.04
141,1,22,450,2010,37.18
141,1,22,450,2011,38.86
141,1,22,450,2012,39.96
141,1,22,450,2013,40.85
141,1,22,450,2014,42.02
141,1,22,450,2015,43.79
141,1,22,450,2016,45.09
141,2,22,450,1990,16.16
141,2,22,450,1991,16.33
141,2,22,450,1992,16.48
141,2,22,450,1993,17.12
141,2,22,450,1994,17.66
141,2,22,450,1995,17.95
141,2,22,450,1996,18.68
141,2,22,450,1997,19.4
141,2,22,450,1998,19.82
141,2,22,450,1999,20.31
141,2,22,450,2000,20.71
141,2,22,450,2001,21.75
141,2,22,450,2002,22.49
141,2,22,450,2003,23.27
141,2,22,450,2004,23.94
141,2,22,450,2005,24.86
141,2,22,450,2006,25.76
141,2,22,450,2007,26.27
141,2,22,450,2008,27.47
141,2,22,450,2009,28.71
141,2,22,450,2010,29.8
141,2,22,450,2011,29.53
141,2,22,450,2012,30.57
141,2,22,450,2013,30.16
141,2,22,450,2014,30.97
141,2,22,450,2015,31.63
141,2,22,450,2016,32.25
141,3,22,450,1990,33.08
141,3,22,450,1991,33.95
141,3,22,450,1992,34.4
141,3,22,450,1993,35.95
141,3,22,450,1994,37.47
141,3,22,450,1995,38.49
141,3,22,450,1996,40.2
141,3,22,450,1997,41.96
141,3,22,450,1998,43.13
141,3,22,450,1999,44.6
141,3,22,450,2000,45.73
141,3,22,450,2001,48.31
141,3,22,450,2002,50.21
141,3,22,450,2003,52.15
141,3,22,450,2004,53.81
141,3,22,450,2005,55.49
141,3,22,450,2006,57.69
141,3,22,450,2007,59.31
141,3,22,450,2008,61.92
141,3,22,450,2009,64.75
141,3,22,450,2010,66.98
141,3,22,450,2011,68.39
141,3,22,450,2012,70.53
141,3,22,450,2013,71.01
141,3,22,450,2014,72.99
141,3,22,450,2015,75.42
141,3,22,450,2016,77.34
142,1,22,450,1990,10.27
142,1,22,450,1991,10.95
142,1,22,450,1992,11.62
142,1,22,450,1993,12.4
142,1,22,450,1994,13.23
142,1,22,450,1995,14.16
142,1,22,450,1996,15.07
142,1,22,450,1997,15.64
142,1,22,450,1998,16.56
142,1,22,450,1999,17.15
142,1,22,450,2000,18.21
142,1,22,450,2001,19.17
142,1,22,450,2002,20.14
142,1,22,450,2003,21.19
142,1,22,450,2004,22.06
142,1,22,450,2005,23.01
142,1,22,450,2006,23.8
142,1,22,450,2007,24.8
142,1,22,450,2008,25.8
142,1,22,450,2009,26.82
142,1,22,450,2010,27.93
142,1,22,450,2011,29
142,1,22,450,2012,30.59
142,1,22,450,2013,33.44
142,1,22,450,2014,34.72
142,1,22,450,2015,35.78
142,1,22,450,2016,37.62
142,2,22,450,1990,9.13
142,2,22,450,1991,9.6
142,2,22,450,1992,10
142,2,22,450,1993,10.52
142,2,22,450,1994,11.08
142,2,22,450,1995,11.73
142,2,22,450,1996,12.35
142,2,22,450,1997,13.06
142,2,22,450,1998,13.75
142,2,22,450,1999,15.71
142,2,22,450,2000,17.49
142,2,22,450,2001,18.9
142,2,22,450,2002,20.33
142,2,22,450,2003,21.67
142,2,22,450,2004,22.78
142,2,22,450,2005,24.33
142,2,22,450,2006,25.88
142,2,22,450,2007,27.74
142,2,22,450,2008,29.47
142,2,22,450,2009,30.98
142,2,22,450,2010,32.56
142,2,22,450,2011,33.56
142,2,22,450,2012,36.15
142,2,22,450,2013,39.25
142,2,22,450,2014,41.35
142,2,22,450,2015,41.6
142,2,22,450,2016,42.64
142,3,22,450,1990,19.4
142,3,22,450,1991,20.54
142,3,22,450,1992,21.62
142,3,22,450,1993,22.91
142,3,22,450,1994,24.31
142,3,22,450,1995,25.89
142,3,22,450,1996,27.42
142,3,22,450,1997,28.7
142,3,22,450,1998,30.31
142,3,22,450,1999,32.86
142,3,22,450,2000,35.7
142,3,22,450,2001,38.07
142,3,22,450,2002,40.47
142,3,22,450,2003,42.86
142,3,22,450,2004,44.84
142,3,22,450,2005,47.33
142,3,22,450,2006,49.68
142,3,22,450,2007,52.55
142,3,22,450,2008,55.27
142,3,22,450,2009,57.79
142,3,22,450,2010,60.49
142,3,22,450,2011,62.55
142,3,22,450,2012,66.73
142,3,22,450,2013,72.69
142,3,22,450,2014,76.07
142,3,22,450,2015,77.37
142,3,22,450,2016,80.26
143,1,22,450,1990,6.64
143,1,22,450,1991,6.76
143,1,22,450,1992,6.89
143,1,22,450,1993,7.05
143,1,22,450,1994,7.24
143,1,22,450,1995,7.46
143,1,22,450,1996,7.62
143,1,22,450,1997,8
143,1,22,450,1998,8.14
143,1,22,450,1999,8.5
143,1,22,450,2000,9.11
143,1,22,450,2001,9.24
143,1,22,450,2002,9.91
143,1,22,450,2003,10.23
143,1,22,450,2004,10.53
143,1,22,450,2005,10.74
143,1,22,450,2006,10.92
143,1,22,450,2007,11.01
143,1,22,450,2008,11.77
143,1,22,450,2009,10.82
143,1,22,450,2010,10.92
143,1,22,450,2011,10.95
143,1,22,450,2012,11.46
143,1,22,450,2013,12.01
143,1,22,450,2014,12.62
143,1,22,450,2015,13.3
143,1,22,450,2016,13.97
143,2,22,450,1990,7.53
143,2,22,450,1991,7.7
143,2,22,450,1992,7.89
143,2,22,450,1993,8.1
143,2,22,450,1994,8.28
143,2,22,450,1995,8.57
143,2,22,450,1996,8.9
143,2,22,450,1997,9.18
143,2,22,450,1998,9.32
143,2,22,450,1999,9.49
143,2,22,450,2000,9.88
143,2,22,450,2001,9.97
143,2,22,450,2002,10.38
143,2,22,450,2003,10.73
143,2,22,450,2004,10.98
143,2,22,450,2005,11.22
143,2,22,450,2006,11.41
143,2,22,450,2007,11.6
143,2,22,450,2008,11.51
143,2,22,450,2009,11.45
143,2,22,450,2010,11.87
143,2,22,450,2011,12.27
143,2,22,450,2012,12.55
143,2,22,450,2013,12.92
143,2,22,450,2014,13.39
143,2,22,450,2015,13.88
143,2,22,450,2016,14.37
143,3,22,450,1990,14.17
143,3,22,450,1991,14.46
143,3,22,450,1992,14.78
143,3,22,450,1993,15.15
143,3,22,450,1994,15.52
143,3,22,450,1995,16.03
143,3,22,450,1996,16.52
143,3,22,450,1997,17.18
143,3,22,450,1998,17.46
143,3,22,450,1999,18
143,3,22,450,2000,18.99
143,3,22,450,2001,19.21
143,3,22,450,2002,20.3
143,3,22,450,2003,20.96
143,3,22,450,2004,21.51
143,3,22,450,2005,21.95
143,3,22,450,2006,22.33
143,3,22,450,2007,22.61
143,3,22,450,2008,23.28
143,3,22,450,2009,22.27
143,3,22,450,2010,22.8
143,3,22,450,2011,23.22
143,3,22,450,2012,24
143,3,22,450,2013,24.93
143,3,22,450,2014,26.01
143,3,22,450,2015,27.18
143,3,22,450,2016,28.35
144,1,22,450,1990,0.9
144,1,22,450,1991,0.92
144,1,22,450,1992,0.97
144,1,22,450,1993,1.03
144,1,22,450,1994,1.1
144,1,22,450,1995,1.17
144,1,22,450,1996,1.21
144,1,22,450,1997,1.25
144,1,22,450,1998,1.28
144,1,22,450,1999,1.34
144,1,22,450,2000,1.4
144,1,22,450,2001,1.45
144,1,22,450,2002,1.57
144,1,22,450,2003,1.73
144,1,22,450,2004,1.95
144,1,22,450,2005,2.15
144,1,22,450,2006,2.27
144,1,22,450,2007,2.41
144,1,22,450,2008,2.67
144,1,22,450,2009,2.93
144,1,22,450,2010,3.15
144,1,22,450,2011,3.37
144,1,22,450,2012,3.63
144,1,22,450,2013,3.79
144,1,22,450,2014,3.98
144,1,22,450,2015,4.19
144,1,22,450,2016,4.38
144,2,22,450,1990,0.91
144,2,22,450,1991,0.94
144,2,22,450,1992,0.96
144,2,22,450,1993,1.03
144,2,22,450,1994,1.08
144,2,22,450,1995,1.15
144,2,22,450,1996,1.21
144,2,22,450,1997,1.24
144,2,22,450,1998,1.27
144,2,22,450,1999,1.33
144,2,22,450,2000,1.39
144,2,22,450,2001,1.43
144,2,22,450,2002,1.53
144,2,22,450,2003,1.66
144,2,22,450,2004,1.87
144,2,22,450,2005,2.03
144,2,22,450,2006,2.12
144,2,22,450,2007,2.14
144,2,22,450,2008,2.23
144,2,22,450,2009,2.35
144,2,22,450,2010,2.47
144,2,22,450,2011,2.63
144,2,22,450,2012,2.8
144,2,22,450,2013,2.9
144,2,22,450,2014,3.02
144,2,22,450,2015,3.14
144,2,22,450,2016,3.25
144,3,22,450,1990,1.81
144,3,22,450,1991,1.87
144,3,22,450,1992,1.93
144,3,22,450,1993,2.07
144,3,22,450,1994,2.18
144,3,22,450,1995,2.32
144,3,22,450,1996,2.42
144,3,22,450,1997,2.48
144,3,22,450,1998,2.55
144,3,22,450,1999,2.67
144,3,22,450,2000,2.79
144,3,22,450,2001,2.88
144,3,22,450,2002,3.11
144,3,22,450,2003,3.39
144,3,22,450,2004,3.81
144,3,22,450,2005,4.17
144,3,22,450,2006,4.39
144,3,22,450,2007,4.55
144,3,22,450,2008,4.89
144,3,22,450,2009,5.28
144,3,22,450,2010,5.62
144,3,22,450,2011,6
144,3,22,450,2012,6.43
144,3,22,450,2013,6.69
144,3,22,450,2014,7
144,3,22,450,2015,7.33
144,3,22,450,2016,7.63
145,1,22,450,1990,1
145,1,22,450,1991,0.95
145,1,22,450,1992,0.89
145,1,22,450,1993,0.82
145,1,22,450,1994,0.83
145,1,22,450,1995,0.75
145,1,22,450,1996,0.71
145,1,22,450,1997,0.6
145,1,22,450,1998,0.62
145,1,22,450,1999,0.63
145,1,22,450,2000,0.63
145,1,22,450,2001,0.65
145,1,22,450,2002,0.65
145,1,22,450,2003,0.69
145,1,22,450,2004,0.74
145,1,22,450,2005,0.73
145,1,22,450,2006,0.79
145,1,22,450,2007,0.84
145,1,22,450,2008,0.97
145,1,22,450,2009,0.99
145,1,22,450,2010,1.08
145,1,22,450,2011,1.16
145,1,22,450,2012,1.33
145,1,22,450,2013,1.41
145,1,22,450,2014,1.64
145,1,22,450,2015,1.74
145,1,22,450,2016,1.87
145,2,22,450,1990,0.76
145,2,22,450,1991,0.68
145,2,22,450,1992,0.6
145,2,22,450,1993,0.51
145,2,22,450,1994,0.59
145,2,22,450,1995,0.57
145,2,22,450,1996,0.55
145,2,22,450,1997,0.41
145,2,22,450,1998,0.39
145,2,22,450,1999,0.49
145,2,22,450,2000,0.49
145,2,22,450,2001,0.53
145,2,22,450,2002,0.54
145,2,22,450,2003,0.47
145,2,22,450,2004,0.53
145,2,22,450,2005,0.53
145,2,22,450,2006,0.57
145,2,22,450,2007,0.63
145,2,22,450,2008,0.77
145,2,22,450,2009,0.86
145,2,22,450,2010,0.8
145,2,22,450,2011,0.89
145,2,22,450,2012,1
145,2,22,450,2013,1.18
145,2,22,450,2014,1.41
145,2,22,450,2015,1.47
145,2,22,450,2016,1.58
145,3,22,450,1990,1.76
145,3,22,450,1991,1.63
145,3,22,450,1992,1.49
145,3,22,450,1993,1.33
145,3,22,450,1994,1.42
145,3,22,450,1995,1.32
145,3,22,450,1996,1.25
145,3,22,450,1997,1.01
145,3,22,450,1998,1.01
145,3,22,450,1999,1.13
145,3,22,450,2000,1.12
145,3,22,450,2001,1.19
145,3,22,450,2002,1.19
145,3,22,450,2003,1.16
145,3,22,450,2004,1.28
145,3,22,450,2005,1.26
145,3,22,450,2006,1.36
145,3,22,450,2007,1.46
145,3,22,450,2008,1.73
145,3,22,450,2009,1.85
145,3,22,450,2010,1.89
145,3,22,450,2011,2.04
145,3,22,450,2012,2.33
145,3,22,450,2013,2.59
145,3,22,450,2014,3.05
145,3,22,450,2015,3.21
145,3,22,450,2016,3.46
146,1,22,450,1990,4.14
146,1,22,450,1991,3.95
146,1,22,450,1992,3.88
146,1,22,450,1993,3.86
146,1,22,450,1994,3.81
146,1,22,450,1995,3.76
146,1,22,450,1996,3.78
146,1,22,450,1997,3.83
146,1,22,450,1998,3.94
146,1,22,450,1999,3.53
146,1,22,450,2000,3.22
146,1,22,450,2001,3.07
146,1,22,450,2002,3.04
146,1,22,450,2003,3.08
146,1,22,450,2004,3.22
146,1,22,450,2005,3.37
146,1,22,450,2006,3.38
146,1,22,450,2007,3.51
146,1,22,450,2008,3.68
146,1,22,450,2009,3.91
146,1,22,450,2010,4.2
146,1,22,450,2011,4.53
146,1,22,450,2012,4.89
146,1,22,450,2013,5.31
146,1,22,450,2014,5.72
146,1,22,450,2015,6.07
146,1,22,450,2016,6.43
146,2,22,450,1990,2.91
146,2,22,450,1991,2.93
146,2,22,450,1992,3.01
146,2,22,450,1993,3.1
146,2,22,450,1994,3.13
146,2,22,450,1995,3.22
146,2,22,450,1996,3.21
146,2,22,450,1997,3.22
146,2,22,450,1998,3.29
146,2,22,450,1999,3.21
146,2,22,450,2000,3.26
146,2,22,450,2001,3.25
146,2,22,450,2002,3.27
146,2,22,450,2003,3.35
146,2,22,450,2004,3.39
146,2,22,450,2005,3.38
146,2,22,450,2006,3.74
146,2,22,450,2007,3.78
146,2,22,450,2008,3.89
146,2,22,450,2009,4.02
146,2,22,450,2010,4.2
146,2,22,450,2011,4.44
146,2,22,450,2012,4.7
146,2,22,450,2013,5.05
146,2,22,450,2014,5.36
146,2,22,450,2015,5.62
146,2,22,450,2016,5.89
146,3,22,450,1990,7.06
146,3,22,450,1991,6.88
146,3,22,450,1992,6.89
146,3,22,450,1993,6.96
146,3,22,450,1994,6.93
146,3,22,450,1995,6.98
146,3,22,450,1996,6.98
146,3,22,450,1997,7.05
146,3,22,450,1998,7.23
146,3,22,450,1999,6.74
146,3,22,450,2000,6.48
146,3,22,450,2001,6.32
146,3,22,450,2002,6.31
146,3,22,450,2003,6.42
146,3,22,450,2004,6.61
146,3,22,450,2005,6.74
146,3,22,450,2006,7.12
146,3,22,450,2007,7.29
146,3,22,450,2008,7.57
146,3,22,450,2009,7.93
146,3,22,450,2010,8.4
146,3,22,450,2011,8.96
146,3,22,450,2012,9.59
146,3,22,450,2013,10.36
146,3,22,450,2014,11.08
146,3,22,450,2015,11.69
146,3,22,450,2016,12.32
147,1,22,450,1990,1.38
147,1,22,450,1991,1.42
147,1,22,450,1992,1.46
147,1,22,450,1993,1.52
147,1,22,450,1994,1.58
147,1,22,450,1995,1.63
147,1,22,450,1996,1.68
147,1,22,450,1997,1.76
147,1,22,450,1998,1.84
147,1,22,450,1999,1.93
147,1,22,450,2000,2.01
147,1,22,450,2001,2.09
147,1,22,450,2002,2.18
147,1,22,450,2003,2.29
147,1,22,450,2004,2.41
147,1,22,450,2005,2.53
147,1,22,450,2006,2.68
147,1,22,450,2007,2.85
147,1,22,450,2008,3.03
147,1,22,450,2009,3.2
147,1,22,450,2010,3.38
147,1,22,450,2011,3.54
147,1,22,450,2012,3.71
147,1,22,450,2013,3.86
147,1,22,450,2014,4.01
147,1,22,450,2015,4.15
147,1,22,450,2016,4.29
147,2,22,450,1990,1
147,2,22,450,1991,1.03
147,2,22,450,1992,1.07
147,2,22,450,1993,1.11
147,2,22,450,1994,1.16
147,2,22,450,1995,1.21
147,2,22,450,1996,1.26
147,2,22,450,1997,1.32
147,2,22,450,1998,1.39
147,2,22,450,1999,1.47
147,2,22,450,2000,1.56
147,2,22,450,2001,1.63
147,2,22,450,2002,1.7
147,2,22,450,2003,1.79
147,2,22,450,2004,1.87
147,2,22,450,2005,1.97
147,2,22,450,2006,2.06
147,2,22,450,2007,2.19
147,2,22,450,2008,2.29
147,2,22,450,2009,2.41
147,2,22,450,2010,2.53
147,2,22,450,2011,2.65
147,2,22,450,2012,2.76
147,2,22,450,2013,2.87
147,2,22,450,2014,2.99
147,2,22,450,2015,3.1
147,2,22,450,2016,3.2
147,3,22,450,1990,2.37
147,3,22,450,1991,2.45
147,3,22,450,1992,2.53
147,3,22,450,1993,2.63
147,3,22,450,1994,2.73
147,3,22,450,1995,2.85
147,3,22,450,1996,2.94
147,3,22,450,1997,3.08
147,3,22,450,1998,3.23
147,3,22,450,1999,3.4
147,3,22,450,2000,3.57
147,3,22,450,2001,3.71
147,3,22,450,2002,3.88
147,3,22,450,2003,4.08
147,3,22,450,2004,4.28
147,3,22,450,2005,4.5
147,3,22,450,2006,4.75
147,3,22,450,2007,5.04
147,3,22,450,2008,5.32
147,3,22,450,2009,5.61
147,3,22,450,2010,5.91
147,3,22,450,2011,6.19
147,3,22,450,2012,6.48
147,3,22,450,2013,6.73
147,3,22,450,2014,7
147,3,22,450,2015,7.24
147,3,22,450,2016,7.5
148,1,22,450,1990,15.07
148,1,22,450,1991,15.54
148,1,22,450,1992,16.04
148,1,22,450,1993,16.65
148,1,22,450,1994,17
148,1,22,450,1995,17.43
148,1,22,450,1996,17.7
148,1,22,450,1997,18.05
148,1,22,450,1998,18.46
148,1,22,450,1999,18.88
148,1,22,450,2000,19.26
148,1,22,450,2001,19.78
148,1,22,450,2002,20.22
148,1,22,450,2003,20.96
148,1,22,450,2004,21.84
148,1,22,450,2005,22.89
148,1,22,450,2006,23.63
148,1,22,450,2007,24.49
148,1,22,450,2008,25.5
148,1,22,450,2009,26.62
148,1,22,450,2010,27.83
148,1,22,450,2011,28.97
148,1,22,450,2012,30.24
148,1,22,450,2013,31.65
148,1,22,450,2014,33.22
148,1,22,450,2015,34.93
148,1,22,450,2016,36.55
148,2,22,450,1990,11.62
148,2,22,450,1991,11.88
148,2,22,450,1992,12.14
148,2,22,450,1993,12.4
148,2,22,450,1994,12.61
148,2,22,450,1995,12.76
148,2,22,450,1996,12.81
148,2,22,450,1997,12.97
148,2,22,450,1998,13
148,2,22,450,1999,13.22
148,2,22,450,2000,13.38
148,2,22,450,2001,13.47
148,2,22,450,2002,13.82
148,2,22,450,2003,14.09
148,2,22,450,2004,14.42
148,2,22,450,2005,14.82
148,2,22,450,2006,15.18
148,2,22,450,2007,15.58
148,2,22,450,2008,16.06
148,2,22,450,2009,16.59
148,2,22,450,2010,17.2
148,2,22,450,2011,17.83
148,2,22,450,2012,18.57
148,2,22,450,2013,19.36
148,2,22,450,2014,20.17
148,2,22,450,2015,20.98
148,2,22,450,2016,21.69
148,3,22,450,1990,26.69
148,3,22,450,1991,27.41
148,3,22,450,1992,28.18
148,3,22,450,1993,29.04
148,3,22,450,1994,29.61
148,3,22,450,1995,30.2
148,3,22,450,1996,30.51
148,3,22,450,1997,31.02
148,3,22,450,1998,31.46
148,3,22,450,1999,32.1
148,3,22,450,2000,32.64
148,3,22,450,2001,33.25
148,3,22,450,2002,34.04
148,3,22,450,2003,35.05
148,3,22,450,2004,36.27
148,3,22,450,2005,37.71
148,3,22,450,2006,38.82
148,3,22,450,2007,40.07
148,3,22,450,2008,41.55
148,3,22,450,2009,43.21
148,3,22,450,2010,45.03
148,3,22,450,2011,46.8
148,3,22,450,2012,48.81
148,3,22,450,2013,51.01
148,3,22,450,2014,53.38
148,3,22,450,2015,55.91
148,3,22,450,2016,58.23
149,1,22,450,1990,0.33
149,1,22,450,1991,0.35
149,1,22,450,1992,0.37
149,1,22,450,1993,0.39
149,1,22,450,1994,0.42
149,1,22,450,1995,0.45
149,1,22,450,1996,0.48
149,1,22,450,1997,0.53
149,1,22,450,1998,0.58
149,1,22,450,1999,0.63
149,1,22,450,2000,0.62
149,1,22,450,2001,0.61
149,1,22,450,2002,0.6
149,1,22,450,2003,0.62
149,1,22,450,2004,0.63
149,1,22,450,2005,0.6
149,1,22,450,2006,0.59
149,1,22,450,2007,0.57
149,1,22,450,2008,0.57
149,1,22,450,2009,0.58
149,1,22,450,2010,0.58
149,1,22,450,2011,0.59
149,1,22,450,2012,0.6
149,1,22,450,2013,0.63
149,1,22,450,2014,0.67
149,1,22,450,2015,0.72
149,1,22,450,2016,0.77
149,2,22,450,1990,0.4
149,2,22,450,1991,0.42
149,2,22,450,1992,0.44
149,2,22,450,1993,0.46
149,2,22,450,1994,0.49
149,2,22,450,1995,0.52
149,2,22,450,1996,0.55
149,2,22,450,1997,0.58
149,2,22,450,1998,0.62
149,2,22,450,1999,0.65
149,2,22,450,2000,0.61
149,2,22,450,2001,0.56
149,2,22,450,2002,0.54
149,2,22,450,2003,0.47
149,2,22,450,2004,0.41
149,2,22,450,2005,0.38
149,2,22,450,2006,0.36
149,2,22,450,2007,0.35
149,2,22,450,2008,0.35
149,2,22,450,2009,0.37
149,2,22,450,2010,0.4
149,2,22,450,2011,0.44
149,2,22,450,2012,0.47
149,2,22,450,2013,0.49
149,2,22,450,2014,0.51
149,2,22,450,2015,0.55
149,2,22,450,2016,0.57
149,3,22,450,1990,0.74
149,3,22,450,1991,0.77
149,3,22,450,1992,0.81
149,3,22,450,1993,0.85
149,3,22,450,1994,0.91
149,3,22,450,1995,0.97
149,3,22,450,1996,1.03
149,3,22,450,1997,1.11
149,3,22,450,1998,1.2
149,3,22,450,1999,1.28
149,3,22,450,2000,1.23
149,3,22,450,2001,1.17
149,3,22,450,2002,1.14
149,3,22,450,2003,1.1
149,3,22,450,2004,1.04
149,3,22,450,2005,0.97
149,3,22,450,2006,0.95
149,3,22,450,2007,0.93
149,3,22,450,2008,0.92
149,3,22,450,2009,0.95
149,3,22,450,2010,0.99
149,3,22,450,2011,1.03
149,3,22,450,2012,1.07
149,3,22,450,2013,1.12
149,3,22,450,2014,1.18
149,3,22,450,2015,1.27
149,3,22,450,2016,1.34
150,1,22,450,1990,0.24
150,1,22,450,1991,0.26
150,1,22,450,1992,0.28
150,1,22,450,1993,0.31
150,1,22,450,1994,0.34
150,1,22,450,1995,0.36
150,1,22,450,1996,0.38
150,1,22,450,1997,0.39
150,1,22,450,1998,0.4
150,1,22,450,1999,0.41
150,1,22,450,2000,0.42
150,1,22,450,2001,0.45
150,1,22,450,2002,0.49
150,1,22,450,2003,0.54
150,1,22,450,2004,0.58
150,1,22,450,2005,0.62
150,1,22,450,2006,0.66
150,1,22,450,2007,0.7
150,1,22,450,2008,0.77
150,1,22,450,2009,0.87
150,1,22,450,2010,0.96
150,1,22,450,2011,1.05
150,1,22,450,2012,1.19
150,1,22,450,2013,1.36
150,1,22,450,2014,1.53
150,1,22,450,2015,1.69
150,1,22,450,2016,1.82
150,2,22,450,1990,0.13
150,2,22,450,1991,0.13
150,2,22,450,1992,0.14
150,2,22,450,1993,0.14
150,2,22,450,1994,0.14
150,2,22,450,1995,0.14
150,2,22,450,1996,0.15
150,2,22,450,1997,0.15
150,2,22,450,1998,0.16
150,2,22,450,1999,0.17
150,2,22,450,2000,0.18
150,2,22,450,2001,0.18
150,2,22,450,2002,0.19
150,2,22,450,2003,0.2
150,2,22,450,2004,0.21
150,2,22,450,2005,0.21
150,2,22,450,2006,0.23
150,2,22,450,2007,0.25
150,2,22,450,2008,0.28
150,2,22,450,2009,0.34
150,2,22,450,2010,0.34
150,2,22,450,2011,0.35
150,2,22,450,2012,0.37
150,2,22,450,2013,0.39
150,2,22,450,2014,0.41
150,2,22,450,2015,0.43
150,2,22,450,2016,0.44
150,3,22,450,1990,0.37
150,3,22,450,1991,0.39
150,3,22,450,1992,0.42
150,3,22,450,1993,0.45
150,3,22,450,1994,0.48
150,3,22,450,1995,0.5
150,3,22,450,1996,0.53
150,3,22,450,1997,0.54
150,3,22,450,1998,0.56
150,3,22,450,1999,0.57
150,3,22,450,2000,0.6
150,3,22,450,2001,0.64
150,3,22,450,2002,0.69
150,3,22,450,2003,0.74
150,3,22,450,2004,0.79
150,3,22,450,2005,0.84
150,3,22,450,2006,0.89
150,3,22,450,2007,0.95
150,3,22,450,2008,1.05
150,3,22,450,2009,1.21
150,3,22,450,2010,1.3
150,3,22,450,2011,1.41
150,3,22,450,2012,1.56
150,3,22,450,2013,1.75
150,3,22,450,2014,1.94
150,3,22,450,2015,2.12
150,3,22,450,2016,2.26
151,1,22,450,1990,0.12
151,1,22,450,1991,0.13
151,1,22,450,1992,0.13
151,1,22,450,1993,0.13
151,1,22,450,1994,0.14
151,1,22,450,1995,0.14
151,1,22,450,1996,0.15
151,1,22,450,1997,0.17
151,1,22,450,1998,0.19
151,1,22,450,1999,0.22
151,1,22,450,2000,0.24
151,1,22,450,2001,0.25
151,1,22,450,2002,0.29
151,1,22,450,2003,0.33
151,1,22,450,2004,0.4
151,1,22,450,2005,0.46
151,1,22,450,2006,0.53
151,1,22,450,2007,0.67
151,1,22,450,2008,0.79
151,1,22,450,2009,0.86
151,1,22,450,2010,0.89
151,1,22,450,2011,0.92
151,1,22,450,2012,0.94
151,1,22,450,2013,0.95
151,1,22,450,2014,0.95
151,1,22,450,2015,1
151,1,22,450,2016,1.1
151,2,22,450,1990,0.04
151,2,22,450,1991,0.04
151,2,22,450,1992,0.04
151,2,22,450,1993,0.04
151,2,22,450,1994,0.04
151,2,22,450,1995,0.05
151,2,22,450,1996,0.04
151,2,22,450,1997,0.04
151,2,22,450,1998,0.04
151,2,22,450,1999,0.05
151,2,22,450,2000,0.05
151,2,22,450,2001,0.05
151,2,22,450,2002,0.05
151,2,22,450,2003,0.06
151,2,22,450,2004,0.06
151,2,22,450,2005,0.07
151,2,22,450,2006,0.08
151,2,22,450,2007,0.1
151,2,22,450,2008,0.12
151,2,22,450,2009,0.13
151,2,22,450,2010,0.14
151,2,22,450,2011,0.15
151,2,22,450,2012,0.16
151,2,22,450,2013,0.17
151,2,22,450,2014,0.19
151,2,22,450,2015,0.2
151,2,22,450,2016,0.21
151,3,22,450,1990,0.16
151,3,22,450,1991,0.16
151,3,22,450,1992,0.17
151,3,22,450,1993,0.17
151,3,22,450,1994,0.18
151,3,22,450,1995,0.18
151,3,22,450,1996,0.2
151,3,22,450,1997,0.21
151,3,22,450,1998,0.23
151,3,22,450,1999,0.26
151,3,22,450,2000,0.29
151,3,22,450,2001,0.3
151,3,22,450,2002,0.35
151,3,22,450,2003,0.4
151,3,22,450,2004,0.46
151,3,22,450,2005,0.54
151,3,22,450,2006,0.61
151,3,22,450,2007,0.77
151,3,22,450,2008,0.91
151,3,22,450,2009,0.99
151,3,22,450,2010,1.03
151,3,22,450,2011,1.07
151,3,22,450,2012,1.1
151,3,22,450,2013,1.13
151,3,22,450,2014,1.13
151,3,22,450,2015,1.2
151,3,22,450,2016,1.32
152,1,22,450,1990,4.51
152,1,22,450,1991,4.73
152,1,22,450,1992,4.97
152,1,22,450,1993,5.22
152,1,22,450,1994,5.49
152,1,22,450,1995,5.81
152,1,22,450,1996,6.08
152,1,22,450,1997,6.37
152,1,22,450,1998,6.69
152,1,22,450,1999,6.99
152,1,22,450,2000,7.15
152,1,22,450,2001,7.52
152,1,22,450,2002,8.06
152,1,22,450,2003,8.54
152,1,22,450,2004,9.12
152,1,22,450,2005,9.74
152,1,22,450,2006,10.41
152,1,22,450,2007,11.16
152,1,22,450,2008,11.97
152,1,22,450,2009,12.72
152,1,22,450,2010,13.37
152,1,22,450,2011,14.55
152,1,22,450,2012,15.81
152,1,22,450,2013,17.33
152,1,22,450,2014,18.95
152,1,22,450,2015,20.79
152,1,22,450,2016,22.52
152,2,22,450,1990,9.73
152,2,22,450,1991,10.07
152,2,22,450,1992,10.39
152,2,22,450,1993,10.8
152,2,22,450,1994,11.32
152,2,22,450,1995,11.85
152,2,22,450,1996,12.4
152,2,22,450,1997,13.09
152,2,22,450,1998,13.98
152,2,22,450,1999,14.75
152,2,22,450,2000,15.63
152,2,22,450,2001,15.88
152,2,22,450,2002,16.38
152,2,22,450,2003,16.88
152,2,22,450,2004,17.54
152,2,22,450,2005,18.54
152,2,22,450,2006,19.79
152,2,22,450,2007,20.67
152,2,22,450,2008,21.73
152,2,22,450,2009,22.13
152,2,22,450,2010,22.56
152,2,22,450,2011,23.36
152,2,22,450,2012,24.56
152,2,22,450,2013,25.42
152,2,22,450,2014,26.54
152,2,22,450,2015,27.79
152,2,22,450,2016,29.03
152,3,22,450,1990,14.24
152,3,22,450,1991,14.8
152,3,22,450,1992,15.36
152,3,22,450,1993,16.03
152,3,22,450,1994,16.82
152,3,22,450,1995,17.66
152,3,22,450,1996,18.48
152,3,22,450,1997,19.45
152,3,22,450,1998,20.67
152,3,22,450,1999,21.75
152,3,22,450,2000,22.78
152,3,22,450,2001,23.41
152,3,22,450,2002,24.44
152,3,22,450,2003,25.42
152,3,22,450,2004,26.66
152,3,22,450,2005,28.28
152,3,22,450,2006,30.2
152,3,22,450,2007,31.83
152,3,22,450,2008,33.7
152,3,22,450,2009,34.85
152,3,22,450,2010,35.93
152,3,22,450,2011,37.91
152,3,22,450,2012,40.36
152,3,22,450,2013,42.76
152,3,22,450,2014,45.49
152,3,22,450,2015,48.57
152,3,22,450,2016,51.55
153,1,22,450,1990,2.44
153,1,22,450,1991,2.5
153,1,22,450,1992,2.56
153,1,22,450,1993,2.67
153,1,22,450,1994,2.79
153,1,22,450,1995,2.93
153,1,22,450,1996,3.05
153,1,22,450,1997,3.19
153,1,22,450,1998,3.34
153,1,22,450,1999,3.44
153,1,22,450,2000,3.72
153,1,22,450,2001,4.13
153,1,22,450,2002,4.26
153,1,22,450,2003,4.41
153,1,22,450,2004,4.74
153,1,22,450,2005,4.86
153,1,22,450,2006,4.84
153,1,22,450,2007,5.08
153,1,22,450,2008,5.33
153,1,22,450,2009,5.51
153,1,22,450,2010,5.8
153,1,22,450,2011,5.88
153,1,22,450,2012,5.93
153,1,22,450,2013,5.94
153,1,22,450,2014,5.98
153,1,22,450,2015,6.08
153,1,22,450,2016,6.22
153,2,22,450,1990,1.07
153,2,22,450,1991,1.09
153,2,22,450,1992,1.12
153,2,22,450,1993,1.17
153,2,22,450,1994,1.21
153,2,22,450,1995,1.26
153,2,22,450,1996,1.3
153,2,22,450,1997,1.34
153,2,22,450,1998,1.37
153,2,22,450,1999,1.42
153,2,22,450,2000,1.51
153,2,22,450,2001,1.61
153,2,22,450,2002,1.75
153,2,22,450,2003,1.86
153,2,22,450,2004,1.95
153,2,22,450,2005,2.06
153,2,22,450,2006,2.09
153,2,22,450,2007,2.23
153,2,22,450,2008,2.44
153,2,22,450,2009,2.72
153,2,22,450,2010,3.1
153,2,22,450,2011,3.04
153,2,22,450,2012,3.03
153,2,22,450,2013,3
153,2,22,450,2014,2.98
153,2,22,450,2015,3
153,2,22,450,2016,3.04
153,3,22,450,1990,3.5
153,3,22,450,1991,3.59
153,3,22,450,1992,3.68
153,3,22,450,1993,3.84
153,3,22,450,1994,4
153,3,22,450,1995,4.19
153,3,22,450,1996,4.35
153,3,22,450,1997,4.53
153,3,22,450,1998,4.71
153,3,22,450,1999,4.86
153,3,22,450,2000,5.23
153,3,22,450,2001,5.74
153,3,22,450,2002,6.01
153,3,22,450,2003,6.27
153,3,22,450,2004,6.69
153,3,22,450,2005,6.92
153,3,22,450,2006,6.93
153,3,22,450,2007,7.31
153,3,22,450,2008,7.77
153,3,22,450,2009,8.23
153,3,22,450,2010,8.9
153,3,22,450,2011,8.92
153,3,22,450,2012,8.96
153,3,22,450,2013,8.93
153,3,22,450,2014,8.96
153,3,22,450,2015,9.08
153,3,22,450,2016,9.26
154,1,22,450,1990,5.91
154,1,22,450,1991,6.14
154,1,22,450,1992,6.49
154,1,22,450,1993,6.9
154,1,22,450,1994,7.26
154,1,22,450,1995,7.65
154,1,22,450,1996,7.92
154,1,22,450,1997,8.22
154,1,22,450,1998,8.54
154,1,22,450,1999,8.88
154,1,22,450,2000,9.23
154,1,22,450,2001,9.38
154,1,22,450,2002,9.55
154,1,22,450,2003,9.73
154,1,22,450,2004,9.97
154,1,22,450,2005,10.3
154,1,22,450,2006,10.6
154,1,22,450,2007,10.93
154,1,22,450,2008,11.31
154,1,22,450,2009,11.71
154,1,22,450,2010,12.17
154,1,22,450,2011,12.59
154,1,22,450,2012,13.1
154,1,22,450,2013,13.68
154,1,22,450,2014,14.38
154,1,22,450,2015,15.15
154,1,22,450,2016,15.88
154,2,22,450,1990,5.04
154,2,22,450,1991,5.15
154,2,22,450,1992,5.31
154,2,22,450,1993,5.51
154,2,22,450,1994,5.67
154,2,22,450,1995,5.86
154,2,22,450,1996,5.98
154,2,22,450,1997,6.12
154,2,22,450,1998,6.28
154,2,22,450,1999,6.51
154,2,22,450,2000,6.7
154,2,22,450,2001,7.26
154,2,22,450,2002,7.84
154,2,22,450,2003,8.43
154,2,22,450,2004,9.09
154,2,22,450,2005,9.24
154,2,22,450,2006,9.44
154,2,22,450,2007,9.67
154,2,22,450,2008,9.94
154,2,22,450,2009,10.22
154,2,22,450,2010,10.53
154,2,22,450,2011,10.8
154,2,22,450,2012,11.13
154,2,22,450,2013,11.49
154,2,22,450,2014,11.88
154,2,22,450,2015,12.29
154,2,22,450,2016,12.61
154,3,22,450,1990,10.95
154,3,22,450,1991,11.29
154,3,22,450,1992,11.8
154,3,22,450,1993,12.41
154,3,22,450,1994,12.93
154,3,22,450,1995,13.52
154,3,22,450,1996,13.9
154,3,22,450,1997,14.33
154,3,22,450,1998,14.82
154,3,22,450,1999,15.39
154,3,22,450,2000,15.92
154,3,22,450,2001,16.64
154,3,22,450,2002,17.38
154,3,22,450,2003,18.16
154,3,22,450,2004,19.06
154,3,22,450,2005,19.54
154,3,22,450,2006,20.04
154,3,22,450,2007,20.61
154,3,22,450,2008,21.26
154,3,22,450,2009,21.94
154,3,22,450,2010,22.69
154,3,22,450,2011,23.38
154,3,22,450,2012,24.23
154,3,22,450,2013,25.17
154,3,22,450,2014,26.25
154,3,22,450,2015,27.44
154,3,22,450,2016,28.49
155,1,22,450,1990,25.04
155,1,22,450,1991,26.13
155,1,22,450,1992,26.99
155,1,22,450,1993,28.42
155,1,22,450,1994,29.6
155,1,22,450,1995,30.8
155,1,22,450,1996,31.23
155,1,22,450,1997,32.3
155,1,22,450,1998,32.76
155,1,22,450,1999,34.67
155,1,22,450,2000,34.23
155,1,22,450,2001,34.38
155,1,22,450,2002,34.33
155,1,22,450,2003,35.5
155,1,22,450,2004,35.89
155,1,22,450,2005,36.81
155,1,22,450,2006,37.38
155,1,22,450,2007,36.74
155,1,22,450,2008,36.49
155,1,22,450,2009,39.53
155,1,22,450,2010,40.97
155,1,22,450,2011,42.56
155,1,22,450,2012,43.66
155,1,22,450,2013,46.43
155,1,22,450,2014,48.37
155,1,22,450,2015,50.7
155,1,22,450,2016,53.19
155,2,22,450,1990,32.74
155,2,22,450,1991,34.37
155,2,22,450,1992,34.74
155,2,22,450,1993,36.27
155,2,22,450,1994,36.9
155,2,22,450,1995,38.41
155,2,22,450,1996,38.63
155,2,22,450,1997,39.31
155,2,22,450,1998,39.92
155,2,22,450,1999,42.91
155,2,22,450,2000,40.25
155,2,22,450,2001,39.24
155,2,22,450,2002,39.53
155,2,22,450,2003,41.63
155,2,22,450,2004,40.49
155,2,22,450,2005,41.71
155,2,22,450,2006,41.76
155,2,22,450,2007,40.62
155,2,22,450,2008,40.17
155,2,22,450,2009,44.01
155,2,22,450,2010,45.95
155,2,22,450,2011,48.62
155,2,22,450,2012,50.59
155,2,22,450,2013,51.82
155,2,22,450,2014,54.09
155,2,22,450,2015,56.33
155,2,22,450,2016,58.54
155,3,22,450,1990,57.78
155,3,22,450,1991,60.5
155,3,22,450,1992,61.73
155,3,22,450,1993,64.69
155,3,22,450,1994,66.5
155,3,22,450,1995,69.21
155,3,22,450,1996,69.86
155,3,22,450,1997,71.61
155,3,22,450,1998,72.68
155,3,22,450,1999,77.58
155,3,22,450,2000,74.48
155,3,22,450,2001,73.61
155,3,22,450,2002,73.87
155,3,22,450,2003,77.13
155,3,22,450,2004,76.38
155,3,22,450,2005,78.52
155,3,22,450,2006,79.14
155,3,22,450,2007,77.36
155,3,22,450,2008,76.65
155,3,22,450,2009,83.54
155,3,22,450,2010,86.91
155,3,22,450,2011,91.18
155,3,22,450,2012,94.25
155,3,22,450,2013,98.25
155,3,22,450,2014,102.45
155,3,22,450,2015,107.03
155,3,22,450,2016,111.74
156,1,22,450,1990,1.36
156,1,22,450,1991,1.44
156,1,22,450,1992,1.52
156,1,22,450,1993,1.6
156,1,22,450,1994,1.7
156,1,22,450,1995,1.8
156,1,22,450,1996,1.89
156,1,22,450,1997,1.98
156,1,22,450,1998,2.07
156,1,22,450,1999,2.17
156,1,22,450,2000,2.28
156,1,22,450,2001,2.39
156,1,22,450,2002,2.53
156,1,22,450,2003,2.72
156,1,22,450,2004,3.04
156,1,22,450,2005,3.52
156,1,22,450,2006,4.01
156,1,22,450,2007,4.72
156,1,22,450,2008,5.57
156,1,22,450,2009,6.48
156,1,22,450,2010,7.35
156,1,22,450,2011,8.3
156,1,22,450,2012,9.12
156,1,22,450,2013,9.86
156,1,22,450,2014,10.6
156,1,22,450,2015,11.41
156,1,22,450,2016,12.23
156,2,22,450,1990,0.61
156,2,22,450,1991,0.61
156,2,22,450,1992,0.61
156,2,22,450,1993,0.61
156,2,22,450,1994,0.62
156,2,22,450,1995,0.63
156,2,22,450,1996,0.64
156,2,22,450,1997,0.64
156,2,22,450,1998,0.64
156,2,22,450,1999,0.66
156,2,22,450,2000,0.67
156,2,22,450,2001,0.7
156,2,22,450,2002,0.74
156,2,22,450,2003,0.78
156,2,22,450,2004,0.84
156,2,22,450,2005,0.92
156,2,22,450,2006,1
156,2,22,450,2007,1.1
156,2,22,450,2008,1.23
156,2,22,450,2009,1.37
156,2,22,450,2010,1.52
156,2,22,450,2011,1.68
156,2,22,450,2012,1.84
156,2,22,450,2013,1.99
156,2,22,450,2014,2.15
156,2,22,450,2015,2.32
156,2,22,450,2016,2.49
156,3,22,450,1990,1.97
156,3,22,450,1991,2.05
156,3,22,450,1992,2.13
156,3,22,450,1993,2.22
156,3,22,450,1994,2.32
156,3,22,450,1995,2.43
156,3,22,450,1996,2.53
156,3,22,450,1997,2.62
156,3,22,450,1998,2.71
156,3,22,450,1999,2.83
156,3,22,450,2000,2.95
156,3,22,450,2001,3.09
156,3,22,450,2002,3.27
156,3,22,450,2003,3.5
156,3,22,450,2004,3.89
156,3,22,450,2005,4.44
156,3,22,450,2006,5.01
156,3,22,450,2007,5.82
156,3,22,450,2008,6.8
156,3,22,450,2009,7.85
156,3,22,450,2010,8.86
156,3,22,450,2011,9.98
156,3,22,450,2012,10.95
156,3,22,450,2013,11.85
156,3,22,450,2014,12.75
156,3,22,450,2015,13.73
156,3,22,450,2016,14.72
157,1,22,450,1990,3.18
157,1,22,450,1991,3.43
157,1,22,450,1992,3.75
157,1,22,450,1993,4.12
157,1,22,450,1994,4.49
157,1,22,450,1995,4.92
157,1,22,450,1996,4.89
157,1,22,450,1997,4.94
157,1,22,450,1998,4.94
157,1,22,450,1999,4.89
157,1,22,450,2000,4.95
157,1,22,450,2001,4.89
157,1,22,450,2002,4.91
157,1,22,450,2003,4.97
157,1,22,450,2004,5.05
157,1,22,450,2005,5.23
157,1,22,450,2006,5.32
157,1,22,450,2007,5.33
157,1,22,450,2008,5.42
157,1,22,450,2009,5.52
157,1,22,450,2010,5.72
157,1,22,450,2011,5.78
157,1,22,450,2012,5.95
157,1,22,450,2013,6.17
157,1,22,450,2014,6.42
157,1,22,450,2015,6.68
157,1,22,450,2016,7
157,2,22,450,1990,6.36
157,2,22,450,1991,6.5
157,2,22,450,1992,6.65
157,2,22,450,1993,6.83
157,2,22,450,1994,6.97
157,2,22,450,1995,7.12
157,2,22,450,1996,7.14
157,2,22,450,1997,7.17
157,2,22,450,1998,7.17
157,2,22,450,1999,7.21
157,2,22,450,2000,7.3
157,2,22,450,2001,7.37
157,2,22,450,2002,7.47
157,2,22,450,2003,7.59
157,2,22,450,2004,7.73
157,2,22,450,2005,7.9
157,2,22,450,2006,8.03
157,2,22,450,2007,8.15
157,2,22,450,2008,8.31
157,2,22,450,2009,8.5
157,2,22,450,2010,8.72
157,2,22,450,2011,8.92
157,2,22,450,2012,9.19
157,2,22,450,2013,9.5
157,2,22,450,2014,9.85
157,2,22,450,2015,10.26
157,2,22,450,2016,10.68
157,3,22,450,1990,9.54
157,3,22,450,1991,9.92
157,3,22,450,1992,10.41
157,3,22,450,1993,10.95
157,3,22,450,1994,11.46
157,3,22,450,1995,12.04
157,3,22,450,1996,12.04
157,3,22,450,1997,12.11
157,3,22,450,1998,12.1
157,3,22,450,1999,12.1
157,3,22,450,2000,12.25
157,3,22,450,2001,12.26
157,3,22,450,2002,12.39
157,3,22,450,2003,12.56
157,3,22,450,2004,12.78
157,3,22,450,2005,13.13
157,3,22,450,2006,13.35
157,3,22,450,2007,13.48
157,3,22,450,2008,13.73
157,3,22,450,2009,14.02
157,3,22,450,2010,14.44
157,3,22,450,2011,14.7
157,3,22,450,2012,15.14
157,3,22,450,2013,15.68
157,3,22,450,2014,16.28
157,3,22,450,2015,16.94
157,3,22,450,2016,17.68
160,1,22,450,1990,4.59
160,1,22,450,1991,4.75
160,1,22,450,1992,5.1
160,1,22,450,1993,5.52
160,1,22,450,1994,5.92
160,1,22,450,1995,6.42
160,1,22,450,1996,6.44
160,1,22,450,1997,6.53
160,1,22,450,1998,6.58
160,1,22,450,1999,6.59
160,1,22,450,2000,6.82
160,1,22,450,2001,6.81
160,1,22,450,2002,7
160,1,22,450,2003,7.23
160,1,22,450,2004,7.48
160,1,22,450,2005,7.89
160,1,22,450,2006,8.1
160,1,22,450,2007,8.12
160,1,22,450,2008,8.32
160,1,22,450,2009,8.53
160,1,22,450,2010,8.95
160,1,22,450,2011,9.06
160,1,22,450,2012,9.38
160,1,22,450,2013,9.75
160,1,22,450,2014,10.13
160,1,22,450,2015,10.53
160,1,22,450,2016,11.11
160,2,22,450,1990,8.02
160,2,22,450,1991,8.36
160,2,22,450,1992,8.87
160,2,22,450,1993,9.49
160,2,22,450,1994,10.13
160,2,22,450,1995,10.67
160,2,22,450,1996,10.92
160,2,22,450,1997,11.09
160,2,22,450,1998,11.21
160,2,22,450,1999,11.43
160,2,22,450,2000,11.8
160,2,22,450,2001,12.14
160,2,22,450,2002,12.51
160,2,22,450,2003,12.92
160,2,22,450,2004,13.37
160,2,22,450,2005,13.86
160,2,22,450,2006,14.23
160,2,22,450,2007,14.47
160,2,22,450,2008,14.8
160,2,22,450,2009,15.1
160,2,22,450,2010,15.51
160,2,22,450,2011,15.76
160,2,22,450,2012,16.11
160,2,22,450,2013,16.51
160,2,22,450,2014,16.96
160,2,22,450,2015,17.44
160,2,22,450,2016,18.07
160,3,22,450,1990,12.61
160,3,22,450,1991,13.11
160,3,22,450,1992,13.97
160,3,22,450,1993,15.01
160,3,22,450,1994,16.06
160,3,22,450,1995,17.08
160,3,22,450,1996,17.36
160,3,22,450,1997,17.62
160,3,22,450,1998,17.79
160,3,22,450,1999,18.02
160,3,22,450,2000,18.62
160,3,22,450,2001,18.95
160,3,22,450,2002,19.51
160,3,22,450,2003,20.15
160,3,22,450,2004,20.85
160,3,22,450,2005,21.75
160,3,22,450,2006,22.33
160,3,22,450,2007,22.59
160,3,22,450,2008,23.11
160,3,22,450,2009,23.63
160,3,22,450,2010,24.47
160,3,22,450,2011,24.82
160,3,22,450,2012,25.49
160,3,22,450,2013,26.26
160,3,22,450,2014,27.1
160,3,22,450,2015,27.97
160,3,22,450,2016,29.18
161,1,22,450,1990,451.8
161,1,22,450,1991,459.37
161,1,22,450,1992,464.69
161,1,22,450,1993,474.53
161,1,22,450,1994,488.13
161,1,22,450,1995,500.56
161,1,22,450,1996,508.05
161,1,22,450,1997,516.9
161,1,22,450,1998,528.42
161,1,22,450,1999,533.96
161,1,22,450,2000,563.62
161,1,22,450,2001,569.66
161,1,22,450,2002,584.69
161,1,22,450,2003,598.11
161,1,22,450,2004,616.84
161,1,22,450,2005,639.51
161,1,22,450,2006,662.53
161,1,22,450,2007,678.79
161,1,22,450,2008,692.78
161,1,22,450,2009,710.42
161,1,22,450,2010,736.84
161,1,22,450,2011,753.46
161,1,22,450,2012,791.8
161,1,22,450,2013,809.94
161,1,22,450,2014,847.24
161,1,22,450,2015,879.99
161,1,22,450,2016,919.06
161,2,22,450,1990,290.3
161,2,22,450,1991,285.5
161,2,22,450,1992,293.05
161,2,22,450,1993,293.98
161,2,22,450,1994,297.76
161,2,22,450,1995,306.65
161,2,22,450,1996,302.29
161,2,22,450,1997,304.63
161,2,22,450,1998,304.42
161,2,22,450,1999,303.79
161,2,22,450,2000,312.78
161,2,22,450,2001,318.18
161,2,22,450,2002,319.4
161,2,22,450,2003,319.27
161,2,22,450,2004,321.1
161,2,22,450,2005,325.95
161,2,22,450,2006,325.93
161,2,22,450,2007,327.41
161,2,22,450,2008,332.02
161,2,22,450,2009,335.61
161,2,22,450,2010,346.61
161,2,22,450,2011,350.67
161,2,22,450,2012,359.12
161,2,22,450,2013,366.37
161,2,22,450,2014,376.71
161,2,22,450,2015,385.14
161,2,22,450,2016,398.11
161,3,22,450,1990,742.1
161,3,22,450,1991,744.87
161,3,22,450,1992,757.73
161,3,22,450,1993,768.51
161,3,22,450,1994,785.88
161,3,22,450,1995,807.22
161,3,22,450,1996,810.35
161,3,22,450,1997,821.53
161,3,22,450,1998,832.84
161,3,22,450,1999,837.75
161,3,22,450,2000,876.4
161,3,22,450,2001,887.84
161,3,22,450,2002,904.09
161,3,22,450,2003,917.38
161,3,22,450,2004,937.94
161,3,22,450,2005,965.46
161,3,22,450,2006,988.47
161,3,22,450,2007,1006.2
161,3,22,450,2008,1024.8
161,3,22,450,2009,1046.03
161,3,22,450,2010,1083.45
161,3,22,450,2011,1104.12
161,3,22,450,2012,1150.92
161,3,22,450,2013,1176.31
161,3,22,450,2014,1223.95
161,3,22,450,2015,1265.14
161,3,22,450,2016,1317.16
162,1,22,450,1990,2.44
162,1,22,450,1991,2.45
162,1,22,450,1992,2.43
162,1,22,450,1993,2.43
162,1,22,450,1994,2.42
162,1,22,450,1995,2.43
162,1,22,450,1996,2.41
162,1,22,450,1997,2.47
162,1,22,450,1998,2.55
162,1,22,450,1999,2.59
162,1,22,450,2000,2.73
162,1,22,450,2001,2.8
162,1,22,450,2002,2.89
162,1,22,450,2003,3.06
162,1,22,450,2004,3.17
162,1,22,450,2005,3.34
162,1,22,450,2006,3.49
162,1,22,450,2007,3.65
162,1,22,450,2008,3.85
162,1,22,450,2009,4.06
162,1,22,450,2010,4.26
162,1,22,450,2011,4.45
162,1,22,450,2012,4.75
162,1,22,450,2013,4.93
162,1,22,450,2014,5.2
162,1,22,450,2015,5.46
162,1,22,450,2016,5.75
162,2,22,450,1990,1.46
162,2,22,450,1991,1.44
162,2,22,450,1992,1.41
162,2,22,450,1993,1.37
162,2,22,450,1994,1.35
162,2,22,450,1995,1.31
162,2,22,450,1996,1.29
162,2,22,450,1997,1.29
162,2,22,450,1998,1.32
162,2,22,450,1999,1.3
162,2,22,450,2000,1.31
162,2,22,450,2001,1.3
162,2,22,450,2002,1.3
162,2,22,450,2003,1.31
162,2,22,450,2004,1.33
162,2,22,450,2005,1.36
162,2,22,450,2006,1.36
162,2,22,450,2007,1.38
162,2,22,450,2008,1.4
162,2,22,450,2009,1.43
162,2,22,450,2010,1.47
162,2,22,450,2011,1.51
162,2,22,450,2012,1.55
162,2,22,450,2013,1.61
162,2,22,450,2014,1.67
162,2,22,450,2015,1.73
162,2,22,450,2016,1.79
162,3,22,450,1990,3.9
162,3,22,450,1991,3.89
162,3,22,450,1992,3.85
162,3,22,450,1993,3.8
162,3,22,450,1994,3.77
162,3,22,450,1995,3.74
162,3,22,450,1996,3.7
162,3,22,450,1997,3.76
162,3,22,450,1998,3.87
162,3,22,450,1999,3.89
162,3,22,450,2000,4.05
162,3,22,450,2001,4.11
162,3,22,450,2002,4.19
162,3,22,450,2003,4.37
162,3,22,450,2004,4.51
162,3,22,450,2005,4.7
162,3,22,450,2006,4.85
162,3,22,450,2007,5.03
162,3,22,450,2008,5.25
162,3,22,450,2009,5.48
162,3,22,450,2010,5.73
162,3,22,450,2011,5.96
162,3,22,450,2012,6.3
162,3,22,450,2013,6.55
162,3,22,450,2014,6.87
162,3,22,450,2015,7.19
162,3,22,450,2016,7.54
163,1,22,450,1990,6209.87
163,1,22,450,1991,6368.76
163,1,22,450,1992,6544.42
163,1,22,450,1993,6711.27
163,1,22,450,1994,6891.59
163,1,22,450,1995,7120.17
163,1,22,450,1996,7298.51
163,1,22,450,1997,7504.83
163,1,22,450,1998,7686.2
163,1,22,450,1999,7916.33
163,1,22,450,2000,8144
163,1,22,450,2001,8339.64
163,1,22,450,2002,8577.84
163,1,22,450,2003,8816.31
163,1,22,450,2004,9088.55
163,1,22,450,2005,9460.58
163,1,22,450,2006,9862.42
163,1,22,450,2007,10291.59
163,1,22,450,2008,10770.15
163,1,22,450,2009,11048.88
163,1,22,450,2010,11449.05
163,1,22,450,2011,11786.21
163,1,22,450,2012,12146.53
163,1,22,450,2013,12712.71
163,1,22,450,2014,13354.12
163,1,22,450,2015,14010.13
163,1,22,450,2016,14612.3
163,2,22,450,1990,3887.39
163,2,22,450,1991,3942.33
163,2,22,450,1992,4003.16
163,2,22,450,1993,4047.31
163,2,22,450,1994,4101.85
163,2,22,450,1995,4192.99
163,2,22,450,1996,4286.84
163,2,22,450,1997,4376.58
163,2,22,450,1998,4473.19
163,2,22,450,1999,4515.83
163,2,22,450,2000,4594.59
163,2,22,450,2001,4639.39
163,2,22,450,2002,4708.35
163,2,22,450,2003,4750.15
163,2,22,450,2004,4860.84
163,2,22,450,2005,4986.36
163,2,22,450,2006,5024.04
163,2,22,450,2007,5084.85
163,2,22,450,2008,5180.29
163,2,22,450,2009,5245.6
163,2,22,450,2010,5369.94
163,2,22,450,2011,5467.78
163,2,22,450,2012,5577.31
163,2,22,450,2013,5750.48
163,2,22,450,2014,5985.51
163,2,22,450,2015,6207.62
163,2,22,450,2016,6348.86
163,3,22,450,1990,10097.27
163,3,22,450,1991,10311.08
163,3,22,450,1992,10547.58
163,3,22,450,1993,10758.59
163,3,22,450,1994,10993.45
163,3,22,450,1995,11313.16
163,3,22,450,1996,11585.36
163,3,22,450,1997,11881.41
163,3,22,450,1998,12159.39
163,3,22,450,1999,12432.16
163,3,22,450,2000,12738.59
163,3,22,450,2001,12979.03
163,3,22,450,2002,13286.19
163,3,22,450,2003,13566.46
163,3,22,450,2004,13949.39
163,3,22,450,2005,14446.95
163,3,22,450,2006,14886.46
163,3,22,450,2007,15376.44
163,3,22,450,2008,15950.43
163,3,22,450,2009,16294.48
163,3,22,450,2010,16818.98
163,3,22,450,2011,17253.99
163,3,22,450,2012,17723.84
163,3,22,450,2013,18463.18
163,3,22,450,2014,19339.62
163,3,22,450,2015,20217.75
163,3,22,450,2016,20961.16
164,1,22,450,1990,72.23
164,1,22,450,1991,72.7
164,1,22,450,1992,74.86
164,1,22,450,1993,78.18
164,1,22,450,1994,80.89
164,1,22,450,1995,84.62
164,1,22,450,1996,86.47
164,1,22,450,1997,89.29
164,1,22,450,1998,93.37
164,1,22,450,1999,95.54
164,1,22,450,2000,98.52
164,1,22,450,2001,102.02
164,1,22,450,2002,105.91
164,1,22,450,2003,110.36
164,1,22,450,2004,114.97
164,1,22,450,2005,121.48
164,1,22,450,2006,125.42
164,1,22,450,2007,128.34
164,1,22,450,2008,131.62
164,1,22,450,2009,135.62
164,1,22,450,2010,139.5
164,1,22,450,2011,140.83
164,1,22,450,2012,146.55
164,1,22,450,2013,150.49
164,1,22,450,2014,152.07
164,1,22,450,2015,157.98
164,1,22,450,2016,163.5
164,2,22,450,1990,69.73
164,2,22,450,1991,70.46
164,2,22,450,1992,71.07
164,2,22,450,1993,73.46
164,2,22,450,1994,74.73
164,2,22,450,1995,76.19
164,2,22,450,1996,76.17
164,2,22,450,1997,76.28
164,2,22,450,1998,77.57
164,2,22,450,1999,79.2
164,2,22,450,2000,79.54
164,2,22,450,2001,81.19
164,2,22,450,2002,81.84
164,2,22,450,2003,82.37
164,2,22,450,2004,83.26
164,2,22,450,2005,84.08
164,2,22,450,2006,84.49
164,2,22,450,2007,85.02
164,2,22,450,2008,85.42
164,2,22,450,2009,85.78
164,2,22,450,2010,87.02
164,2,22,450,2011,87.48
164,2,22,450,2012,89.16
164,2,22,450,2013,90.95
164,2,22,450,2014,93.23
164,2,22,450,2015,96.12
164,2,22,450,2016,97.67
164,3,22,450,1990,141.96
164,3,22,450,1991,143.16
164,3,22,450,1992,145.93
164,3,22,450,1993,151.64
164,3,22,450,1994,155.62
164,3,22,450,1995,160.81
164,3,22,450,1996,162.64
164,3,22,450,1997,165.57
164,3,22,450,1998,170.94
164,3,22,450,1999,174.73
164,3,22,450,2000,178.06
164,3,22,450,2001,183.21
164,3,22,450,2002,187.76
164,3,22,450,2003,192.73
164,3,22,450,2004,198.23
164,3,22,450,2005,205.56
164,3,22,450,2006,209.91
164,3,22,450,2007,213.36
164,3,22,450,2008,217.04
164,3,22,450,2009,221.4
164,3,22,450,2010,226.52
164,3,22,450,2011,228.31
164,3,22,450,2012,235.7
164,3,22,450,2013,241.45
164,3,22,450,2014,245.3
164,3,22,450,2015,254.09
164,3,22,450,2016,261.17
165,1,22,450,1990,586.41
165,1,22,450,1991,611.12
165,1,22,450,1992,633.54
165,1,22,450,1993,669.91
165,1,22,450,1994,694.45
165,1,22,450,1995,746.51
165,1,22,450,1996,789.22
165,1,22,450,1997,815.78
165,1,22,450,1998,839.97
165,1,22,450,1999,861.34
165,1,22,450,2000,880.47
165,1,22,450,2001,923.97
165,1,22,450,2002,935.8
165,1,22,450,2003,969.09
165,1,22,450,2004,1010.03
165,1,22,450,2005,1037.07
165,1,22,450,2006,1061.61
165,1,22,450,2007,1082.05
165,1,22,450,2008,1110.53
165,1,22,450,2009,1159.62
165,1,22,450,2010,1180.13
165,1,22,450,2011,1208.87
165,1,22,450,2012,1260.68
165,1,22,450,2013,1291.97
165,1,22,450,2014,1354.37
165,1,22,450,2015,1405.44
165,1,22,450,2016,1451.95
165,2,22,450,1990,242.29
165,2,22,450,1991,251
165,2,22,450,1992,264.31
165,2,22,450,1993,278.54
165,2,22,450,1994,294.6
165,2,22,450,1995,307.11
165,2,22,450,1996,309
165,2,22,450,1997,344.99
165,2,22,450,1998,382.9
165,2,22,450,1999,424.37
165,2,22,450,2000,471.7
165,2,22,450,2001,472.57
165,2,22,450,2002,482.73
165,2,22,450,2003,495.08
165,2,22,450,2004,504.26
165,2,22,450,2005,509.28
165,2,22,450,2006,510.94
165,2,22,450,2007,518.93
165,2,22,450,2008,525.66
165,2,22,450,2009,537.55
165,2,22,450,2010,547.55
165,2,22,450,2011,553.83
165,2,22,450,2012,570.3
165,2,22,450,2013,580.86
165,2,22,450,2014,601.04
165,2,22,450,2015,615.49
165,2,22,450,2016,637.3
165,3,22,450,1990,828.7
165,3,22,450,1991,862.12
165,3,22,450,1992,897.85
165,3,22,450,1993,948.44
165,3,22,450,1994,989.05
165,3,22,450,1995,1053.62
165,3,22,450,1996,1098.22
165,3,22,450,1997,1160.78
165,3,22,450,1998,1222.86
165,3,22,450,1999,1285.71
165,3,22,450,2000,1352.17
165,3,22,450,2001,1396.54
165,3,22,450,2002,1418.53
165,3,22,450,2003,1464.17
165,3,22,450,2004,1514.29
165,3,22,450,2005,1546.34
165,3,22,450,2006,1572.55
165,3,22,450,2007,1600.97
165,3,22,450,2008,1636.18
165,3,22,450,2009,1697.16
165,3,22,450,2010,1727.68
165,3,22,450,2011,1762.7
165,3,22,450,2012,1830.98
165,3,22,450,2013,1872.83
165,3,22,450,2014,1955.41
165,3,22,450,2015,2020.93
165,3,22,450,2016,2089.25
168,1,22,450,1990,6.77
168,1,22,450,1991,6.79
168,1,22,450,1992,6.84
168,1,22,450,1993,6.88
168,1,22,450,1994,6.96
168,1,22,450,1995,7.09
168,1,22,450,1996,7.15
168,1,22,450,1997,7.13
168,1,22,450,1998,7.15
168,1,22,450,1999,7.18
168,1,22,450,2000,7.25
168,1,22,450,2001,7.34
168,1,22,450,2002,7.45
168,1,22,450,2003,7.69
168,1,22,450,2004,7.91
168,1,22,450,2005,8.19
168,1,22,450,2006,8.5
168,1,22,450,2007,8.85
168,1,22,450,2008,9.26
168,1,22,450,2009,9.65
168,1,22,450,2010,10.06
168,1,22,450,2011,10.51
168,1,22,450,2012,11
168,1,22,450,2013,11.5
168,1,22,450,2014,12.03
168,1,22,450,2015,12.59
168,1,22,450,2016,13.09
168,2,22,450,1990,5.28
168,2,22,450,1991,5.4
168,2,22,450,1992,5.52
168,2,22,450,1993,5.75
168,2,22,450,1994,6.02
168,2,22,450,1995,6.26
168,2,22,450,1996,6.52
168,2,22,450,1997,6.61
168,2,22,450,1998,6.75
168,2,22,450,1999,6.9
168,2,22,450,2000,7.06
168,2,22,450,2001,7.25
168,2,22,450,2002,7.41
168,2,22,450,2003,7.68
168,2,22,450,2004,7.95
168,2,22,450,2005,8.19
168,2,22,450,2006,8.43
168,2,22,450,2007,8.65
168,2,22,450,2008,8.88
168,2,22,450,2009,9.09
168,2,22,450,2010,9.31
168,2,22,450,2011,9.5
168,2,22,450,2012,9.73
168,2,22,450,2013,9.98
168,2,22,450,2014,10.22
168,2,22,450,2015,10.48
168,2,22,450,2016,10.73
168,3,22,450,1990,12.05
168,3,22,450,1991,12.19
168,3,22,450,1992,12.36
168,3,22,450,1993,12.64
168,3,22,450,1994,12.98
168,3,22,450,1995,13.35
168,3,22,450,1996,13.67
168,3,22,450,1997,13.73
168,3,22,450,1998,13.9
168,3,22,450,1999,14.08
168,3,22,450,2000,14.31
168,3,22,450,2001,14.59
168,3,22,450,2002,14.86
168,3,22,450,2003,15.37
168,3,22,450,2004,15.86
168,3,22,450,2005,16.38
168,3,22,450,2006,16.93
168,3,22,450,2007,17.5
168,3,22,450,2008,18.14
168,3,22,450,2009,18.74
168,3,22,450,2010,19.37
168,3,22,450,2011,20.02
168,3,22,450,2012,20.73
168,3,22,450,2013,21.47
168,3,22,450,2014,22.25
168,3,22,450,2015,23.08
168,3,22,450,2016,23.81
169,1,22,450,1990,2.54
169,1,22,450,1991,2.6
169,1,22,450,1992,2.64
169,1,22,450,1993,2.66
169,1,22,450,1994,2.73
169,1,22,450,1995,2.81
169,1,22,450,1996,2.84
169,1,22,450,1997,2.88
169,1,22,450,1998,2.92
169,1,22,450,1999,2.96
169,1,22,450,2000,3
169,1,22,450,2001,3.02
169,1,22,450,2002,3.04
169,1,22,450,2003,3.07
169,1,22,450,2004,3.1
169,1,22,450,2005,3.15
169,1,22,450,2006,3.17
169,1,22,450,2007,3.19
169,1,22,450,2008,3.22
169,1,22,450,2009,3.26
169,1,22,450,2010,3.34
169,1,22,450,2011,3.38
169,1,22,450,2012,3.45
169,1,22,450,2013,3.48
169,1,22,450,2014,3.51
169,1,22,450,2015,3.55
169,1,22,450,2016,3.63
169,2,22,450,1990,2.1
169,2,22,450,1991,2.11
169,2,22,450,1992,2.11
169,2,22,450,1993,2.24
169,2,22,450,1994,2.29
169,2,22,450,1995,2.35
169,2,22,450,1996,2.39
169,2,22,450,1997,2.42
169,2,22,450,1998,2.45
169,2,22,450,1999,2.48
169,2,22,450,2000,2.52
169,2,22,450,2001,2.54
169,2,22,450,2002,2.56
169,2,22,450,2003,2.59
169,2,22,450,2004,2.62
169,2,22,450,2005,2.65
169,2,22,450,2006,2.67
169,2,22,450,2007,2.69
169,2,22,450,2008,2.72
169,2,22,450,2009,2.75
169,2,22,450,2010,2.79
169,2,22,450,2011,2.82
169,2,22,450,2012,2.85
169,2,22,450,2013,2.91
169,2,22,450,2014,2.96
169,2,22,450,2015,3.01
169,2,22,450,2016,3.06
169,3,22,450,1990,4.64
169,3,22,450,1991,4.7
169,3,22,450,1992,4.75
169,3,22,450,1993,4.9
169,3,22,450,1994,5.02
169,3,22,450,1995,5.15
169,3,22,450,1996,5.23
169,3,22,450,1997,5.31
169,3,22,450,1998,5.38
169,3,22,450,1999,5.44
169,3,22,450,2000,5.52
169,3,22,450,2001,5.55
169,3,22,450,2002,5.61
169,3,22,450,2003,5.66
169,3,22,450,2004,5.72
169,3,22,450,2005,5.8
169,3,22,450,2006,5.85
169,3,22,450,2007,5.88
169,3,22,450,2008,5.94
169,3,22,450,2009,6.01
169,3,22,450,2010,6.13
169,3,22,450,2011,6.21
169,3,22,450,2012,6.3
169,3,22,450,2013,6.39
169,3,22,450,2014,6.47
169,3,22,450,2015,6.56
169,3,22,450,2016,6.69
170,1,22,450,1990,2.36
170,1,22,450,1991,2.32
170,1,22,450,1992,2.34
170,1,22,450,1993,2.4
170,1,22,450,1994,2.4
170,1,22,450,1995,2.47
170,1,22,450,1996,2.49
170,1,22,450,1997,2.5
170,1,22,450,1998,2.51
170,1,22,450,1999,2.47
170,1,22,450,2000,2.38
170,1,22,450,2001,2.33
170,1,22,450,2002,2.26
170,1,22,450,2003,2.28
170,1,22,450,2004,2.27
170,1,22,450,2005,2.26
170,1,22,450,2006,2.29
170,1,22,450,2007,2.34
170,1,22,450,2008,2.4
170,1,22,450,2009,2.46
170,1,22,450,2010,2.5
170,1,22,450,2011,2.6
170,1,22,450,2012,2.7
170,1,22,450,2013,2.81
170,1,22,450,2014,2.93
170,1,22,450,2015,3.06
170,1,22,450,2016,3.18
170,2,22,450,1990,1.75
170,2,22,450,1991,1.74
170,2,22,450,1992,1.72
170,2,22,450,1993,1.78
170,2,22,450,1994,1.87
170,2,22,450,1995,1.95
170,2,22,450,1996,2.06
170,2,22,450,1997,2.06
170,2,22,450,1998,2.09
170,2,22,450,1999,2.12
170,2,22,450,2000,2.12
170,2,22,450,2001,2.09
170,2,22,450,2002,2.07
170,2,22,450,2003,2.09
170,2,22,450,2004,2.14
170,2,22,450,2005,2.19
170,2,22,450,2006,2.22
170,2,22,450,2007,2.28
170,2,22,450,2008,2.34
170,2,22,450,2009,2.36
170,2,22,450,2010,2.41
170,2,22,450,2011,2.46
170,2,22,450,2012,2.48
170,2,22,450,2013,2.54
170,2,22,450,2014,2.6
170,2,22,450,2015,2.67
170,2,22,450,2016,2.73
170,3,22,450,1990,4.1
170,3,22,450,1991,4.05
170,3,22,450,1992,4.05
170,3,22,450,1993,4.18
170,3,22,450,1994,4.27
170,3,22,450,1995,4.43
170,3,22,450,1996,4.55
170,3,22,450,1997,4.56
170,3,22,450,1998,4.6
170,3,22,450,1999,4.58
170,3,22,450,2000,4.5
170,3,22,450,2001,4.43
170,3,22,450,2002,4.33
170,3,22,450,2003,4.37
170,3,22,450,2004,4.41
170,3,22,450,2005,4.45
170,3,22,450,2006,4.5
170,3,22,450,2007,4.62
170,3,22,450,2008,4.74
170,3,22,450,2009,4.82
170,3,22,450,2010,4.92
170,3,22,450,2011,5.05
170,3,22,450,2012,5.19
170,3,22,450,2013,5.35
170,3,22,450,2014,5.54
170,3,22,450,2015,5.74
170,3,22,450,2016,5.91
171,1,22,450,1990,16.27
171,1,22,450,1991,16.67
171,1,22,450,1992,17.19
171,1,22,450,1993,17.39
171,1,22,450,1994,18.01
171,1,22,450,1995,18.61
171,1,22,450,1996,19.19
171,1,22,450,1997,19.07
171,1,22,450,1998,19.2
171,1,22,450,1999,19.28
171,1,22,450,2000,19.66
171,1,22,450,2001,19.7
171,1,22,450,2002,19.62
171,1,22,450,2003,20.35
171,1,22,450,2004,20.43
171,1,22,450,2005,20.93
171,1,22,450,2006,21.28
171,1,22,450,2007,21.63
171,1,22,450,2008,22.48
171,1,22,450,2009,23.12
171,1,22,450,2010,24.25
171,1,22,450,2011,25.03
171,1,22,450,2012,26.02
171,1,22,450,2013,27.1
171,1,22,450,2014,28.23
171,1,22,450,2015,29.5
171,1,22,450,2016,30.89
171,2,22,450,1990,15.82
171,2,22,450,1991,16.26
171,2,22,450,1992,16.73
171,2,22,450,1993,17.16
171,2,22,450,1994,17.85
171,2,22,450,1995,18.46
171,2,22,450,1996,19.8
171,2,22,450,1997,19.08
171,2,22,450,1998,19.49
171,2,22,450,1999,19.48
171,2,22,450,2000,20.05
171,2,22,450,2001,20.86
171,2,22,450,2002,21.11
171,2,22,450,2003,21.88
171,2,22,450,2004,22.16
171,2,22,450,2005,22.51
171,2,22,450,2006,23.16
171,2,22,450,2007,24
171,2,22,450,2008,24.7
171,2,22,450,2009,25.25
171,2,22,450,2010,25.88
171,2,22,450,2011,26.45
171,2,22,450,2012,27.13
171,2,22,450,2013,27.62
171,2,22,450,2014,28.18
171,2,22,450,2015,28.8
171,2,22,450,2016,29.43
171,3,22,450,1990,32.09
171,3,22,450,1991,32.93
171,3,22,450,1992,33.92
171,3,22,450,1993,34.55
171,3,22,450,1994,35.86
171,3,22,450,1995,37.07
171,3,22,450,1996,38.98
171,3,22,450,1997,38.14
171,3,22,450,1998,38.7
171,3,22,450,1999,38.75
171,3,22,450,2000,39.71
171,3,22,450,2001,40.56
171,3,22,450,2002,40.72
171,3,22,450,2003,42.23
171,3,22,450,2004,42.59
171,3,22,450,2005,43.44
171,3,22,450,2006,44.44
171,3,22,450,2007,45.62
171,3,22,450,2008,47.18
171,3,22,450,2009,48.37
171,3,22,450,2010,50.14
171,3,22,450,2011,51.47
171,3,22,450,2012,53.16
171,3,22,450,2013,54.72
171,3,22,450,2014,56.41
171,3,22,450,2015,58.3
171,3,22,450,2016,60.32
172,1,22,450,1990,0.3
172,1,22,450,1991,0.3
172,1,22,450,1992,0.3
172,1,22,450,1993,0.3
172,1,22,450,1994,0.31
172,1,22,450,1995,0.32
172,1,22,450,1996,0.33
172,1,22,450,1997,0.35
172,1,22,450,1998,0.37
172,1,22,450,1999,0.39
172,1,22,450,2000,0.42
172,1,22,450,2001,0.46
172,1,22,450,2002,0.49
172,1,22,450,2003,0.53
172,1,22,450,2004,0.58
172,1,22,450,2005,0.63
172,1,22,450,2006,0.68
172,1,22,450,2007,0.73
172,1,22,450,2008,0.79
172,1,22,450,2009,0.85
172,1,22,450,2010,0.89
172,1,22,450,2011,0.95
172,1,22,450,2012,1
172,1,22,450,2013,1.06
172,1,22,450,2014,1.12
172,1,22,450,2015,1.19
172,1,22,450,2016,1.23
172,2,22,450,1990,0.27
172,2,22,450,1991,0.27
172,2,22,450,1992,0.27
172,2,22,450,1993,0.28
172,2,22,450,1994,0.29
172,2,22,450,1995,0.29
172,2,22,450,1996,0.3
172,2,22,450,1997,0.29
172,2,22,450,1998,0.29
172,2,22,450,1999,0.3
172,2,22,450,2000,0.3
172,2,22,450,2001,0.3
172,2,22,450,2002,0.31
172,2,22,450,2003,0.32
172,2,22,450,2004,0.34
172,2,22,450,2005,0.35
172,2,22,450,2006,0.37
172,2,22,450,2007,0.39
172,2,22,450,2008,0.41
172,2,22,450,2009,0.42
172,2,22,450,2010,0.44
172,2,22,450,2011,0.46
172,2,22,450,2012,0.48
172,2,22,450,2013,0.49
172,2,22,450,2014,0.51
172,2,22,450,2015,0.53
172,2,22,450,2016,0.55
172,3,22,450,1990,0.57
172,3,22,450,1991,0.57
172,3,22,450,1992,0.57
172,3,22,450,1993,0.58
172,3,22,450,1994,0.59
172,3,22,450,1995,0.61
172,3,22,450,1996,0.63
172,3,22,450,1997,0.64
172,3,22,450,1998,0.67
172,3,22,450,1999,0.69
172,3,22,450,2000,0.72
172,3,22,450,2001,0.76
172,3,22,450,2002,0.8
172,3,22,450,2003,0.85
172,3,22,450,2004,0.91
172,3,22,450,2005,0.98
172,3,22,450,2006,1.04
172,3,22,450,2007,1.12
172,3,22,450,2008,1.2
172,3,22,450,2009,1.27
172,3,22,450,2010,1.33
172,3,22,450,2011,1.41
172,3,22,450,2012,1.47
172,3,22,450,2013,1.55
172,3,22,450,2014,1.63
172,3,22,450,2015,1.72
172,3,22,450,2016,1.78
173,1,22,450,1990,1.63
173,1,22,450,1991,1.59
173,1,22,450,1992,1.61
173,1,22,450,1993,1.62
173,1,22,450,1994,1.64
173,1,22,450,1995,1.69
173,1,22,450,1996,1.68
173,1,22,450,1997,1.64
173,1,22,450,1998,1.62
173,1,22,450,1999,1.59
173,1,22,450,2000,1.61
173,1,22,450,2001,1.61
173,1,22,450,2002,1.57
173,1,22,450,2003,1.58
173,1,22,450,2004,1.6
173,1,22,450,2005,1.62
173,1,22,450,2006,1.63
173,1,22,450,2007,1.66
173,1,22,450,2008,1.72
173,1,22,450,2009,1.75
173,1,22,450,2010,1.75
173,1,22,450,2011,1.79
173,1,22,450,2012,1.84
173,1,22,450,2013,1.9
173,1,22,450,2014,1.95
173,1,22,450,2015,2
173,1,22,450,2016,2.05
173,2,22,450,1990,0.99
173,2,22,450,1991,0.98
173,2,22,450,1992,0.96
173,2,22,450,1993,0.97
173,2,22,450,1994,1
173,2,22,450,1995,1
173,2,22,450,1996,1.04
173,2,22,450,1997,1.05
173,2,22,450,1998,1.08
173,2,22,450,1999,1.13
173,2,22,450,2000,1.15
173,2,22,450,2001,1.19
173,2,22,450,2002,1.18
173,2,22,450,2003,1.22
173,2,22,450,2004,1.25
173,2,22,450,2005,1.22
173,2,22,450,2006,1.23
173,2,22,450,2007,1.19
173,2,22,450,2008,1.21
173,2,22,450,2009,1.19
173,2,22,450,2010,1.17
173,2,22,450,2011,1.18
173,2,22,450,2012,1.18
173,2,22,450,2013,1.18
173,2,22,450,2014,1.19
173,2,22,450,2015,1.2
173,2,22,450,2016,1.22
173,3,22,450,1990,2.63
173,3,22,450,1991,2.57
173,3,22,450,1992,2.57
173,3,22,450,1993,2.59
173,3,22,450,1994,2.64
173,3,22,450,1995,2.69
173,3,22,450,1996,2.73
173,3,22,450,1997,2.69
173,3,22,450,1998,2.69
173,3,22,450,1999,2.72
173,3,22,450,2000,2.76
173,3,22,450,2001,2.8
173,3,22,450,2002,2.75
173,3,22,450,2003,2.8
173,3,22,450,2004,2.85
173,3,22,450,2005,2.84
173,3,22,450,2006,2.86
173,3,22,450,2007,2.85
173,3,22,450,2008,2.93
173,3,22,450,2009,2.94
173,3,22,450,2010,2.91
173,3,22,450,2011,2.98
173,3,22,450,2012,3.03
173,3,22,450,2013,3.08
173,3,22,450,2014,3.14
173,3,22,450,2015,3.21
173,3,22,450,2016,3.27
175,1,22,450,1990,7.79
175,1,22,450,1991,7.92
175,1,22,450,1992,8.01
175,1,22,450,1993,8.14
175,1,22,450,1994,8.14
175,1,22,450,1995,8.26
175,1,22,450,1996,8.08
175,1,22,450,1997,7.9
175,1,22,450,1998,7.72
175,1,22,450,1999,7.47
175,1,22,450,2000,7.45
175,1,22,450,2001,7.16
175,1,22,450,2002,7.16
175,1,22,450,2003,7.17
175,1,22,450,2004,7.39
175,1,22,450,2005,7.64
175,1,22,450,2006,7.75
175,1,22,450,2007,7.9
175,1,22,450,2008,8.1
175,1,22,450,2009,8.33
175,1,22,450,2010,8.74
175,1,22,450,2011,9.02
175,1,22,450,2012,9.37
175,1,22,450,2013,9.75
175,1,22,450,2014,10.17
175,1,22,450,2015,10.59
175,1,22,450,2016,11.03
175,2,22,450,1990,10.21
175,2,22,450,1991,10.46
175,2,22,450,1992,10.69
175,2,22,450,1993,10.88
175,2,22,450,1994,11.01
175,2,22,450,1995,10.99
175,2,22,450,1996,10.94
175,2,22,450,1997,10.6
175,2,22,450,1998,10.21
175,2,22,450,1999,9.9
175,2,22,450,2000,9.6
175,2,22,450,2001,9.18
175,2,22,450,2002,8.88
175,2,22,450,2003,8.79
175,2,22,450,2004,8.76
175,2,22,450,2005,8.77
175,2,22,450,2006,8.7
175,2,22,450,2007,8.63
175,2,22,450,2008,8.66
175,2,22,450,2009,8.8
175,2,22,450,2010,9.02
175,2,22,450,2011,9.22
175,2,22,450,2012,9.46
175,2,22,450,2013,9.71
175,2,22,450,2014,10
175,2,22,450,2015,10.31
175,2,22,450,2016,10.63
175,3,22,450,1990,18
175,3,22,450,1991,18.38
175,3,22,450,1992,18.7
175,3,22,450,1993,19.01
175,3,22,450,1994,19.15
175,3,22,450,1995,19.25
175,3,22,450,1996,19.02
175,3,22,450,1997,18.5
175,3,22,450,1998,17.93
175,3,22,450,1999,17.37
175,3,22,450,2000,17.05
175,3,22,450,2001,16.34
175,3,22,450,2002,16.05
175,3,22,450,2003,15.96
175,3,22,450,2004,16.16
175,3,22,450,2005,16.4
175,3,22,450,2006,16.45
175,3,22,450,2007,16.53
175,3,22,450,2008,16.76
175,3,22,450,2009,17.13
175,3,22,450,2010,17.75
175,3,22,450,2011,18.24
175,3,22,450,2012,18.82
175,3,22,450,2013,19.46
175,3,22,450,2014,20.16
175,3,22,450,2015,20.9
175,3,22,450,2016,21.65
176,1,22,450,1990,0.34
176,1,22,450,1991,0.34
176,1,22,450,1992,0.35
176,1,22,450,1993,0.36
176,1,22,450,1994,0.36
176,1,22,450,1995,0.37
176,1,22,450,1996,0.38
176,1,22,450,1997,0.38
176,1,22,450,1998,0.38
176,1,22,450,1999,0.38
176,1,22,450,2000,0.38
176,1,22,450,2001,0.38
176,1,22,450,2002,0.39
176,1,22,450,2003,0.39
176,1,22,450,2004,0.4
176,1,22,450,2005,0.41
176,1,22,450,2006,0.42
176,1,22,450,2007,0.44
176,1,22,450,2008,0.45
176,1,22,450,2009,0.47
176,1,22,450,2010,0.48
176,1,22,450,2011,0.5
176,1,22,450,2012,0.52
176,1,22,450,2013,0.54
176,1,22,450,2014,0.56
176,1,22,450,2015,0.58
176,1,22,450,2016,0.61
176,2,22,450,1990,0.35
176,2,22,450,1991,0.35
176,2,22,450,1992,0.36
176,2,22,450,1993,0.36
176,2,22,450,1994,0.37
176,2,22,450,1995,0.37
176,2,22,450,1996,0.38
176,2,22,450,1997,0.38
176,2,22,450,1998,0.38
176,2,22,450,1999,0.38
176,2,22,450,2000,0.38
176,2,22,450,2001,0.38
176,2,22,450,2002,0.38
176,2,22,450,2003,0.38
176,2,22,450,2004,0.37
176,2,22,450,2005,0.37
176,2,22,450,2006,0.38
176,2,22,450,2007,0.38
176,2,22,450,2008,0.39
176,2,22,450,2009,0.39
176,2,22,450,2010,0.4
176,2,22,450,2011,0.41
176,2,22,450,2012,0.42
176,2,22,450,2013,0.43
176,2,22,450,2014,0.45
176,2,22,450,2015,0.46
176,2,22,450,2016,0.47
176,3,22,450,1990,0.68
176,3,22,450,1991,0.7
176,3,22,450,1992,0.71
176,3,22,450,1993,0.72
176,3,22,450,1994,0.73
176,3,22,450,1995,0.74
176,3,22,450,1996,0.75
176,3,22,450,1997,0.76
176,3,22,450,1998,0.77
176,3,22,450,1999,0.76
176,3,22,450,2000,0.76
176,3,22,450,2001,0.76
176,3,22,450,2002,0.76
176,3,22,450,2003,0.77
176,3,22,450,2004,0.77
176,3,22,450,2005,0.78
176,3,22,450,2006,0.8
176,3,22,450,2007,0.82
176,3,22,450,2008,0.84
176,3,22,450,2009,0.86
176,3,22,450,2010,0.88
176,3,22,450,2011,0.92
176,3,22,450,2012,0.94
176,3,22,450,2013,0.97
176,3,22,450,2014,1.01
176,3,22,450,2015,1.04
176,3,22,450,2016,1.07
177,1,22,450,1990,0.53
177,1,22,450,1991,0.55
177,1,22,450,1992,0.56
177,1,22,450,1993,0.57
177,1,22,450,1994,0.58
177,1,22,450,1995,0.59
177,1,22,450,1996,0.6
177,1,22,450,1997,0.61
177,1,22,450,1998,0.62
177,1,22,450,1999,0.63
177,1,22,450,2000,0.65
177,1,22,450,2001,0.67
177,1,22,450,2002,0.69
177,1,22,450,2003,0.71
177,1,22,450,2004,0.73
177,1,22,450,2005,0.75
177,1,22,450,2006,0.78
177,1,22,450,2007,0.81
177,1,22,450,2008,0.83
177,1,22,450,2009,0.86
177,1,22,450,2010,0.89
177,1,22,450,2011,0.92
177,1,22,450,2012,0.95
177,1,22,450,2013,0.98
177,1,22,450,2014,1.02
177,1,22,450,2015,1.06
177,1,22,450,2016,1.09
177,2,22,450,1990,0.4
177,2,22,450,1991,0.41
177,2,22,450,1992,0.42
177,2,22,450,1993,0.43
177,2,22,450,1994,0.44
177,2,22,450,1995,0.45
177,2,22,450,1996,0.46
177,2,22,450,1997,0.46
177,2,22,450,1998,0.47
177,2,22,450,1999,0.47
177,2,22,450,2000,0.47
177,2,22,450,2001,0.48
177,2,22,450,2002,0.48
177,2,22,450,2003,0.49
177,2,22,450,2004,0.5
177,2,22,450,2005,0.51
177,2,22,450,2006,0.51
177,2,22,450,2007,0.52
177,2,22,450,2008,0.53
177,2,22,450,2009,0.54
177,2,22,450,2010,0.55
177,2,22,450,2011,0.56
177,2,22,450,2012,0.57
177,2,22,450,2013,0.58
177,2,22,450,2014,0.6
177,2,22,450,2015,0.61
177,2,22,450,2016,0.62
177,3,22,450,1990,0.93
177,3,22,450,1991,0.96
177,3,22,450,1992,0.98
177,3,22,450,1993,1
177,3,22,450,1994,1.02
177,3,22,450,1995,1.04
177,3,22,450,1996,1.06
177,3,22,450,1997,1.08
177,3,22,450,1998,1.09
177,3,22,450,1999,1.11
177,3,22,450,2000,1.12
177,3,22,450,2001,1.14
177,3,22,450,2002,1.17
177,3,22,450,2003,1.2
177,3,22,450,2004,1.23
177,3,22,450,2005,1.26
177,3,22,450,2006,1.29
177,3,22,450,2007,1.33
177,3,22,450,2008,1.37
177,3,22,450,2009,1.41
177,3,22,450,2010,1.44
177,3,22,450,2011,1.48
177,3,22,450,2012,1.52
177,3,22,450,2013,1.57
177,3,22,450,2014,1.62
177,3,22,450,2015,1.67
177,3,22,450,2016,1.72
178,1,22,450,1990,2.32
178,1,22,450,1991,2.31
178,1,22,450,1992,2.23
178,1,22,450,1993,2.16
178,1,22,450,1994,2.16
178,1,22,450,1995,2.17
178,1,22,450,1996,2.21
178,1,22,450,1997,2.25
178,1,22,450,1998,2.3
178,1,22,450,1999,2.38
178,1,22,450,2000,2.46
178,1,22,450,2001,2.54
178,1,22,450,2002,2.62
178,1,22,450,2003,2.71
178,1,22,450,2004,2.8
178,1,22,450,2005,2.89
178,1,22,450,2006,2.95
178,1,22,450,2007,3.02
178,1,22,450,2008,3.08
178,1,22,450,2009,3.14
178,1,22,450,2010,3.2
178,1,22,450,2011,3.28
178,1,22,450,2012,3.37
178,1,22,450,2013,3.48
178,1,22,450,2014,3.59
178,1,22,450,2015,3.7
178,1,22,450,2016,3.82
178,2,22,450,1990,2.86
178,2,22,450,1991,2.85
178,2,22,450,1992,2.76
178,2,22,450,1993,2.68
178,2,22,450,1994,2.64
178,2,22,450,1995,2.59
178,2,22,450,1996,2.59
178,2,22,450,1997,2.6
178,2,22,450,1998,2.61
178,2,22,450,1999,2.63
178,2,22,450,2000,2.65
178,2,22,450,2001,2.7
178,2,22,450,2002,2.75
178,2,22,450,2003,2.81
178,2,22,450,2004,2.88
178,2,22,450,2005,2.94
178,2,22,450,2006,2.99
178,2,22,450,2007,3.05
178,2,22,450,2008,3.11
178,2,22,450,2009,3.17
178,2,22,450,2010,3.22
178,2,22,450,2011,3.29
178,2,22,450,2012,3.35
178,2,22,450,2013,3.42
178,2,22,450,2014,3.49
178,2,22,450,2015,3.56
178,2,22,450,2016,3.64
178,3,22,450,1990,5.18
178,3,22,450,1991,5.16
178,3,22,450,1992,4.98
178,3,22,450,1993,4.84
178,3,22,450,1994,4.81
178,3,22,450,1995,4.76
178,3,22,450,1996,4.8
178,3,22,450,1997,4.85
178,3,22,450,1998,4.92
178,3,22,450,1999,5.01
178,3,22,450,2000,5.11
178,3,22,450,2001,5.23
178,3,22,450,2002,5.37
178,3,22,450,2003,5.52
178,3,22,450,2004,5.68
178,3,22,450,2005,5.82
178,3,22,450,2006,5.95
178,3,22,450,2007,6.07
178,3,22,450,2008,6.19
178,3,22,450,2009,6.3
178,3,22,450,2010,6.42
178,3,22,450,2011,6.57
178,3,22,450,2012,6.73
178,3,22,450,2013,6.9
178,3,22,450,2014,7.08
178,3,22,450,2015,7.27
178,3,22,450,2016,7.46
179,1,22,450,1990,59.86
179,1,22,450,1991,59.52
179,1,22,450,1992,59.36
179,1,22,450,1993,58.94
179,1,22,450,1994,58.64
179,1,22,450,1995,59.36
179,1,22,450,1996,57.82
179,1,22,450,1997,57.55
179,1,22,450,1998,56.78
179,1,22,450,1999,56.59
179,1,22,450,2000,57.48
179,1,22,450,2001,57.54
179,1,22,450,2002,57.62
179,1,22,450,2003,58.35
179,1,22,450,2004,59.28
179,1,22,450,2005,60.83
179,1,22,450,2006,62.13
179,1,22,450,2007,63.29
179,1,22,450,2008,65.24
179,1,22,450,2009,67.57
179,1,22,450,2010,70.37
179,1,22,450,2011,72.84
179,1,22,450,2012,75.7
179,1,22,450,2013,78.73
179,1,22,450,2014,82.11
179,1,22,450,2015,85.81
179,1,22,450,2016,89.5
179,2,22,450,1990,60.22
179,2,22,450,1991,60.98
179,2,22,450,1992,61.78
179,2,22,450,1993,62.93
179,2,22,450,1994,64.79
179,2,22,450,1995,66.26
179,2,22,450,1996,66.4
179,2,22,450,1997,66.61
179,2,22,450,1998,66.79
179,2,22,450,1999,67.36
179,2,22,450,2000,67.36
179,2,22,450,2001,66.88
179,2,22,450,2002,65.99
179,2,22,450,2003,65.39
179,2,22,450,2004,65.2
179,2,22,450,2005,65.36
179,2,22,450,2006,65.01
179,2,22,450,2007,64.97
179,2,22,450,2008,64.64
179,2,22,450,2009,65.18
179,2,22,450,2010,66.31
179,2,22,450,2011,67.28
179,2,22,450,2012,68.3
179,2,22,450,2013,69.35
179,2,22,450,2014,70.63
179,2,22,450,2015,72.13
179,2,22,450,2016,73.38
179,3,22,450,1990,120.07
179,3,22,450,1991,120.49
179,3,22,450,1992,121.13
179,3,22,450,1993,121.87
179,3,22,450,1994,123.43
179,3,22,450,1995,125.62
179,3,22,450,1996,124.22
179,3,22,450,1997,124.16
179,3,22,450,1998,123.57
179,3,22,450,1999,123.95
179,3,22,450,2000,124.84
179,3,22,450,2001,124.42
179,3,22,450,2002,123.61
179,3,22,450,2003,123.74
179,3,22,450,2004,124.47
179,3,22,450,2005,126.19
179,3,22,450,2006,127.14
179,3,22,450,2007,128.25
179,3,22,450,2008,129.89
179,3,22,450,2009,132.75
179,3,22,450,2010,136.68
179,3,22,450,2011,140.12
179,3,22,450,2012,144
179,3,22,450,2013,148.08
179,3,22,450,2014,152.74
179,3,22,450,2015,157.94
179,3,22,450,2016,162.88
180,1,22,450,1990,12.14
180,1,22,450,1991,12.55
180,1,22,450,1992,13.17
180,1,22,450,1993,13.7
180,1,22,450,1994,14.14
180,1,22,450,1995,14.62
180,1,22,450,1996,15.01
180,1,22,450,1997,15.46
180,1,22,450,1998,16.18
180,1,22,450,1999,16.59
180,1,22,450,2000,17.44
180,1,22,450,2001,17.34
180,1,22,450,2002,19.26
180,1,22,450,2003,19.86
180,1,22,450,2004,20.47
180,1,22,450,2005,21.06
180,1,22,450,2006,21.79
180,1,22,450,2007,22.41
180,1,22,450,2008,23.26
180,1,22,450,2009,24.14
180,1,22,450,2010,25.24
180,1,22,450,2011,26.19
180,1,22,450,2012,27.43
180,1,22,450,2013,28.54
180,1,22,450,2014,29.86
180,1,22,450,2015,31.2
180,1,22,450,2016,32.6
180,2,22,450,1990,13.07
180,2,22,450,1991,13.45
180,2,22,450,1992,14.01
180,2,22,450,1993,14.54
180,2,22,450,1994,15.15
180,2,22,450,1995,15.63
180,2,22,450,1996,15.85
180,2,22,450,1997,16.38
180,2,22,450,1998,16.71
180,2,22,450,1999,16.9
180,2,22,450,2000,17.24
180,2,22,450,2001,17.43
180,2,22,450,2002,17.85
180,2,22,450,2003,18.31
180,2,22,450,2004,18.64
180,2,22,450,2005,18.87
180,2,22,450,2006,19.08
180,2,22,450,2007,19.47
180,2,22,450,2008,20.08
180,2,22,450,2009,20.66
180,2,22,450,2010,21.38
180,2,22,450,2011,21.92
180,2,22,450,2012,22.55
180,2,22,450,2013,23.33
180,2,22,450,2014,24.26
180,2,22,450,2015,25.22
180,2,22,450,2016,26.19
180,3,22,450,1990,25.2
180,3,22,450,1991,26.01
180,3,22,450,1992,27.18
180,3,22,450,1993,28.24
180,3,22,450,1994,29.3
180,3,22,450,1995,30.25
180,3,22,450,1996,30.86
180,3,22,450,1997,31.83
180,3,22,450,1998,32.89
180,3,22,450,1999,33.49
180,3,22,450,2000,34.68
180,3,22,450,2001,34.77
180,3,22,450,2002,37.1
180,3,22,450,2003,38.17
180,3,22,450,2004,39.11
180,3,22,450,2005,39.92
180,3,22,450,2006,40.87
180,3,22,450,2007,41.88
180,3,22,450,2008,43.34
180,3,22,450,2009,44.81
180,3,22,450,2010,46.63
180,3,22,450,2011,48.11
180,3,22,450,2012,49.98
180,3,22,450,2013,51.87
180,3,22,450,2014,54.11
180,3,22,450,2015,56.43
180,3,22,450,2016,58.79
181,1,22,450,1990,11.88
181,1,22,450,1991,11.9
181,1,22,450,1992,11.94
181,1,22,450,1993,12.21
181,1,22,450,1994,12.13
181,1,22,450,1995,12.18
181,1,22,450,1996,12.29
181,1,22,450,1997,12.29
181,1,22,450,1998,12.39
181,1,22,450,1999,12.43
181,1,22,450,2000,12.54
181,1,22,450,2001,12.71
181,1,22,450,2002,12.96
181,1,22,450,2003,13.36
181,1,22,450,2004,13.66
181,1,22,450,2005,13.98
181,1,22,450,2006,14.27
181,1,22,450,2007,14.58
181,1,22,450,2008,15.1
181,1,22,450,2009,15.66
181,1,22,450,2010,16.29
181,1,22,450,2011,16.95
181,1,22,450,2012,17.66
181,1,22,450,2013,18.42
181,1,22,450,2014,19.24
181,1,22,450,2015,20.12
181,1,22,450,2016,20.96
181,2,22,450,1990,10.34
181,2,22,450,1991,10.53
181,2,22,450,1992,10.78
181,2,22,450,1993,11.11
181,2,22,450,1994,11.16
181,2,22,450,1995,11.37
181,2,22,450,1996,11.52
181,2,22,450,1997,11.74
181,2,22,450,1998,11.85
181,2,22,450,1999,11.78
181,2,22,450,2000,11.85
181,2,22,450,2001,11.91
181,2,22,450,2002,12.16
181,2,22,450,2003,12.36
181,2,22,450,2004,12.56
181,2,22,450,2005,12.61
181,2,22,450,2006,12.74
181,2,22,450,2007,12.93
181,2,22,450,2008,13.26
181,2,22,450,2009,13.65
181,2,22,450,2010,14.07
181,2,22,450,2011,14.44
181,2,22,450,2012,14.83
181,2,22,450,2013,15.25
181,2,22,450,2014,15.7
181,2,22,450,2015,16.18
181,2,22,450,2016,16.59
181,3,22,450,1990,22.22
181,3,22,450,1991,22.44
181,3,22,450,1992,22.72
181,3,22,450,1993,23.31
181,3,22,450,1994,23.3
181,3,22,450,1995,23.56
181,3,22,450,1996,23.81
181,3,22,450,1997,24.03
181,3,22,450,1998,24.25
181,3,22,450,1999,24.21
181,3,22,450,2000,24.39
181,3,22,450,2001,24.62
181,3,22,450,2002,25.12
181,3,22,450,2003,25.72
181,3,22,450,2004,26.22
181,3,22,450,2005,26.59
181,3,22,450,2006,27.01
181,3,22,450,2007,27.51
181,3,22,450,2008,28.36
181,3,22,450,2009,29.31
181,3,22,450,2010,30.37
181,3,22,450,2011,31.38
181,3,22,450,2012,32.49
181,3,22,450,2013,33.67
181,3,22,450,2014,34.94
181,3,22,450,2015,36.3
181,3,22,450,2016,37.54
182,1,22,450,1990,1.65
182,1,22,450,1991,1.71
182,1,22,450,1992,1.79
182,1,22,450,1993,1.85
182,1,22,450,1994,1.97
182,1,22,450,1995,2.06
182,1,22,450,1996,2.14
182,1,22,450,1997,2.25
182,1,22,450,1998,2.41
182,1,22,450,1999,2.53
182,1,22,450,2000,2.62
182,1,22,450,2001,2.7
182,1,22,450,2002,2.79
182,1,22,450,2003,2.89
182,1,22,450,2004,3.01
182,1,22,450,2005,3.1
182,1,22,450,2006,3.2
182,1,22,450,2007,3.3
182,1,22,450,2008,3.42
182,1,22,450,2009,3.51
182,1,22,450,2010,3.61
182,1,22,450,2011,3.69
182,1,22,450,2012,3.77
182,1,22,450,2013,3.84
182,1,22,450,2014,3.95
182,1,22,450,2015,4.08
182,1,22,450,2016,4.2
182,2,22,450,1990,7.81
182,2,22,450,1991,7.93
182,2,22,450,1992,8.04
182,2,22,450,1993,8.1
182,2,22,450,1994,8.31
182,2,22,450,1995,8.38
182,2,22,450,1996,8.54
182,2,22,450,1997,8.61
182,2,22,450,1998,8.82
182,2,22,450,1999,8.86
182,2,22,450,2000,8.7
182,2,22,450,2001,8.51
182,2,22,450,2002,8.37
182,2,22,450,2003,8.33
182,2,22,450,2004,8.27
182,2,22,450,2005,8.13
182,2,22,450,2006,8.04
182,2,22,450,2007,8.02
182,2,22,450,2008,8.14
182,2,22,450,2009,8.27
182,2,22,450,2010,8.41
182,2,22,450,2011,8.46
182,2,22,450,2012,8.57
182,2,22,450,2013,8.77
182,2,22,450,2014,8.96
182,2,22,450,2015,9.14
182,2,22,450,2016,9.3
182,3,22,450,1990,9.46
182,3,22,450,1991,9.64
182,3,22,450,1992,9.83
182,3,22,450,1993,9.95
182,3,22,450,1994,10.27
182,3,22,450,1995,10.44
182,3,22,450,1996,10.68
182,3,22,450,1997,10.86
182,3,22,450,1998,11.22
182,3,22,450,1999,11.4
182,3,22,450,2000,11.33
182,3,22,450,2001,11.2
182,3,22,450,2002,11.15
182,3,22,450,2003,11.22
182,3,22,450,2004,11.28
182,3,22,450,2005,11.23
182,3,22,450,2006,11.24
182,3,22,450,2007,11.33
182,3,22,450,2008,11.56
182,3,22,450,2009,11.78
182,3,22,450,2010,12.02
182,3,22,450,2011,12.15
182,3,22,450,2012,12.34
182,3,22,450,2013,12.61
182,3,22,450,2014,12.92
182,3,22,450,2015,13.22
182,3,22,450,2016,13.51
183,1,22,450,1990,0.89
183,1,22,450,1991,0.92
183,1,22,450,1992,0.94
183,1,22,450,1993,0.93
183,1,22,450,1994,0.9
183,1,22,450,1995,0.99
183,1,22,450,1996,0.92
183,1,22,450,1997,0.92
183,1,22,450,1998,1
183,1,22,450,1999,1.13
183,1,22,450,2000,1.3
183,1,22,450,2001,1.41
183,1,22,450,2002,1.57
183,1,22,450,2003,1.75
183,1,22,450,2004,2.01
183,1,22,450,2005,2.31
183,1,22,450,2006,2.4
183,1,22,450,2007,2.72
183,1,22,450,2008,2.9
183,1,22,450,2009,3.2
183,1,22,450,2010,3.22
183,1,22,450,2011,3.48
183,1,22,450,2012,3.48
183,1,22,450,2013,3.83
183,1,22,450,2014,3.98
183,1,22,450,2015,4.07
183,1,22,450,2016,4.21
183,2,22,450,1990,0.67
183,2,22,450,1991,0.73
183,2,22,450,1992,0.72
183,2,22,450,1993,0.75
183,2,22,450,1994,0.71
183,2,22,450,1995,0.67
183,2,22,450,1996,0.71
183,2,22,450,1997,0.7
183,2,22,450,1998,0.73
183,2,22,450,1999,0.85
183,2,22,450,2000,0.81
183,2,22,450,2001,0.83
183,2,22,450,2002,0.86
183,2,22,450,2003,0.95
183,2,22,450,2004,0.86
183,2,22,450,2005,0.86
183,2,22,450,2006,0.89
183,2,22,450,2007,1.02
183,2,22,450,2008,1.06
183,2,22,450,2009,1.17
183,2,22,450,2010,1.16
183,2,22,450,2011,1.34
183,2,22,450,2012,1.35
183,2,22,450,2013,1.42
183,2,22,450,2014,1.62
183,2,22,450,2015,1.6
183,2,22,450,2016,1.64
183,3,22,450,1990,1.56
183,3,22,450,1991,1.65
183,3,22,450,1992,1.66
183,3,22,450,1993,1.67
183,3,22,450,1994,1.61
183,3,22,450,1995,1.66
183,3,22,450,1996,1.63
183,3,22,450,1997,1.61
183,3,22,450,1998,1.73
183,3,22,450,1999,1.98
183,3,22,450,2000,2.11
183,3,22,450,2001,2.24
183,3,22,450,2002,2.43
183,3,22,450,2003,2.7
183,3,22,450,2004,2.87
183,3,22,450,2005,3.17
183,3,22,450,2006,3.29
183,3,22,450,2007,3.75
183,3,22,450,2008,3.96
183,3,22,450,2009,4.37
183,3,22,450,2010,4.38
183,3,22,450,2011,4.82
183,3,22,450,2012,4.83
183,3,22,450,2013,5.26
183,3,22,450,2014,5.6
183,3,22,450,2015,5.67
183,3,22,450,2016,5.85
184,1,22,450,1990,6.31
184,1,22,450,1991,6.39
184,1,22,450,1992,6.6
184,1,22,450,1993,6.91
184,1,22,450,1994,7.11
184,1,22,450,1995,7.39
184,1,22,450,1996,7.6
184,1,22,450,1997,7.91
184,1,22,450,1998,8.21
184,1,22,450,1999,8.59
184,1,22,450,2000,9.11
184,1,22,450,2001,9.31
184,1,22,450,2002,9.73
184,1,22,450,2003,10.05
184,1,22,450,2004,10.45
184,1,22,450,2005,10.93
184,1,22,450,2006,11.42
184,1,22,450,2007,11.89
184,1,22,450,2008,12.17
184,1,22,450,2009,12.57
184,1,22,450,2010,12.99
184,1,22,450,2011,13.33
184,1,22,450,2012,13.68
184,1,22,450,2013,14.01
184,1,22,450,2014,14.35
184,1,22,450,2015,14.73
184,1,22,450,2016,15.04
184,2,22,450,1990,11.82
184,2,22,450,1991,12.01
184,2,22,450,1992,12.38
184,2,22,450,1993,12.7
184,2,22,450,1994,13.03
184,2,22,450,1995,13.34
184,2,22,450,1996,13.64
184,2,22,450,1997,13.89
184,2,22,450,1998,13.78
184,2,22,450,1999,13.7
184,2,22,450,2000,13.7
184,2,22,450,2001,13.29
184,2,22,450,2002,13.25
184,2,22,450,2003,13.13
184,2,22,450,2004,13.14
184,2,22,450,2005,13.31
184,2,22,450,2006,13.33
184,2,22,450,2007,13.62
184,2,22,450,2008,13.72
184,2,22,450,2009,14.04
184,2,22,450,2010,14.4
184,2,22,450,2011,14.61
184,2,22,450,2012,14.83
184,2,22,450,2013,15.13
184,2,22,450,2014,15.76
184,2,22,450,2015,16.51
184,2,22,450,2016,16.98
184,3,22,450,1990,18.13
184,3,22,450,1991,18.4
184,3,22,450,1992,18.98
184,3,22,450,1993,19.6
184,3,22,450,1994,20.14
184,3,22,450,1995,20.72
184,3,22,450,1996,21.23
184,3,22,450,1997,21.81
184,3,22,450,1998,21.99
184,3,22,450,1999,22.3
184,3,22,450,2000,22.81
184,3,22,450,2001,22.6
184,3,22,450,2002,22.98
184,3,22,450,2003,23.18
184,3,22,450,2004,23.59
184,3,22,450,2005,24.24
184,3,22,450,2006,24.74
184,3,22,450,2007,25.52
184,3,22,450,2008,25.89
184,3,22,450,2009,26.61
184,3,22,450,2010,27.39
184,3,22,450,2011,27.93
184,3,22,450,2012,28.51
184,3,22,450,2013,29.13
184,3,22,450,2014,30.1
184,3,22,450,2015,31.24
184,3,22,450,2016,32.02
185,1,22,450,1990,7.46
185,1,22,450,1991,7.47
185,1,22,450,1992,7.37
185,1,22,450,1993,7.17
185,1,22,450,1994,6.94
185,1,22,450,1995,6.86
185,1,22,450,1996,7.02
185,1,22,450,1997,7.32
185,1,22,450,1998,7.38
185,1,22,450,1999,7.21
185,1,22,450,2000,7.01
185,1,22,450,2001,6.64
185,1,22,450,2002,6.46
185,1,22,450,2003,6.24
185,1,22,450,2004,6.13
185,1,22,450,2005,6.09
185,1,22,450,2006,6.17
185,1,22,450,2007,6.31
185,1,22,450,2008,6.46
185,1,22,450,2009,6.64
185,1,22,450,2010,6.88
185,1,22,450,2011,7.14
185,1,22,450,2012,7.46
185,1,22,450,2013,7.83
185,1,22,450,2014,8.24
185,1,22,450,2015,8.67
185,1,22,450,2016,9.11
185,2,22,450,1990,9.9
185,2,22,450,1991,9.87
185,2,22,450,1992,9.26
185,2,22,450,1993,8.82
185,2,22,450,1994,8.53
185,2,22,450,1995,8.32
185,2,22,450,1996,8.55
185,2,22,450,1997,8.76
185,2,22,450,1998,9
185,2,22,450,1999,9.04
185,2,22,450,2000,8.8
185,2,22,450,2001,8.39
185,2,22,450,2002,8
185,2,22,450,2003,7.69
185,2,22,450,2004,7.43
185,2,22,450,2005,7.26
185,2,22,450,2006,7.24
185,2,22,450,2007,7.22
185,2,22,450,2008,7.31
185,2,22,450,2009,7.45
185,2,22,450,2010,7.68
185,2,22,450,2011,7.85
185,2,22,450,2012,8.07
185,2,22,450,2013,8.39
185,2,22,450,2014,8.7
185,2,22,450,2015,9.02
185,2,22,450,2016,9.36
185,3,22,450,1990,17.36
185,3,22,450,1991,17.34
185,3,22,450,1992,16.63
185,3,22,450,1993,15.99
185,3,22,450,1994,15.47
185,3,22,450,1995,15.18
185,3,22,450,1996,15.57
185,3,22,450,1997,16.08
185,3,22,450,1998,16.38
185,3,22,450,1999,16.25
185,3,22,450,2000,15.82
185,3,22,450,2001,15.03
185,3,22,450,2002,14.46
185,3,22,450,2003,13.93
185,3,22,450,2004,13.56
185,3,22,450,2005,13.35
185,3,22,450,2006,13.41
185,3,22,450,2007,13.52
185,3,22,450,2008,13.76
185,3,22,450,2009,14.09
185,3,22,450,2010,14.56
185,3,22,450,2011,14.99
185,3,22,450,2012,15.52
185,3,22,450,2013,16.22
185,3,22,450,2014,16.93
185,3,22,450,2015,17.69
185,3,22,450,2016,18.47
186,1,22,450,1990,0.46
186,1,22,450,1991,0.49
186,1,22,450,1992,0.53
186,1,22,450,1993,0.58
186,1,22,450,1994,0.63
186,1,22,450,1995,0.69
186,1,22,450,1996,0.75
186,1,22,450,1997,0.82
186,1,22,450,1998,0.89
186,1,22,450,1999,0.93
186,1,22,450,2000,0.99
186,1,22,450,2001,1.02
186,1,22,450,2002,1.04
186,1,22,450,2003,1.05
186,1,22,450,2004,1.09
186,1,22,450,2005,1.11
186,1,22,450,2006,1.11
186,1,22,450,2007,1.15
186,1,22,450,2008,1.16
186,1,22,450,2009,1.23
186,1,22,450,2010,1.27
186,1,22,450,2011,1.36
186,1,22,450,2012,1.39
186,1,22,450,2013,1.49
186,1,22,450,2014,1.64
186,1,22,450,2015,1.68
186,1,22,450,2016,1.76
186,2,22,450,1990,0.1
186,2,22,450,1991,0.1
186,2,22,450,1992,0.1
186,2,22,450,1993,0.11
186,2,22,450,1994,0.11
186,2,22,450,1995,0.11
186,2,22,450,1996,0.12
186,2,22,450,1997,0.12
186,2,22,450,1998,0.13
186,2,22,450,1999,0.13
186,2,22,450,2000,0.14
186,2,22,450,2001,0.14
186,2,22,450,2002,0.15
186,2,22,450,2003,0.15
186,2,22,450,2004,0.15
186,2,22,450,2005,0.15
186,2,22,450,2006,0.15
186,2,22,450,2007,0.15
186,2,22,450,2008,0.14
186,2,22,450,2009,0.15
186,2,22,450,2010,0.15
186,2,22,450,2011,0.15
186,2,22,450,2012,0.16
186,2,22,450,2013,0.17
186,2,22,450,2014,0.17
186,2,22,450,2015,0.18
186,2,22,450,2016,0.19
186,3,22,450,1990,0.56
186,3,22,450,1991,0.59
186,3,22,450,1992,0.63
186,3,22,450,1993,0.69
186,3,22,450,1994,0.74
186,3,22,450,1995,0.81
186,3,22,450,1996,0.87
186,3,22,450,1997,0.94
186,3,22,450,1998,1.02
186,3,22,450,1999,1.06
186,3,22,450,2000,1.13
186,3,22,450,2001,1.16
186,3,22,450,2002,1.19
186,3,22,450,2003,1.2
186,3,22,450,2004,1.24
186,3,22,450,2005,1.25
186,3,22,450,2006,1.26
186,3,22,450,2007,1.3
186,3,22,450,2008,1.31
186,3,22,450,2009,1.38
186,3,22,450,2010,1.42
186,3,22,450,2011,1.51
186,3,22,450,2012,1.55
186,3,22,450,2013,1.66
186,3,22,450,2014,1.81
186,3,22,450,2015,1.86
186,3,22,450,2016,1.95
187,1,22,450,1990,5.32
187,1,22,450,1991,5.25
187,1,22,450,1992,5.16
187,1,22,450,1993,5.08
187,1,22,450,1994,5.02
187,1,22,450,1995,5
187,1,22,450,1996,5
187,1,22,450,1997,5.04
187,1,22,450,1998,5.1
187,1,22,450,1999,5.18
187,1,22,450,2000,5.28
187,1,22,450,2001,5.33
187,1,22,450,2002,5.41
187,1,22,450,2003,5.5
187,1,22,450,2004,5.61
187,1,22,450,2005,5.73
187,1,22,450,2006,5.85
187,1,22,450,2007,5.94
187,1,22,450,2008,6.07
187,1,22,450,2009,6.2
187,1,22,450,2010,6.37
187,1,22,450,2011,6.48
187,1,22,450,2012,6.62
187,1,22,450,2013,6.76
187,1,22,450,2014,6.92
187,1,22,450,2015,7.09
187,1,22,450,2016,7.29
187,2,22,450,1990,6.94
187,2,22,450,1991,6.89
187,2,22,450,1992,6.81
187,2,22,450,1993,6.73
187,2,22,450,1994,6.7
187,2,22,450,1995,6.68
187,2,22,450,1996,6.73
187,2,22,450,1997,6.82
187,2,22,450,1998,6.93
187,2,22,450,1999,7.02
187,2,22,450,2000,7.08
187,2,22,450,2001,7.12
187,2,22,450,2002,7.16
187,2,22,450,2003,7.23
187,2,22,450,2004,7.29
187,2,22,450,2005,7.34
187,2,22,450,2006,7.39
187,2,22,450,2007,7.44
187,2,22,450,2008,7.5
187,2,22,450,2009,7.58
187,2,22,450,2010,7.68
187,2,22,450,2011,7.76
187,2,22,450,2012,7.85
187,2,22,450,2013,7.95
187,2,22,450,2014,8.08
187,2,22,450,2015,8.22
187,2,22,450,2016,8.36
187,3,22,450,1990,12.27
187,3,22,450,1991,12.13
187,3,22,450,1992,11.97
187,3,22,450,1993,11.81
187,3,22,450,1994,11.71
187,3,22,450,1995,11.68
187,3,22,450,1996,11.73
187,3,22,450,1997,11.86
187,3,22,450,1998,12.03
187,3,22,450,1999,12.19
187,3,22,450,2000,12.36
187,3,22,450,2001,12.45
187,3,22,450,2002,12.57
187,3,22,450,2003,12.73
187,3,22,450,2004,12.89
187,3,22,450,2005,13.07
187,3,22,450,2006,13.23
187,3,22,450,2007,13.39
187,3,22,450,2008,13.57
187,3,22,450,2009,13.78
187,3,22,450,2010,14.05
187,3,22,450,2011,14.24
187,3,22,450,2012,14.46
187,3,22,450,2013,14.72
187,3,22,450,2014,15
187,3,22,450,2015,15.31
187,3,22,450,2016,15.65
189,1,22,450,1990,24.09
189,1,22,450,1991,24.59
189,1,22,450,1992,25.33
189,1,22,450,1993,25.87
189,1,22,450,1994,26.77
189,1,22,450,1995,27.11
189,1,22,450,1996,27.48
189,1,22,450,1997,27.77
189,1,22,450,1998,28.23
189,1,22,450,1999,29.12
189,1,22,450,2000,29.72
189,1,22,450,2001,30.44
189,1,22,450,2002,31.4
189,1,22,450,2003,32.48
189,1,22,450,2004,33.82
189,1,22,450,2005,35.54
189,1,22,450,2006,36.68
189,1,22,450,2007,37.87
189,1,22,450,2008,39.49
189,1,22,450,2009,41.26
189,1,22,450,2010,43.38
189,1,22,450,2011,45
189,1,22,450,2012,46.97
189,1,22,450,2013,48.87
189,1,22,450,2014,50.95
189,1,22,450,2015,53.19
189,1,22,450,2016,55.09
189,2,22,450,1990,26.96
189,2,22,450,1991,27.38
189,2,22,450,1992,28.13
189,2,22,450,1993,28.76
189,2,22,450,1994,29.7
189,2,22,450,1995,30.34
189,2,22,450,1996,30.71
189,2,22,450,1997,31.13
189,2,22,450,1998,31.62
189,2,22,450,1999,31.43
189,2,22,450,2000,30.96
189,2,22,450,2001,30.32
189,2,22,450,2002,29.83
189,2,22,450,2003,30.12
189,2,22,450,2004,30.2
189,2,22,450,2005,30.5
189,2,22,450,2006,30.79
189,2,22,450,2007,31.4
189,2,22,450,2008,32
189,2,22,450,2009,32.79
189,2,22,450,2010,33.31
189,2,22,450,2011,33.95
189,2,22,450,2012,34.64
189,2,22,450,2013,35.6
189,2,22,450,2014,36.51
189,2,22,450,2015,37.39
189,2,22,450,2016,38.03
189,3,22,450,1990,51.05
189,3,22,450,1991,51.96
189,3,22,450,1992,53.46
189,3,22,450,1993,54.63
189,3,22,450,1994,56.47
189,3,22,450,1995,57.45
189,3,22,450,1996,58.2
189,3,22,450,1997,58.91
189,3,22,450,1998,59.84
189,3,22,450,1999,60.54
189,3,22,450,2000,60.68
189,3,22,450,2001,60.76
189,3,22,450,2002,61.23
189,3,22,450,2003,62.6
189,3,22,450,2004,64.02
189,3,22,450,2005,66.04
189,3,22,450,2006,67.47
189,3,22,450,2007,69.27
189,3,22,450,2008,71.49
189,3,22,450,2009,74.05
189,3,22,450,2010,76.69
189,3,22,450,2011,78.95
189,3,22,450,2012,81.62
189,3,22,450,2013,84.47
189,3,22,450,2014,87.46
189,3,22,450,2015,90.58
189,3,22,450,2016,93.13
190,1,22,450,1990,26.97
190,1,22,450,1991,28.35
190,1,22,450,1992,29.95
190,1,22,450,1993,29.4
190,1,22,450,1994,30.12
190,1,22,450,1995,28.53
190,1,22,450,1996,24.79
190,1,22,450,1997,21.93
190,1,22,450,1998,21.55
190,1,22,450,1999,21.89
190,1,22,450,2000,23.91
190,1,22,450,2001,25.31
190,1,22,450,2002,26.87
190,1,22,450,2003,27.58
190,1,22,450,2004,28.22
190,1,22,450,2005,28.92
190,1,22,450,2006,30.38
190,1,22,450,2007,29.65
190,1,22,450,2008,29.25
190,1,22,450,2009,29.11
190,1,22,450,2010,29.83
190,1,22,450,2011,30.79
190,1,22,450,2012,32.77
190,1,22,450,2013,34.3
190,1,22,450,2014,35.31
190,1,22,450,2015,36.49
190,1,22,450,2016,37.73
190,2,22,450,1990,26.48
190,2,22,450,1991,27.42
190,2,22,450,1992,28.28
190,2,22,450,1993,29.28
190,2,22,450,1994,29.53
190,2,22,450,1995,28.7
190,2,22,450,1996,27.69
190,2,22,450,1997,26.53
190,2,22,450,1998,25.85
190,2,22,450,1999,25.68
190,2,22,450,2000,24.95
190,2,22,450,2001,24.15
190,2,22,450,2002,23.2
190,2,22,450,2003,23.42
190,2,22,450,2004,24.8
190,2,22,450,2005,25.34
190,2,22,450,2006,26.08
190,2,22,450,2007,25.53
190,2,22,450,2008,25.99
190,2,22,450,2009,24.89
190,2,22,450,2010,23.76
190,2,22,450,2011,22.32
190,2,22,450,2012,21.67
190,2,22,450,2013,21.68
190,2,22,450,2014,22.21
190,2,22,450,2015,22.62
190,2,22,450,2016,23.05
190,3,22,450,1990,53.44
190,3,22,450,1991,55.76
190,3,22,450,1992,58.23
190,3,22,450,1993,58.68
190,3,22,450,1994,59.65
190,3,22,450,1995,57.23
190,3,22,450,1996,52.48
190,3,22,450,1997,48.46
190,3,22,450,1998,47.4
190,3,22,450,1999,47.58
190,3,22,450,2000,48.86
190,3,22,450,2001,49.46
190,3,22,450,2002,50.08
190,3,22,450,2003,51
190,3,22,450,2004,53.02
190,3,22,450,2005,54.26
190,3,22,450,2006,56.46
190,3,22,450,2007,55.18
190,3,22,450,2008,55.24
190,3,22,450,2009,54
190,3,22,450,2010,53.59
190,3,22,450,2011,53.11
190,3,22,450,2012,54.44
190,3,22,450,2013,55.98
190,3,22,450,2014,57.53
190,3,22,450,2015,59.11
190,3,22,450,2016,60.78
191,1,22,450,1990,6.13
191,1,22,450,1991,6.58
191,1,22,450,1992,6.97
191,1,22,450,1993,7.45
191,1,22,450,1994,7.93
191,1,22,450,1995,8.5
191,1,22,450,1996,9.03
191,1,22,450,1997,9.48
191,1,22,450,1998,9.93
191,1,22,450,1999,10.55
191,1,22,450,2000,11.33
191,1,22,450,2001,12.05
191,1,22,450,2002,12.8
191,1,22,450,2003,13.61
191,1,22,450,2004,14.15
191,1,22,450,2005,14.7
191,1,22,450,2006,15.24
191,1,22,450,2007,15.74
191,1,22,450,2008,16.32
191,1,22,450,2009,16.82
191,1,22,450,2010,17.45
191,1,22,450,2011,18.31
191,1,22,450,2012,18.62
191,1,22,450,2013,19.11
191,1,22,450,2014,19.64
191,1,22,450,2015,20.27
191,1,22,450,2016,20.79
191,2,22,450,1990,7.65
191,2,22,450,1991,8.1
191,2,22,450,1992,8.57
191,2,22,450,1993,8.99
191,2,22,450,1994,9.58
191,2,22,450,1995,10.16
191,2,22,450,1996,10.62
191,2,22,450,1997,10.92
191,2,22,450,1998,11.21
191,2,22,450,1999,11.35
191,2,22,450,2000,11.36
191,2,22,450,2001,11.41
191,2,22,450,2002,11.31
191,2,22,450,2003,11.37
191,2,22,450,2004,11.04
191,2,22,450,2005,10.88
191,2,22,450,2006,10.82
191,2,22,450,2007,10.75
191,2,22,450,2008,10.6
191,2,22,450,2009,10.57
191,2,22,450,2010,10.55
191,2,22,450,2011,10.54
191,2,22,450,2012,10.52
191,2,22,450,2013,10.52
191,2,22,450,2014,10.52
191,2,22,450,2015,10.62
191,2,22,450,2016,10.75
191,3,22,450,1990,13.78
191,3,22,450,1991,14.68
191,3,22,450,1992,15.54
191,3,22,450,1993,16.43
191,3,22,450,1994,17.51
191,3,22,450,1995,18.66
191,3,22,450,1996,19.65
191,3,22,450,1997,20.4
191,3,22,450,1998,21.14
191,3,22,450,1999,21.91
191,3,22,450,2000,22.68
191,3,22,450,2001,23.46
191,3,22,450,2002,24.12
191,3,22,450,2003,24.98
191,3,22,450,2004,25.2
191,3,22,450,2005,25.58
191,3,22,450,2006,26.06
191,3,22,450,2007,26.48
191,3,22,450,2008,26.91
191,3,22,450,2009,27.39
191,3,22,450,2010,28.01
191,3,22,450,2011,28.85
191,3,22,450,2012,29.14
191,3,22,450,2013,29.63
191,3,22,450,2014,30.16
191,3,22,450,2015,30.89
191,3,22,450,2016,31.54
193,1,22,450,1990,0.85
193,1,22,450,1991,0.9
193,1,22,450,1992,0.97
193,1,22,450,1993,1.03
193,1,22,450,1994,1.12
193,1,22,450,1995,1.23
193,1,22,450,1996,1.33
193,1,22,450,1997,1.45
193,1,22,450,1998,1.58
193,1,22,450,1999,1.71
193,1,22,450,2000,1.84
193,1,22,450,2001,1.95
193,1,22,450,2002,2.07
193,1,22,450,2003,2.15
193,1,22,450,2004,2.21
193,1,22,450,2005,2.27
193,1,22,450,2006,2.35
193,1,22,450,2007,2.41
193,1,22,450,2008,2.52
193,1,22,450,2009,2.58
193,1,22,450,2010,2.65
193,1,22,450,2011,2.7
193,1,22,450,2012,2.85
193,1,22,450,2013,2.94
193,1,22,450,2014,3.07
193,1,22,450,2015,3.21
193,1,22,450,2016,3.36
193,2,22,450,1990,0.26
193,2,22,450,1991,0.27
193,2,22,450,1992,0.28
193,2,22,450,1993,0.29
193,2,22,450,1994,0.3
193,2,22,450,1995,0.32
193,2,22,450,1996,0.34
193,2,22,450,1997,0.37
193,2,22,450,1998,0.4
193,2,22,450,1999,0.44
193,2,22,450,2000,0.48
193,2,22,450,2001,0.51
193,2,22,450,2002,0.53
193,2,22,450,2003,0.55
193,2,22,450,2004,0.55
193,2,22,450,2005,0.54
193,2,22,450,2006,0.53
193,2,22,450,2007,0.53
193,2,22,450,2008,0.54
193,2,22,450,2009,0.53
193,2,22,450,2010,0.54
193,2,22,450,2011,0.55
193,2,22,450,2012,0.58
193,2,22,450,2013,0.6
193,2,22,450,2014,0.62
193,2,22,450,2015,0.66
193,2,22,450,2016,0.69
193,3,22,450,1990,1.12
193,3,22,450,1991,1.17
193,3,22,450,1992,1.24
193,3,22,450,1993,1.32
193,3,22,450,1994,1.42
193,3,22,450,1995,1.55
193,3,22,450,1996,1.67
193,3,22,450,1997,1.82
193,3,22,450,1998,1.98
193,3,22,450,1999,2.14
193,3,22,450,2000,2.32
193,3,22,450,2001,2.46
193,3,22,450,2002,2.61
193,3,22,450,2003,2.7
193,3,22,450,2004,2.76
193,3,22,450,2005,2.8
193,3,22,450,2006,2.88
193,3,22,450,2007,2.95
193,3,22,450,2008,3.06
193,3,22,450,2009,3.12
193,3,22,450,2010,3.19
193,3,22,450,2011,3.25
193,3,22,450,2012,3.43
193,3,22,450,2013,3.54
193,3,22,450,2014,3.69
193,3,22,450,2015,3.87
193,3,22,450,2016,4.05
194,1,22,450,1990,1.13
194,1,22,450,1991,1.13
194,1,22,450,1992,1.17
194,1,22,450,1993,1.19
194,1,22,450,1994,1.24
194,1,22,450,1995,1.27
194,1,22,450,1996,1.3
194,1,22,450,1997,1.36
194,1,22,450,1998,1.42
194,1,22,450,1999,1.48
194,1,22,450,2000,1.55
194,1,22,450,2001,1.6
194,1,22,450,2002,1.69
194,1,22,450,2003,1.76
194,1,22,450,2004,1.86
194,1,22,450,2005,1.94
194,1,22,450,2006,1.98
194,1,22,450,2007,1.99
194,1,22,450,2008,2
194,1,22,450,2009,1.99
194,1,22,450,2010,2
194,1,22,450,2011,2.01
194,1,22,450,2012,2.04
194,1,22,450,2013,2.07
194,1,22,450,2014,2.09
194,1,22,450,2015,2.1
194,1,22,450,2016,2.13
194,2,22,450,1990,0.36
194,2,22,450,1991,0.36
194,2,22,450,1992,0.37
194,2,22,450,1993,0.37
194,2,22,450,1994,0.38
194,2,22,450,1995,0.39
194,2,22,450,1996,0.39
194,2,22,450,1997,0.39
194,2,22,450,1998,0.42
194,2,22,450,1999,0.45
194,2,22,450,2000,0.51
194,2,22,450,2001,0.51
194,2,22,450,2002,0.54
194,2,22,450,2003,0.58
194,2,22,450,2004,0.6
194,2,22,450,2005,0.61
194,2,22,450,2006,0.61
194,2,22,450,2007,0.62
194,2,22,450,2008,0.65
194,2,22,450,2009,0.65
194,2,22,450,2010,0.67
194,2,22,450,2011,0.65
194,2,22,450,2012,0.66
194,2,22,450,2013,0.67
194,2,22,450,2014,0.66
194,2,22,450,2015,0.66
194,2,22,450,2016,0.65
194,3,22,450,1990,1.49
194,3,22,450,1991,1.49
194,3,22,450,1992,1.53
194,3,22,450,1993,1.56
194,3,22,450,1994,1.63
194,3,22,450,1995,1.66
194,3,22,450,1996,1.69
194,3,22,450,1997,1.75
194,3,22,450,1998,1.84
194,3,22,450,1999,1.92
194,3,22,450,2000,2.06
194,3,22,450,2001,2.11
194,3,22,450,2002,2.22
194,3,22,450,2003,2.34
194,3,22,450,2004,2.45
194,3,22,450,2005,2.55
194,3,22,450,2006,2.59
194,3,22,450,2007,2.61
194,3,22,450,2008,2.65
194,3,22,450,2009,2.64
194,3,22,450,2010,2.67
194,3,22,450,2011,2.67
194,3,22,450,2012,2.7
194,3,22,450,2013,2.74
194,3,22,450,2014,2.76
194,3,22,450,2015,2.76
194,3,22,450,2016,2.78
195,1,22,450,1990,1.55
195,1,22,450,1991,1.59
195,1,22,450,1992,1.66
195,1,22,450,1993,1.7
195,1,22,450,1994,1.79
195,1,22,450,1995,1.94
195,1,22,450,1996,2.09
195,1,22,450,1997,2.2
195,1,22,450,1998,2.41
195,1,22,450,1999,2.54
195,1,22,450,2000,2.72
195,1,22,450,2001,2.8
195,1,22,450,2002,2.99
195,1,22,450,2003,2.95
195,1,22,450,2004,2.96
195,1,22,450,2005,2.97
195,1,22,450,2006,2.98
195,1,22,450,2007,2.76
195,1,22,450,2008,3.01
195,1,22,450,2009,3.33
195,1,22,450,2010,3.36
195,1,22,450,2011,3.43
195,1,22,450,2012,3.48
195,1,22,450,2013,3.57
195,1,22,450,2014,3.74
195,1,22,450,2015,3.92
195,1,22,450,2016,4.08
195,2,22,450,1990,0.42
195,2,22,450,1991,0.43
195,2,22,450,1992,0.43
195,2,22,450,1993,0.45
195,2,22,450,1994,0.46
195,2,22,450,1995,0.48
195,2,22,450,1996,0.5
195,2,22,450,1997,0.53
195,2,22,450,1998,0.56
195,2,22,450,1999,0.61
195,2,22,450,2000,0.65
195,2,22,450,2001,0.68
195,2,22,450,2002,0.7
195,2,22,450,2003,0.74
195,2,22,450,2004,0.76
195,2,22,450,2005,0.77
195,2,22,450,2006,0.78
195,2,22,450,2007,0.85
195,2,22,450,2008,0.82
195,2,22,450,2009,0.93
195,2,22,450,2010,0.9
195,2,22,450,2011,0.9
195,2,22,450,2012,0.91
195,2,22,450,2013,0.93
195,2,22,450,2014,0.96
195,2,22,450,2015,0.99
195,2,22,450,2016,1.01
195,3,22,450,1990,1.97
195,3,22,450,1991,2.02
195,3,22,450,1992,2.09
195,3,22,450,1993,2.14
195,3,22,450,1994,2.26
195,3,22,450,1995,2.42
195,3,22,450,1996,2.59
195,3,22,450,1997,2.73
195,3,22,450,1998,2.96
195,3,22,450,1999,3.14
195,3,22,450,2000,3.38
195,3,22,450,2001,3.48
195,3,22,450,2002,3.69
195,3,22,450,2003,3.68
195,3,22,450,2004,3.72
195,3,22,450,2005,3.74
195,3,22,450,2006,3.76
195,3,22,450,2007,3.62
195,3,22,450,2008,3.83
195,3,22,450,2009,4.25
195,3,22,450,2010,4.26
195,3,22,450,2011,4.33
195,3,22,450,2012,4.39
195,3,22,450,2013,4.5
195,3,22,450,2014,4.7
195,3,22,450,2015,4.92
195,3,22,450,2016,5.09
196,1,22,450,1990,42.86
196,1,22,450,1991,44.51
196,1,22,450,1992,46.6
196,1,22,450,1993,47.33
196,1,22,450,1994,49.48
196,1,22,450,1995,51.98
196,1,22,450,1996,54.5
196,1,22,450,1997,58.9
196,1,22,450,1998,60.01
196,1,22,450,1999,62
196,1,22,450,2000,64.85
196,1,22,450,2001,66.36
196,1,22,450,2002,67.84
196,1,22,450,2003,69.69
196,1,22,450,2004,71.26
196,1,22,450,2005,73.69
196,1,22,450,2006,77.31
196,1,22,450,2007,79.01
196,1,22,450,2008,80.65
196,1,22,450,2009,83.77
196,1,22,450,2010,86.1
196,1,22,450,2011,88.78
196,1,22,450,2012,89.43
196,1,22,450,2013,90.02
196,1,22,450,2014,91.43
196,1,22,450,2015,92.74
196,1,22,450,2016,94.73
196,2,22,450,1990,12.65
196,2,22,450,1991,13.01
196,2,22,450,1992,13.69
196,2,22,450,1993,13.7
196,2,22,450,1994,14.25
196,2,22,450,1995,14.16
196,2,22,450,1996,14.78
196,2,22,450,1997,16.21
196,2,22,450,1998,16.89
196,2,22,450,1999,17.46
196,2,22,450,2000,18.6
196,2,22,450,2001,18.72
196,2,22,450,2002,19.05
196,2,22,450,2003,19.37
196,2,22,450,2004,19.42
196,2,22,450,2005,20.06
196,2,22,450,2006,20.79
196,2,22,450,2007,21.19
196,2,22,450,2008,21.55
196,2,22,450,2009,22.45
196,2,22,450,2010,23.66
196,2,22,450,2011,24.44
196,2,22,450,2012,24.65
196,2,22,450,2013,25.08
196,2,22,450,2014,26.05
196,2,22,450,2015,26.61
196,2,22,450,2016,27.15
196,3,22,450,1990,55.51
196,3,22,450,1991,57.53
196,3,22,450,1992,60.3
196,3,22,450,1993,61.03
196,3,22,450,1994,63.73
196,3,22,450,1995,66.14
196,3,22,450,1996,69.28
196,3,22,450,1997,75.11
196,3,22,450,1998,76.9
196,3,22,450,1999,79.46
196,3,22,450,2000,83.45
196,3,22,450,2001,85.08
196,3,22,450,2002,86.89
196,3,22,450,2003,89.05
196,3,22,450,2004,90.68
196,3,22,450,2005,93.75
196,3,22,450,2006,98.1
196,3,22,450,2007,100.2
196,3,22,450,2008,102.2
196,3,22,450,2009,106.22
196,3,22,450,2010,109.76
196,3,22,450,2011,113.22
196,3,22,450,2012,114.08
196,3,22,450,2013,115.1
196,3,22,450,2014,117.48
196,3,22,450,2015,119.34
196,3,22,450,2016,121.88
197,1,22,450,1990,0.63
197,1,22,450,1991,0.66
197,1,22,450,1992,0.67
197,1,22,450,1993,0.67
197,1,22,450,1994,0.71
197,1,22,450,1995,0.77
197,1,22,450,1996,0.85
197,1,22,450,1997,0.88
197,1,22,450,1998,0.96
197,1,22,450,1999,1
197,1,22,450,2000,1.08
197,1,22,450,2001,1.13
197,1,22,450,2002,1.16
197,1,22,450,2003,1.18
197,1,22,450,2004,1.18
197,1,22,450,2005,1.19
197,1,22,450,2006,1.2
197,1,22,450,2007,1.2
197,1,22,450,2008,1.21
197,1,22,450,2009,1.21
197,1,22,450,2010,1.22
197,1,22,450,2011,1.23
197,1,22,450,2012,1.24
197,1,22,450,2013,1.25
197,1,22,450,2014,1.26
197,1,22,450,2015,1.25
197,1,22,450,2016,1.26
197,2,22,450,1990,0.18
197,2,22,450,1991,0.18
197,2,22,450,1992,0.18
197,2,22,450,1993,0.18
197,2,22,450,1994,0.18
197,2,22,450,1995,0.18
197,2,22,450,1996,0.18
197,2,22,450,1997,0.18
197,2,22,450,1998,0.2
197,2,22,450,1999,0.21
197,2,22,450,2000,0.24
197,2,22,450,2001,0.26
197,2,22,450,2002,0.28
197,2,22,450,2003,0.29
197,2,22,450,2004,0.3
197,2,22,450,2005,0.31
197,2,22,450,2006,0.31
197,2,22,450,2007,0.3
197,2,22,450,2008,0.3
197,2,22,450,2009,0.3
197,2,22,450,2010,0.29
197,2,22,450,2011,0.29
197,2,22,450,2012,0.29
197,2,22,450,2013,0.29
197,2,22,450,2014,0.29
197,2,22,450,2015,0.29
197,2,22,450,2016,0.29
197,3,22,450,1990,0.81
197,3,22,450,1991,0.84
197,3,22,450,1992,0.85
197,3,22,450,1993,0.86
197,3,22,450,1994,0.89
197,3,22,450,1995,0.95
197,3,22,450,1996,1.04
197,3,22,450,1997,1.07
197,3,22,450,1998,1.15
197,3,22,450,1999,1.22
197,3,22,450,2000,1.33
197,3,22,450,2001,1.4
197,3,22,450,2002,1.44
197,3,22,450,2003,1.47
197,3,22,450,2004,1.48
197,3,22,450,2005,1.5
197,3,22,450,2006,1.51
197,3,22,450,2007,1.5
197,3,22,450,2008,1.5
197,3,22,450,2009,1.51
197,3,22,450,2010,1.51
197,3,22,450,2011,1.51
197,3,22,450,2012,1.53
197,3,22,450,2013,1.54
197,3,22,450,2014,1.55
197,3,22,450,2015,1.54
197,3,22,450,2016,1.55
198,1,22,450,1990,7.87
198,1,22,450,1991,7.54
198,1,22,450,1992,7.31
198,1,22,450,1993,7.3
198,1,22,450,1994,7.54
198,1,22,450,1995,8.33
198,1,22,450,1996,7.93
198,1,22,450,1997,7.7
198,1,22,450,1998,7.44
198,1,22,450,1999,7.12
198,1,22,450,2000,7.01
198,1,22,450,2001,7.36
198,1,22,450,2002,7.77
198,1,22,450,2003,7.81
198,1,22,450,2004,7.86
198,1,22,450,2005,7.93
198,1,22,450,2006,7.85
198,1,22,450,2007,7.75
198,1,22,450,2008,7.68
198,1,22,450,2009,7.58
198,1,22,450,2010,7.53
198,1,22,450,2011,7.46
198,1,22,450,2012,7.46
198,1,22,450,2013,7.55
198,1,22,450,2014,7.65
198,1,22,450,2015,7.83
198,1,22,450,2016,8.02
198,2,22,450,1990,4.45
198,2,22,450,1991,4.54
198,2,22,450,1992,4.06
198,2,22,450,1993,3.73
198,2,22,450,1994,3.46
198,2,22,450,1995,3.37
198,2,22,450,1996,3.04
198,2,22,450,1997,2.68
198,2,22,450,1998,2.44
198,2,22,450,1999,2.25
198,2,22,450,2000,2.08
198,2,22,450,2001,2.16
198,2,22,450,2002,2.19
198,2,22,450,2003,2.15
198,2,22,450,2004,2.14
198,2,22,450,2005,2.11
198,2,22,450,2006,2.1
198,2,22,450,2007,2.08
198,2,22,450,2008,2.11
198,2,22,450,2009,2.16
198,2,22,450,2010,2.15
198,2,22,450,2011,2.12
198,2,22,450,2012,2.11
198,2,22,450,2013,2.11
198,2,22,450,2014,2.18
198,2,22,450,2015,2.21
198,2,22,450,2016,2.24
198,3,22,450,1990,12.33
198,3,22,450,1991,12.08
198,3,22,450,1992,11.38
198,3,22,450,1993,11.03
198,3,22,450,1994,11.01
198,3,22,450,1995,11.7
198,3,22,450,1996,10.97
198,3,22,450,1997,10.38
198,3,22,450,1998,9.88
198,3,22,450,1999,9.37
198,3,22,450,2000,9.09
198,3,22,450,2001,9.52
198,3,22,450,2002,9.96
198,3,22,450,2003,9.96
198,3,22,450,2004,10
198,3,22,450,2005,10.04
198,3,22,450,2006,9.96
198,3,22,450,2007,9.83
198,3,22,450,2008,9.79
198,3,22,450,2009,9.74
198,3,22,450,2010,9.67
198,3,22,450,2011,9.58
198,3,22,450,2012,9.57
198,3,22,450,2013,9.65
198,3,22,450,2014,9.84
198,3,22,450,2015,10.04
198,3,22,450,2016,10.26
200,1,22,450,1990,1.32
200,1,22,450,1991,1.37
200,1,22,450,1992,1.41
200,1,22,450,1993,1.45
200,1,22,450,1994,1.52
200,1,22,450,1995,1.59
200,1,22,450,1996,1.67
200,1,22,450,1997,1.7
200,1,22,450,1998,1.75
200,1,22,450,1999,1.78
200,1,22,450,2000,1.82
200,1,22,450,2001,1.86
200,1,22,450,2002,1.91
200,1,22,450,2003,1.97
200,1,22,450,2004,2.03
200,1,22,450,2005,2.1
200,1,22,450,2006,2.17
200,1,22,450,2007,2.24
200,1,22,450,2008,2.33
200,1,22,450,2009,2.43
200,1,22,450,2010,2.52
200,1,22,450,2011,2.61
200,1,22,450,2012,2.69
200,1,22,450,2013,2.79
200,1,22,450,2014,2.89
200,1,22,450,2015,3
200,1,22,450,2016,3.1
200,2,22,450,1990,2.03
200,2,22,450,1991,2.07
200,2,22,450,1992,2.15
200,2,22,450,1993,2.22
200,2,22,450,1994,2.34
200,2,22,450,1995,2.49
200,2,22,450,1996,2.64
200,2,22,450,1997,2.76
200,2,22,450,1998,2.94
200,2,22,450,1999,3.13
200,2,22,450,2000,3.34
200,2,22,450,2001,3.53
200,2,22,450,2002,3.71
200,2,22,450,2003,3.89
200,2,22,450,2004,4.09
200,2,22,450,2005,4.28
200,2,22,450,2006,4.46
200,2,22,450,2007,4.64
200,2,22,450,2008,4.85
200,2,22,450,2009,5.1
200,2,22,450,2010,5.35
200,2,22,450,2011,5.55
200,2,22,450,2012,5.76
200,2,22,450,2013,5.96
200,2,22,450,2014,6.16
200,2,22,450,2015,6.37
200,2,22,450,2016,6.59
200,3,22,450,1990,3.35
200,3,22,450,1991,3.44
200,3,22,450,1992,3.56
200,3,22,450,1993,3.67
200,3,22,450,1994,3.86
200,3,22,450,1995,4.09
200,3,22,450,1996,4.31
200,3,22,450,1997,4.46
200,3,22,450,1998,4.69
200,3,22,450,1999,4.9
200,3,22,450,2000,5.16
200,3,22,450,2001,5.39
200,3,22,450,2002,5.62
200,3,22,450,2003,5.86
200,3,22,450,2004,6.12
200,3,22,450,2005,6.38
200,3,22,450,2006,6.63
200,3,22,450,2007,6.88
200,3,22,450,2008,7.18
200,3,22,450,2009,7.53
200,3,22,450,2010,7.87
200,3,22,450,2011,8.15
200,3,22,450,2012,8.45
200,3,22,450,2013,8.75
200,3,22,450,2014,9.05
200,3,22,450,2015,9.36
200,3,22,450,2016,9.7
201,1,22,450,1990,2.56
201,1,22,450,1991,2.59
201,1,22,450,1992,2.64
201,1,22,450,1993,2.71
201,1,22,450,1994,2.76
201,1,22,450,1995,2.83
201,1,22,450,1996,2.85
201,1,22,450,1997,2.91
201,1,22,450,1998,2.98
201,1,22,450,1999,2.98
201,1,22,450,2000,3.05
201,1,22,450,2001,3.02
201,1,22,450,2002,3.05
201,1,22,450,2003,3.08
201,1,22,450,2004,3.13
201,1,22,450,2005,3.23
201,1,22,450,2006,3.28
201,1,22,450,2007,3.35
201,1,22,450,2008,3.44
201,1,22,450,2009,3.54
201,1,22,450,2010,3.69
201,1,22,450,2011,3.8
201,1,22,450,2012,3.94
201,1,22,450,2013,4.1
201,1,22,450,2014,4.26
201,1,22,450,2015,4.43
201,1,22,450,2016,4.63
201,2,22,450,1990,4.66
201,2,22,450,1991,4.77
201,2,22,450,1992,4.97
201,2,22,450,1993,5.14
201,2,22,450,1994,5.33
201,2,22,450,1995,5.58
201,2,22,450,1996,5.78
201,2,22,450,1997,6.12
201,2,22,450,1998,6.53
201,2,22,450,1999,6.95
201,2,22,450,2000,7.35
201,2,22,450,2001,7.63
201,2,22,450,2002,8.01
201,2,22,450,2003,8.35
201,2,22,450,2004,8.76
201,2,22,450,2005,9.12
201,2,22,450,2006,9.45
201,2,22,450,2007,9.71
201,2,22,450,2008,9.99
201,2,22,450,2009,10.36
201,2,22,450,2010,10.72
201,2,22,450,2011,11.04
201,2,22,450,2012,11.39
201,2,22,450,2013,11.71
201,2,22,450,2014,12.04
201,2,22,450,2015,12.37
201,2,22,450,2016,12.72
201,3,22,450,1990,7.22
201,3,22,450,1991,7.36
201,3,22,450,1992,7.61
201,3,22,450,1993,7.85
201,3,22,450,1994,8.09
201,3,22,450,1995,8.41
201,3,22,450,1996,8.63
201,3,22,450,1997,9.04
201,3,22,450,1998,9.51
201,3,22,450,1999,9.93
201,3,22,450,2000,10.4
201,3,22,450,2001,10.64
201,3,22,450,2002,11.06
201,3,22,450,2003,11.43
201,3,22,450,2004,11.89
201,3,22,450,2005,12.35
201,3,22,450,2006,12.74
201,3,22,450,2007,13.06
201,3,22,450,2008,13.42
201,3,22,450,2009,13.9
201,3,22,450,2010,14.41
201,3,22,450,2011,14.83
201,3,22,450,2012,15.33
201,3,22,450,2013,15.81
201,3,22,450,2014,16.3
201,3,22,450,2015,16.8
201,3,22,450,2016,17.35
202,1,22,450,1990,4.88
202,1,22,450,1991,5
202,1,22,450,1992,5.12
202,1,22,450,1993,5.29
202,1,22,450,1994,5.37
202,1,22,450,1995,5.49
202,1,22,450,1996,5.66
202,1,22,450,1997,5.87
202,1,22,450,1998,6.08
202,1,22,450,1999,6.16
202,1,22,450,2000,6.32
202,1,22,450,2001,6.41
202,1,22,450,2002,6.51
202,1,22,450,2003,6.65
202,1,22,450,2004,6.82
202,1,22,450,2005,7.01
202,1,22,450,2006,7.13
202,1,22,450,2007,7.3
202,1,22,450,2008,7.41
202,1,22,450,2009,7.5
202,1,22,450,2010,7.65
202,1,22,450,2011,7.82
202,1,22,450,2012,7.99
202,1,22,450,2013,8.21
202,1,22,450,2014,8.45
202,1,22,450,2015,8.72
202,1,22,450,2016,8.97
202,2,22,450,1990,6.3
202,2,22,450,1991,6.39
202,2,22,450,1992,6.52
202,2,22,450,1993,6.7
202,2,22,450,1994,6.97
202,2,22,450,1995,7.27
202,2,22,450,1996,7.59
202,2,22,450,1997,8.17
202,2,22,450,1998,8.82
202,2,22,450,1999,9.5
202,2,22,450,2000,10.3
202,2,22,450,2001,10.87
202,2,22,450,2002,11.5
202,2,22,450,2003,12.08
202,2,22,450,2004,12.7
202,2,22,450,2005,13.35
202,2,22,450,2006,13.7
202,2,22,450,2007,14.11
202,2,22,450,2008,14.45
202,2,22,450,2009,14.79
202,2,22,450,2010,15.3
202,2,22,450,2011,15.68
202,2,22,450,2012,16.11
202,2,22,450,2013,16.57
202,2,22,450,2014,16.99
202,2,22,450,2015,17.4
202,2,22,450,2016,17.89
202,3,22,450,1990,11.18
202,3,22,450,1991,11.39
202,3,22,450,1992,11.64
202,3,22,450,1993,11.99
202,3,22,450,1994,12.34
202,3,22,450,1995,12.77
202,3,22,450,1996,13.25
202,3,22,450,1997,14.04
202,3,22,450,1998,14.9
202,3,22,450,1999,15.66
202,3,22,450,2000,16.63
202,3,22,450,2001,17.28
202,3,22,450,2002,18
202,3,22,450,2003,18.73
202,3,22,450,2004,19.53
202,3,22,450,2005,20.36
202,3,22,450,2006,20.83
202,3,22,450,2007,21.41
202,3,22,450,2008,21.86
202,3,22,450,2009,22.29
202,3,22,450,2010,22.94
202,3,22,450,2011,23.49
202,3,22,450,2012,24.11
202,3,22,450,2013,24.77
202,3,22,450,2014,25.44
202,3,22,450,2015,26.12
202,3,22,450,2016,26.87
203,1,22,450,1990,0.2
203,1,22,450,1991,0.2
203,1,22,450,1992,0.2
203,1,22,450,1993,0.21
203,1,22,450,1994,0.21
203,1,22,450,1995,0.21
203,1,22,450,1996,0.21
203,1,22,450,1997,0.21
203,1,22,450,1998,0.22
203,1,22,450,1999,0.22
203,1,22,450,2000,0.23
203,1,22,450,2001,0.24
203,1,22,450,2002,0.25
203,1,22,450,2003,0.27
203,1,22,450,2004,0.3
203,1,22,450,2005,0.32
203,1,22,450,2006,0.34
203,1,22,450,2007,0.36
203,1,22,450,2008,0.38
203,1,22,450,2009,0.4
203,1,22,450,2010,0.42
203,1,22,450,2011,0.44
203,1,22,450,2012,0.42
203,1,22,450,2013,0.44
203,1,22,450,2014,0.45
203,1,22,450,2015,0.47
203,1,22,450,2016,0.48
203,2,22,450,1990,0.43
203,2,22,450,1991,0.44
203,2,22,450,1992,0.45
203,2,22,450,1993,0.46
203,2,22,450,1994,0.47
203,2,22,450,1995,0.48
203,2,22,450,1996,0.49
203,2,22,450,1997,0.5
203,2,22,450,1998,0.52
203,2,22,450,1999,0.51
203,2,22,450,2000,0.52
203,2,22,450,2001,0.53
203,2,22,450,2002,0.54
203,2,22,450,2003,0.56
203,2,22,450,2004,0.57
203,2,22,450,2005,0.59
203,2,22,450,2006,0.61
203,2,22,450,2007,0.62
203,2,22,450,2008,0.63
203,2,22,450,2009,0.65
203,2,22,450,2010,0.67
203,2,22,450,2011,0.69
203,2,22,450,2012,0.62
203,2,22,450,2013,0.64
203,2,22,450,2014,0.66
203,2,22,450,2015,0.68
203,2,22,450,2016,0.7
203,3,22,450,1990,0.63
203,3,22,450,1991,0.64
203,3,22,450,1992,0.65
203,3,22,450,1993,0.67
203,3,22,450,1994,0.68
203,3,22,450,1995,0.69
203,3,22,450,1996,0.7
203,3,22,450,1997,0.72
203,3,22,450,1998,0.73
203,3,22,450,1999,0.73
203,3,22,450,2000,0.75
203,3,22,450,2001,0.77
203,3,22,450,2002,0.79
203,3,22,450,2003,0.83
203,3,22,450,2004,0.87
203,3,22,450,2005,0.91
203,3,22,450,2006,0.94
203,3,22,450,2007,0.97
203,3,22,450,2008,1.01
203,3,22,450,2009,1.05
203,3,22,450,2010,1.09
203,3,22,450,2011,1.13
203,3,22,450,2012,1.04
203,3,22,450,2013,1.08
203,3,22,450,2014,1.11
203,3,22,450,2015,1.14
203,3,22,450,2016,1.18
204,1,22,450,1990,1.73
204,1,22,450,1991,1.78
204,1,22,450,1992,1.84
204,1,22,450,1993,1.91
204,1,22,450,1994,2
204,1,22,450,1995,2.07
204,1,22,450,1996,2.17
204,1,22,450,1997,2.25
204,1,22,450,1998,2.31
204,1,22,450,1999,2.35
204,1,22,450,2000,2.37
204,1,22,450,2001,2.37
204,1,22,450,2002,2.4
204,1,22,450,2003,2.44
204,1,22,450,2004,2.54
204,1,22,450,2005,2.61
204,1,22,450,2006,2.68
204,1,22,450,2007,2.76
204,1,22,450,2008,2.87
204,1,22,450,2009,2.97
204,1,22,450,2010,3.09
204,1,22,450,2011,3.16
204,1,22,450,2012,3.24
204,1,22,450,2013,3.31
204,1,22,450,2014,3.41
204,1,22,450,2015,3.51
204,1,22,450,2016,3.63
204,2,22,450,1990,2.38
204,2,22,450,1991,2.44
204,2,22,450,1992,2.54
204,2,22,450,1993,2.66
204,2,22,450,1994,2.79
204,2,22,450,1995,2.94
204,2,22,450,1996,3.09
204,2,22,450,1997,3.27
204,2,22,450,1998,3.53
204,2,22,450,1999,3.77
204,2,22,450,2000,3.97
204,2,22,450,2001,4.19
204,2,22,450,2002,4.45
204,2,22,450,2003,4.74
204,2,22,450,2004,4.97
204,2,22,450,2005,5.12
204,2,22,450,2006,5.27
204,2,22,450,2007,5.48
204,2,22,450,2008,5.74
204,2,22,450,2009,5.97
204,2,22,450,2010,6.21
204,2,22,450,2011,6.37
204,2,22,450,2012,6.51
204,2,22,450,2013,6.65
204,2,22,450,2014,6.83
204,2,22,450,2015,7.03
204,2,22,450,2016,7.22
204,3,22,450,1990,4.11
204,3,22,450,1991,4.22
204,3,22,450,1992,4.38
204,3,22,450,1993,4.57
204,3,22,450,1994,4.79
204,3,22,450,1995,5.01
204,3,22,450,1996,5.26
204,3,22,450,1997,5.52
204,3,22,450,1998,5.85
204,3,22,450,1999,6.12
204,3,22,450,2000,6.34
204,3,22,450,2001,6.56
204,3,22,450,2002,6.86
204,3,22,450,2003,7.18
204,3,22,450,2004,7.51
204,3,22,450,2005,7.73
204,3,22,450,2006,7.96
204,3,22,450,2007,8.24
204,3,22,450,2008,8.6
204,3,22,450,2009,8.94
204,3,22,450,2010,9.29
204,3,22,450,2011,9.53
204,3,22,450,2012,9.76
204,3,22,450,2013,9.97
204,3,22,450,2014,10.24
204,3,22,450,2015,10.54
204,3,22,450,2016,10.85
205,1,22,450,1990,7.28
205,1,22,450,1991,7.6
205,1,22,450,1992,8.1
205,1,22,450,1993,8.6
205,1,22,450,1994,9.1
205,1,22,450,1995,9.72
205,1,22,450,1996,9.98
205,1,22,450,1997,10.12
205,1,22,450,1998,10.41
205,1,22,450,1999,10.66
205,1,22,450,2000,10.94
205,1,22,450,2001,11.17
205,1,22,450,2002,11.27
205,1,22,450,2003,11.37
205,1,22,450,2004,11.59
205,1,22,450,2005,11.6
205,1,22,450,2006,11.75
205,1,22,450,2007,11.77
205,1,22,450,2008,11.94
205,1,22,450,2009,12.15
205,1,22,450,2010,12.45
205,1,22,450,2011,12.66
205,1,22,450,2012,12.92
205,1,22,450,2013,13.21
205,1,22,450,2014,13.52
205,1,22,450,2015,13.88
205,1,22,450,2016,14.18
205,2,22,450,1990,10.43
205,2,22,450,1991,10.89
205,2,22,450,1992,11.36
205,2,22,450,1993,12.07
205,2,22,450,1994,12.42
205,2,22,450,1995,13.01
205,2,22,450,1996,13.4
205,2,22,450,1997,13.73
205,2,22,450,1998,14.17
205,2,22,450,1999,14.85
205,2,22,450,2000,15.42
205,2,22,450,2001,15.93
205,2,22,450,2002,16.08
205,2,22,450,2003,16.36
205,2,22,450,2004,16.38
205,2,22,450,2005,16.78
205,2,22,450,2006,17.16
205,2,22,450,2007,17.36
205,2,22,450,2008,17.62
205,2,22,450,2009,17.84
205,2,22,450,2010,18.25
205,2,22,450,2011,18.72
205,2,22,450,2012,19.04
205,2,22,450,2013,19.55
205,2,22,450,2014,19.85
205,2,22,450,2015,20.24
205,2,22,450,2016,20.69
205,3,22,450,1990,17.71
205,3,22,450,1991,18.49
205,3,22,450,1992,19.46
205,3,22,450,1993,20.67
205,3,22,450,1994,21.52
205,3,22,450,1995,22.73
205,3,22,450,1996,23.38
205,3,22,450,1997,23.85
205,3,22,450,1998,24.58
205,3,22,450,1999,25.5
205,3,22,450,2000,26.36
205,3,22,450,2001,27.1
205,3,22,450,2002,27.34
205,3,22,450,2003,27.73
205,3,22,450,2004,27.97
205,3,22,450,2005,28.38
205,3,22,450,2006,28.9
205,3,22,450,2007,29.12
205,3,22,450,2008,29.56
205,3,22,450,2009,29.99
205,3,22,450,2010,30.7
205,3,22,450,2011,31.38
205,3,22,450,2012,31.96
205,3,22,450,2013,32.76
205,3,22,450,2014,33.37
205,3,22,450,2015,34.11
205,3,22,450,2016,34.87
206,1,22,450,1990,0.23
206,1,22,450,1991,0.25
206,1,22,450,1992,0.28
206,1,22,450,1993,0.28
206,1,22,450,1994,0.29
206,1,22,450,1995,0.3
206,1,22,450,1996,0.3
206,1,22,450,1997,0.31
206,1,22,450,1998,0.32
206,1,22,450,1999,0.33
206,1,22,450,2000,0.35
206,1,22,450,2001,0.36
206,1,22,450,2002,0.37
206,1,22,450,2003,0.38
206,1,22,450,2004,0.39
206,1,22,450,2005,0.41
206,1,22,450,2006,0.42
206,1,22,450,2007,0.43
206,1,22,450,2008,0.44
206,1,22,450,2009,0.46
206,1,22,450,2010,0.47
206,1,22,450,2011,0.49
206,1,22,450,2012,0.5
206,1,22,450,2013,0.51
206,1,22,450,2014,0.53
206,1,22,450,2015,0.54
206,1,22,450,2016,0.56
206,2,22,450,1990,0.58
206,2,22,450,1991,0.6
206,2,22,450,1992,0.63
206,2,22,450,1993,0.65
206,2,22,450,1994,0.67
206,2,22,450,1995,0.69
206,2,22,450,1996,0.72
206,2,22,450,1997,0.73
206,2,22,450,1998,0.75
206,2,22,450,1999,0.78
206,2,22,450,2000,0.8
206,2,22,450,2001,0.81
206,2,22,450,2002,0.85
206,2,22,450,2003,0.85
206,2,22,450,2004,0.87
206,2,22,450,2005,0.9
206,2,22,450,2006,0.93
206,2,22,450,2007,0.97
206,2,22,450,2008,1
206,2,22,450,2009,1.04
206,2,22,450,2010,1.06
206,2,22,450,2011,1.09
206,2,22,450,2012,1.12
206,2,22,450,2013,1.16
206,2,22,450,2014,1.19
206,2,22,450,2015,1.23
206,2,22,450,2016,1.27
206,3,22,450,1990,0.81
206,3,22,450,1991,0.85
206,3,22,450,1992,0.9
206,3,22,450,1993,0.93
206,3,22,450,1994,0.96
206,3,22,450,1995,0.99
206,3,22,450,1996,1.02
206,3,22,450,1997,1.05
206,3,22,450,1998,1.08
206,3,22,450,1999,1.11
206,3,22,450,2000,1.15
206,3,22,450,2001,1.17
206,3,22,450,2002,1.22
206,3,22,450,2003,1.23
206,3,22,450,2004,1.26
206,3,22,450,2005,1.31
206,3,22,450,2006,1.35
206,3,22,450,2007,1.4
206,3,22,450,2008,1.44
206,3,22,450,2009,1.5
206,3,22,450,2010,1.54
206,3,22,450,2011,1.57
206,3,22,450,2012,1.62
206,3,22,450,2013,1.67
206,3,22,450,2014,1.72
206,3,22,450,2015,1.77
206,3,22,450,2016,1.83
207,1,22,450,1990,3.04
207,1,22,450,1991,3.19
207,1,22,450,1992,3.35
207,1,22,450,1993,3.45
207,1,22,450,1994,3.61
207,1,22,450,1995,3.76
207,1,22,450,1996,3.88
207,1,22,450,1997,4.12
207,1,22,450,1998,4.25
207,1,22,450,1999,4.43
207,1,22,450,2000,4.61
207,1,22,450,2001,4.62
207,1,22,450,2002,4.63
207,1,22,450,2003,4.63
207,1,22,450,2004,4.62
207,1,22,450,2005,4.63
207,1,22,450,2006,4.65
207,1,22,450,2007,4.67
207,1,22,450,2008,4.85
207,1,22,450,2009,5.01
207,1,22,450,2010,5.2
207,1,22,450,2011,5.36
207,1,22,450,2012,5.56
207,1,22,450,2013,5.77
207,1,22,450,2014,6
207,1,22,450,2015,6.21
207,1,22,450,2016,6.41
207,2,22,450,1990,13.01
207,2,22,450,1991,13.48
207,2,22,450,1992,13.99
207,2,22,450,1993,14.13
207,2,22,450,1994,14.4
207,2,22,450,1995,14.88
207,2,22,450,1996,15.45
207,2,22,450,1997,15.93
207,2,22,450,1998,16.01
207,2,22,450,1999,16.36
207,2,22,450,2000,16.93
207,2,22,450,2001,17.7
207,2,22,450,2002,18.31
207,2,22,450,2003,18.96
207,2,22,450,2004,19.5
207,2,22,450,2005,20.31
207,2,22,450,2006,21.11
207,2,22,450,2007,22.26
207,2,22,450,2008,23.28
207,2,22,450,2009,24.31
207,2,22,450,2010,25.44
207,2,22,450,2011,26.02
207,2,22,450,2012,26.32
207,2,22,450,2013,26.74
207,2,22,450,2014,27.15
207,2,22,450,2015,27.79
207,2,22,450,2016,28.35
207,3,22,450,1990,16.05
207,3,22,450,1991,16.67
207,3,22,450,1992,17.33
207,3,22,450,1993,17.58
207,3,22,450,1994,18.01
207,3,22,450,1995,18.65
207,3,22,450,1996,19.34
207,3,22,450,1997,20.05
207,3,22,450,1998,20.26
207,3,22,450,1999,20.79
207,3,22,450,2000,21.53
207,3,22,450,2001,22.32
207,3,22,450,2002,22.94
207,3,22,450,2003,23.59
207,3,22,450,2004,24.12
207,3,22,450,2005,24.95
207,3,22,450,2006,25.76
207,3,22,450,2007,26.93
207,3,22,450,2008,28.13
207,3,22,450,2009,29.32
207,3,22,450,2010,30.64
207,3,22,450,2011,31.38
207,3,22,450,2012,31.88
207,3,22,450,2013,32.52
207,3,22,450,2014,33.15
207,3,22,450,2015,34.01
207,3,22,450,2016,34.75
208,1,22,450,1990,2.3
208,1,22,450,1991,2.44
208,1,22,450,1992,2.61
208,1,22,450,1993,2.79
208,1,22,450,1994,2.99
208,1,22,450,1995,3.17
208,1,22,450,1996,3.28
208,1,22,450,1997,3.39
208,1,22,450,1998,3.49
208,1,22,450,1999,3.58
208,1,22,450,2000,3.64
208,1,22,450,2001,3.68
208,1,22,450,2002,3.76
208,1,22,450,2003,3.77
208,1,22,450,2004,3.81
208,1,22,450,2005,3.87
208,1,22,450,2006,3.95
208,1,22,450,2007,4.06
208,1,22,450,2008,4.19
208,1,22,450,2009,4.34
208,1,22,450,2010,4.52
208,1,22,450,2011,4.63
208,1,22,450,2012,4.77
208,1,22,450,2013,4.9
208,1,22,450,2014,5.06
208,1,22,450,2015,5.22
208,1,22,450,2016,5.37
208,2,22,450,1990,8.83
208,2,22,450,1991,9.31
208,2,22,450,1992,9.87
208,2,22,450,1993,10.36
208,2,22,450,1994,10.95
208,2,22,450,1995,11.27
208,2,22,450,1996,11.58
208,2,22,450,1997,11.75
208,2,22,450,1998,12.04
208,2,22,450,1999,12.28
208,2,22,450,2000,12.44
208,2,22,450,2001,12.59
208,2,22,450,2002,12.78
208,2,22,450,2003,12.77
208,2,22,450,2004,12.86
208,2,22,450,2005,12.99
208,2,22,450,2006,13.3
208,2,22,450,2007,13.59
208,2,22,450,2008,13.87
208,2,22,450,2009,14.26
208,2,22,450,2010,14.66
208,2,22,450,2011,14.99
208,2,22,450,2012,15.28
208,2,22,450,2013,15.68
208,2,22,450,2014,16.04
208,2,22,450,2015,16.45
208,2,22,450,2016,16.8
208,3,22,450,1990,11.13
208,3,22,450,1991,11.75
208,3,22,450,1992,12.48
208,3,22,450,1993,13.15
208,3,22,450,1994,13.94
208,3,22,450,1995,14.44
208,3,22,450,1996,14.86
208,3,22,450,1997,15.14
208,3,22,450,1998,15.54
208,3,22,450,1999,15.86
208,3,22,450,2000,16.08
208,3,22,450,2001,16.27
208,3,22,450,2002,16.54
208,3,22,450,2003,16.54
208,3,22,450,2004,16.67
208,3,22,450,2005,16.86
208,3,22,450,2006,17.26
208,3,22,450,2007,17.64
208,3,22,450,2008,18.06
208,3,22,450,2009,18.6
208,3,22,450,2010,19.17
208,3,22,450,2011,19.62
208,3,22,450,2012,20.05
208,3,22,450,2013,20.59
208,3,22,450,2014,21.1
208,3,22,450,2015,21.67
208,3,22,450,2016,22.18
209,1,22,450,1990,0.49
209,1,22,450,1991,0.5
209,1,22,450,1992,0.5
209,1,22,450,1993,0.51
209,1,22,450,1994,0.52
209,1,22,450,1995,0.54
209,1,22,450,1996,0.55
209,1,22,450,1997,0.56
209,1,22,450,1998,0.56
209,1,22,450,1999,0.57
209,1,22,450,2000,0.56
209,1,22,450,2001,0.56
209,1,22,450,2002,0.56
209,1,22,450,2003,0.57
209,1,22,450,2004,0.59
209,1,22,450,2005,0.6
209,1,22,450,2006,0.6
209,1,22,450,2007,0.61
209,1,22,450,2008,0.62
209,1,22,450,2009,0.64
209,1,22,450,2010,0.66
209,1,22,450,2011,0.68
209,1,22,450,2012,0.69
209,1,22,450,2013,0.71
209,1,22,450,2014,0.72
209,1,22,450,2015,0.74
209,1,22,450,2016,0.76
209,2,22,450,1990,0.62
209,2,22,450,1991,0.64
209,2,22,450,1992,0.65
209,2,22,450,1993,0.68
209,2,22,450,1994,0.7
209,2,22,450,1995,0.73
209,2,22,450,1996,0.75
209,2,22,450,1997,0.79
209,2,22,450,1998,0.83
209,2,22,450,1999,0.88
209,2,22,450,2000,0.93
209,2,22,450,2001,0.96
209,2,22,450,2002,1
209,2,22,450,2003,1.04
209,2,22,450,2004,1.09
209,2,22,450,2005,1.11
209,2,22,450,2006,1.15
209,2,22,450,2007,1.18
209,2,22,450,2008,1.21
209,2,22,450,2009,1.25
209,2,22,450,2010,1.28
209,2,22,450,2011,1.3
209,2,22,450,2012,1.34
209,2,22,450,2013,1.37
209,2,22,450,2014,1.41
209,2,22,450,2015,1.44
209,2,22,450,2016,1.48
209,3,22,450,1990,1.11
209,3,22,450,1991,1.13
209,3,22,450,1992,1.16
209,3,22,450,1993,1.19
209,3,22,450,1994,1.22
209,3,22,450,1995,1.26
209,3,22,450,1996,1.3
209,3,22,450,1997,1.34
209,3,22,450,1998,1.4
209,3,22,450,1999,1.45
209,3,22,450,2000,1.5
209,3,22,450,2001,1.52
209,3,22,450,2002,1.57
209,3,22,450,2003,1.61
209,3,22,450,2004,1.67
209,3,22,450,2005,1.7
209,3,22,450,2006,1.75
209,3,22,450,2007,1.79
209,3,22,450,2008,1.84
209,3,22,450,2009,1.9
209,3,22,450,2010,1.94
209,3,22,450,2011,1.97
209,3,22,450,2012,2.03
209,3,22,450,2013,2.08
209,3,22,450,2014,2.13
209,3,22,450,2015,2.18
209,3,22,450,2016,2.24
210,1,22,450,1990,0.63
210,1,22,450,1991,0.62
210,1,22,450,1992,0.6
210,1,22,450,1993,0.58
210,1,22,450,1994,0.58
210,1,22,450,1995,0.58
210,1,22,450,1996,0.6
210,1,22,450,1997,0.63
210,1,22,450,1998,0.68
210,1,22,450,1999,0.7
210,1,22,450,2000,0.75
210,1,22,450,2001,0.76
210,1,22,450,2002,0.78
210,1,22,450,2003,0.78
210,1,22,450,2004,0.78
210,1,22,450,2005,0.79
210,1,22,450,2006,0.83
210,1,22,450,2007,0.86
210,1,22,450,2008,0.89
210,1,22,450,2009,0.93
210,1,22,450,2010,0.98
210,1,22,450,2011,1.01
210,1,22,450,2012,1.04
210,1,22,450,2013,1.07
210,1,22,450,2014,1.11
210,1,22,450,2015,1.14
210,1,22,450,2016,1.18
210,2,22,450,1990,1.03
210,2,22,450,1991,1.04
210,2,22,450,1992,1.04
210,2,22,450,1993,1.04
210,2,22,450,1994,1.08
210,2,22,450,1995,1.13
210,2,22,450,1996,1.21
210,2,22,450,1997,1.32
210,2,22,450,1998,1.44
210,2,22,450,1999,1.56
210,2,22,450,2000,1.7
210,2,22,450,2001,1.77
210,2,22,450,2002,1.88
210,2,22,450,2003,1.92
210,2,22,450,2004,1.99
210,2,22,450,2005,2.06
210,2,22,450,2006,2.14
210,2,22,450,2007,2.25
210,2,22,450,2008,2.35
210,2,22,450,2009,2.46
210,2,22,450,2010,2.57
210,2,22,450,2011,2.64
210,2,22,450,2012,2.7
210,2,22,450,2013,2.77
210,2,22,450,2014,2.85
210,2,22,450,2015,2.92
210,2,22,450,2016,3.01
210,3,22,450,1990,1.67
210,3,22,450,1991,1.66
210,3,22,450,1992,1.64
210,3,22,450,1993,1.62
210,3,22,450,1994,1.66
210,3,22,450,1995,1.71
210,3,22,450,1996,1.82
210,3,22,450,1997,1.95
210,3,22,450,1998,2.12
210,3,22,450,1999,2.26
210,3,22,450,2000,2.45
210,3,22,450,2001,2.53
210,3,22,450,2002,2.66
210,3,22,450,2003,2.7
210,3,22,450,2004,2.76
210,3,22,450,2005,2.86
210,3,22,450,2006,2.96
210,3,22,450,2007,3.11
210,3,22,450,2008,3.25
210,3,22,450,2009,3.39
210,3,22,450,2010,3.55
210,3,22,450,2011,3.65
210,3,22,450,2012,3.74
210,3,22,450,2013,3.84
210,3,22,450,2014,3.96
210,3,22,450,2015,4.07
210,3,22,450,2016,4.2
211,1,22,450,1990,3.11
211,1,22,450,1991,3.1
211,1,22,450,1992,3.2
211,1,22,450,1993,3.33
211,1,22,450,1994,3.5
211,1,22,450,1995,3.7
211,1,22,450,1996,3.68
211,1,22,450,1997,3.65
211,1,22,450,1998,3.64
211,1,22,450,1999,3.62
211,1,22,450,2000,3.66
211,1,22,450,2001,3.69
211,1,22,450,2002,3.76
211,1,22,450,2003,3.8
211,1,22,450,2004,3.89
211,1,22,450,2005,4
211,1,22,450,2006,4.08
211,1,22,450,2007,4.22
211,1,22,450,2008,4.35
211,1,22,450,2009,4.52
211,1,22,450,2010,4.7
211,1,22,450,2011,4.79
211,1,22,450,2012,4.92
211,1,22,450,2013,5.04
211,1,22,450,2014,5.18
211,1,22,450,2015,5.34
211,1,22,450,2016,5.53
211,2,22,450,1990,1.09
211,2,22,450,1991,1.08
211,2,22,450,1992,1.09
211,2,22,450,1993,1.09
211,2,22,450,1994,1.1
211,2,22,450,1995,1.14
211,2,22,450,1996,1.14
211,2,22,450,1997,1.14
211,2,22,450,1998,1.13
211,2,22,450,1999,1.13
211,2,22,450,2000,1.14
211,2,22,450,2001,1.14
211,2,22,450,2002,1.14
211,2,22,450,2003,1.13
211,2,22,450,2004,1.14
211,2,22,450,2005,1.15
211,2,22,450,2006,1.16
211,2,22,450,2007,1.17
211,2,22,450,2008,1.18
211,2,22,450,2009,1.19
211,2,22,450,2010,1.22
211,2,22,450,2011,1.25
211,2,22,450,2012,1.27
211,2,22,450,2013,1.3
211,2,22,450,2014,1.34
211,2,22,450,2015,1.37
211,2,22,450,2016,1.41
211,3,22,450,1990,4.19
211,3,22,450,1991,4.18
211,3,22,450,1992,4.29
211,3,22,450,1993,4.41
211,3,22,450,1994,4.6
211,3,22,450,1995,4.83
211,3,22,450,1996,4.81
211,3,22,450,1997,4.79
211,3,22,450,1998,4.77
211,3,22,450,1999,4.75
211,3,22,450,2000,4.81
211,3,22,450,2001,4.83
211,3,22,450,2002,4.9
211,3,22,450,2003,4.93
211,3,22,450,2004,5.03
211,3,22,450,2005,5.15
211,3,22,450,2006,5.24
211,3,22,450,2007,5.38
211,3,22,450,2008,5.53
211,3,22,450,2009,5.71
211,3,22,450,2010,5.92
211,3,22,450,2011,6.04
211,3,22,450,2012,6.19
211,3,22,450,2013,6.34
211,3,22,450,2014,6.51
211,3,22,450,2015,6.72
211,3,22,450,2016,6.94
212,1,22,450,1990,0.6
212,1,22,450,1991,0.6
212,1,22,450,1992,0.61
212,1,22,450,1993,0.62
212,1,22,450,1994,0.64
212,1,22,450,1995,0.65
212,1,22,450,1996,0.66
212,1,22,450,1997,0.66
212,1,22,450,1998,0.66
212,1,22,450,1999,0.65
212,1,22,450,2000,0.64
212,1,22,450,2001,0.64
212,1,22,450,2002,0.64
212,1,22,450,2003,0.64
212,1,22,450,2004,0.66
212,1,22,450,2005,0.67
212,1,22,450,2006,0.69
212,1,22,450,2007,0.71
212,1,22,450,2008,0.74
212,1,22,450,2009,0.76
212,1,22,450,2010,0.79
212,1,22,450,2011,0.82
212,1,22,450,2012,0.86
212,1,22,450,2013,0.9
212,1,22,450,2014,0.94
212,1,22,450,2015,0.98
212,1,22,450,2016,1.03
212,2,22,450,1990,0.8
212,2,22,450,1991,0.82
212,2,22,450,1992,0.85
212,2,22,450,1993,0.88
212,2,22,450,1994,0.92
212,2,22,450,1995,0.96
212,2,22,450,1996,1.01
212,2,22,450,1997,1.05
212,2,22,450,1998,1.12
212,2,22,450,1999,1.19
212,2,22,450,2000,1.25
212,2,22,450,2001,1.33
212,2,22,450,2002,1.38
212,2,22,450,2003,1.43
212,2,22,450,2004,1.5
212,2,22,450,2005,1.55
212,2,22,450,2006,1.6
212,2,22,450,2007,1.65
212,2,22,450,2008,1.71
212,2,22,450,2009,1.78
212,2,22,450,2010,1.84
212,2,22,450,2011,1.9
212,2,22,450,2012,1.96
212,2,22,450,2013,2.03
212,2,22,450,2014,2.1
212,2,22,450,2015,2.17
212,2,22,450,2016,2.24
212,3,22,450,1990,1.4
212,3,22,450,1991,1.42
212,3,22,450,1992,1.46
212,3,22,450,1993,1.5
212,3,22,450,1994,1.56
212,3,22,450,1995,1.61
212,3,22,450,1996,1.67
212,3,22,450,1997,1.72
212,3,22,450,1998,1.78
212,3,22,450,1999,1.83
212,3,22,450,2000,1.89
212,3,22,450,2001,1.97
212,3,22,450,2002,2.02
212,3,22,450,2003,2.08
212,3,22,450,2004,2.16
212,3,22,450,2005,2.22
212,3,22,450,2006,2.29
212,3,22,450,2007,2.36
212,3,22,450,2008,2.45
212,3,22,450,2009,2.54
212,3,22,450,2010,2.63
212,3,22,450,2011,2.72
212,3,22,450,2012,2.82
212,3,22,450,2013,2.92
212,3,22,450,2014,3.03
212,3,22,450,2015,3.15
212,3,22,450,2016,3.27
213,1,22,450,1990,1.7
213,1,22,450,1991,1.68
213,1,22,450,1992,1.73
213,1,22,450,1993,1.79
213,1,22,450,1994,1.84
213,1,22,450,1995,1.94
213,1,22,450,1996,1.97
213,1,22,450,1997,2.05
213,1,22,450,1998,2.14
213,1,22,450,1999,2.2
213,1,22,450,2000,2.25
213,1,22,450,2001,2.31
213,1,22,450,2002,2.35
213,1,22,450,2003,2.44
213,1,22,450,2004,2.51
213,1,22,450,2005,2.62
213,1,22,450,2006,2.72
213,1,22,450,2007,2.82
213,1,22,450,2008,2.92
213,1,22,450,2009,3.05
213,1,22,450,2010,3.21
213,1,22,450,2011,3.33
213,1,22,450,2012,3.48
213,1,22,450,2013,3.63
213,1,22,450,2014,3.79
213,1,22,450,2015,3.96
213,1,22,450,2016,4.13
213,2,22,450,1990,2.6
213,2,22,450,1991,2.69
213,2,22,450,1992,2.84
213,2,22,450,1993,2.99
213,2,22,450,1994,3.15
213,2,22,450,1995,3.35
213,2,22,450,1996,3.47
213,2,22,450,1997,3.69
213,2,22,450,1998,3.94
213,2,22,450,1999,4.18
213,2,22,450,2000,4.44
213,2,22,450,2001,4.72
213,2,22,450,2002,4.91
213,2,22,450,2003,5.12
213,2,22,450,2004,5.34
213,2,22,450,2005,5.57
213,2,22,450,2006,5.82
213,2,22,450,2007,6.03
213,2,22,450,2008,6.27
213,2,22,450,2009,6.52
213,2,22,450,2010,6.77
213,2,22,450,2011,7.04
213,2,22,450,2012,7.33
213,2,22,450,2013,7.64
213,2,22,450,2014,7.95
213,2,22,450,2015,8.3
213,2,22,450,2016,8.66
213,3,22,450,1990,4.3
213,3,22,450,1991,4.37
213,3,22,450,1992,4.57
213,3,22,450,1993,4.77
213,3,22,450,1994,4.99
213,3,22,450,1995,5.29
213,3,22,450,1996,5.45
213,3,22,450,1997,5.75
213,3,22,450,1998,6.08
213,3,22,450,1999,6.37
213,3,22,450,2000,6.69
213,3,22,450,2001,7.03
213,3,22,450,2002,7.27
213,3,22,450,2003,7.56
213,3,22,450,2004,7.86
213,3,22,450,2005,8.19
213,3,22,450,2006,8.54
213,3,22,450,2007,8.85
213,3,22,450,2008,9.19
213,3,22,450,2009,9.57
213,3,22,450,2010,9.98
213,3,22,450,2011,10.37
213,3,22,450,2012,10.81
213,3,22,450,2013,11.27
213,3,22,450,2014,11.75
213,3,22,450,2015,12.26
213,3,22,450,2016,12.79
214,1,22,450,1990,19.39
214,1,22,450,1991,19.86
214,1,22,450,1992,20.43
214,1,22,450,1993,21.01
214,1,22,450,1994,21.2
214,1,22,450,1995,21.84
214,1,22,450,1996,22.48
214,1,22,450,1997,23.08
214,1,22,450,1998,23.82
214,1,22,450,1999,24.13
214,1,22,450,2000,24.83
214,1,22,450,2001,25.23
214,1,22,450,2002,26.05
214,1,22,450,2003,26.45
214,1,22,450,2004,26.97
214,1,22,450,2005,27.57
214,1,22,450,2006,28.26
214,1,22,450,2007,28.84
214,1,22,450,2008,29.42
214,1,22,450,2009,30.26
214,1,22,450,2010,31.08
214,1,22,450,2011,31.86
214,1,22,450,2012,32.59
214,1,22,450,2013,33.53
214,1,22,450,2014,34.51
214,1,22,450,2015,35.56
214,1,22,450,2016,36.6
214,2,22,450,1990,38.61
214,2,22,450,1991,40.07
214,2,22,450,1992,41.68
214,2,22,450,1993,43.45
214,2,22,450,1994,45.01
214,2,22,450,1995,47.43
214,2,22,450,1996,49.7
214,2,22,450,1997,52.3
214,2,22,450,1998,55.06
214,2,22,450,1999,57.24
214,2,22,450,2000,59.83
214,2,22,450,2001,61.7
214,2,22,450,2002,65.13
214,2,22,450,2003,66.21
214,2,22,450,2004,67.72
214,2,22,450,2005,68.53
214,2,22,450,2006,69.41
214,2,22,450,2007,70.68
214,2,22,450,2008,70.45
214,2,22,450,2009,71.03
214,2,22,450,2010,71.36
214,2,22,450,2011,71.48
214,2,22,450,2012,72.57
214,2,22,450,2013,74.2
214,2,22,450,2014,76.19
214,2,22,450,2015,78.9
214,2,22,450,2016,81.59
214,3,22,450,1990,58
214,3,22,450,1991,59.93
214,3,22,450,1992,62.11
214,3,22,450,1993,64.47
214,3,22,450,1994,66.22
214,3,22,450,1995,69.27
214,3,22,450,1996,72.18
214,3,22,450,1997,75.38
214,3,22,450,1998,78.88
214,3,22,450,1999,81.37
214,3,22,450,2000,84.66
214,3,22,450,2001,86.93
214,3,22,450,2002,91.18
214,3,22,450,2003,92.67
214,3,22,450,2004,94.69
214,3,22,450,2005,96.11
214,3,22,450,2006,97.67
214,3,22,450,2007,99.51
214,3,22,450,2008,99.87
214,3,22,450,2009,101.28
214,3,22,450,2010,102.43
214,3,22,450,2011,103.34
214,3,22,450,2012,105.16
214,3,22,450,2013,107.74
214,3,22,450,2014,110.7
214,3,22,450,2015,114.47
214,3,22,450,2016,118.2
215,1,22,450,1990,0.03
215,1,22,450,1991,0.03
215,1,22,450,1992,0.03
215,1,22,450,1993,0.03
215,1,22,450,1994,0.03
215,1,22,450,1995,0.03
215,1,22,450,1996,0.03
215,1,22,450,1997,0.03
215,1,22,450,1998,0.03
215,1,22,450,1999,0.03
215,1,22,450,2000,0.03
215,1,22,450,2001,0.03
215,1,22,450,2002,0.03
215,1,22,450,2003,0.03
215,1,22,450,2004,0.03
215,1,22,450,2005,0.03
215,1,22,450,2006,0.03
215,1,22,450,2007,0.03
215,1,22,450,2008,0.03
215,1,22,450,2009,0.03
215,1,22,450,2010,0.03
215,1,22,450,2011,0.03
215,1,22,450,2012,0.03
215,1,22,450,2013,0.03
215,1,22,450,2014,0.03
215,1,22,450,2015,0.04
215,1,22,450,2016,0.04
215,2,22,450,1990,0.05
215,2,22,450,1991,0.05
215,2,22,450,1992,0.06
215,2,22,450,1993,0.06
215,2,22,450,1994,0.06
215,2,22,450,1995,0.06
215,2,22,450,1996,0.07
215,2,22,450,1997,0.07
215,2,22,450,1998,0.07
215,2,22,450,1999,0.07
215,2,22,450,2000,0.08
215,2,22,450,2001,0.08
215,2,22,450,2002,0.08
215,2,22,450,2003,0.08
215,2,22,450,2004,0.08
215,2,22,450,2005,0.08
215,2,22,450,2006,0.08
215,2,22,450,2007,0.08
215,2,22,450,2008,0.08
215,2,22,450,2009,0.08
215,2,22,450,2010,0.08
215,2,22,450,2011,0.08
215,2,22,450,2012,0.08
215,2,22,450,2013,0.08
215,2,22,450,2014,0.08
215,2,22,450,2015,0.08
215,2,22,450,2016,0.09
215,3,22,450,1990,0.08
215,3,22,450,1991,0.08
215,3,22,450,1992,0.08
215,3,22,450,1993,0.09
215,3,22,450,1994,0.09
215,3,22,450,1995,0.09
215,3,22,450,1996,0.1
215,3,22,450,1997,0.1
215,3,22,450,1998,0.1
215,3,22,450,1999,0.1
215,3,22,450,2000,0.11
215,3,22,450,2001,0.11
215,3,22,450,2002,0.11
215,3,22,450,2003,0.11
215,3,22,450,2004,0.11
215,3,22,450,2005,0.11
215,3,22,450,2006,0.11
215,3,22,450,2007,0.11
215,3,22,450,2008,0.11
215,3,22,450,2009,0.11
215,3,22,450,2010,0.11
215,3,22,450,2011,0.11
215,3,22,450,2012,0.12
215,3,22,450,2013,0.12
215,3,22,450,2014,0.12
215,3,22,450,2015,0.12
215,3,22,450,2016,0.12
216,1,22,450,1990,2.27
216,1,22,450,1991,2.31
216,1,22,450,1992,2.38
216,1,22,450,1993,2.45
216,1,22,450,1994,2.55
216,1,22,450,1995,2.58
216,1,22,450,1996,2.61
216,1,22,450,1997,2.66
216,1,22,450,1998,2.69
216,1,22,450,1999,2.7
216,1,22,450,2000,2.68
216,1,22,450,2001,2.68
216,1,22,450,2002,2.68
216,1,22,450,2003,2.69
216,1,22,450,2004,2.72
216,1,22,450,2005,2.77
216,1,22,450,2006,2.82
216,1,22,450,2007,2.87
216,1,22,450,2008,2.93
216,1,22,450,2009,3
216,1,22,450,2010,3.07
216,1,22,450,2011,3.14
216,1,22,450,2012,3.22
216,1,22,450,2013,3.3
216,1,22,450,2014,3.4
216,1,22,450,2015,3.51
216,1,22,450,2016,3.62
216,2,22,450,1990,2.63
216,2,22,450,1991,2.73
216,2,22,450,1992,2.85
216,2,22,450,1993,2.96
216,2,22,450,1994,3.15
216,2,22,450,1995,3.27
216,2,22,450,1996,3.44
216,2,22,450,1997,3.64
216,2,22,450,1998,3.91
216,2,22,450,1999,4.22
216,2,22,450,2000,4.46
216,2,22,450,2001,4.72
216,2,22,450,2002,4.93
216,2,22,450,2003,5.15
216,2,22,450,2004,5.42
216,2,22,450,2005,5.68
216,2,22,450,2006,5.92
216,2,22,450,2007,6.16
216,2,22,450,2008,6.44
216,2,22,450,2009,6.71
216,2,22,450,2010,6.96
216,2,22,450,2011,7.22
216,2,22,450,2012,7.48
216,2,22,450,2013,7.74
216,2,22,450,2014,8.01
216,2,22,450,2015,8.3
216,2,22,450,2016,8.58
216,3,22,450,1990,4.9
216,3,22,450,1991,5.04
216,3,22,450,1992,5.24
216,3,22,450,1993,5.41
216,3,22,450,1994,5.71
216,3,22,450,1995,5.86
216,3,22,450,1996,6.06
216,3,22,450,1997,6.3
216,3,22,450,1998,6.59
216,3,22,450,1999,6.92
216,3,22,450,2000,7.14
216,3,22,450,2001,7.4
216,3,22,450,2002,7.61
216,3,22,450,2003,7.85
216,3,22,450,2004,8.15
216,3,22,450,2005,8.45
216,3,22,450,2006,8.73
216,3,22,450,2007,9.03
216,3,22,450,2008,9.37
216,3,22,450,2009,9.7
216,3,22,450,2010,10.03
216,3,22,450,2011,10.36
216,3,22,450,2012,10.7
216,3,22,450,2013,11.04
216,3,22,450,2014,11.41
216,3,22,450,2015,11.81
216,3,22,450,2016,12.19
217,1,22,450,1990,1.56
217,1,22,450,1991,1.55
217,1,22,450,1992,1.54
217,1,22,450,1993,1.52
217,1,22,450,1994,1.5
217,1,22,450,1995,1.51
217,1,22,450,1996,1.5
217,1,22,450,1997,1.54
217,1,22,450,1998,1.52
217,1,22,450,1999,1.5
217,1,22,450,2000,1.49
217,1,22,450,2001,1.52
217,1,22,450,2002,1.59
217,1,22,450,2003,1.65
217,1,22,450,2004,1.7
217,1,22,450,2005,1.77
217,1,22,450,2006,1.8
217,1,22,450,2007,1.83
217,1,22,450,2008,1.86
217,1,22,450,2009,1.87
217,1,22,450,2010,1.9
217,1,22,450,2011,1.93
217,1,22,450,2012,1.96
217,1,22,450,2013,2.01
217,1,22,450,2014,2.05
217,1,22,450,2015,2.09
217,1,22,450,2016,2.14
217,2,22,450,1990,1.87
217,2,22,450,1991,1.88
217,2,22,450,1992,1.89
217,2,22,450,1993,1.9
217,2,22,450,1994,1.95
217,2,22,450,1995,2.03
217,2,22,450,1996,2.11
217,2,22,450,1997,2.28
217,2,22,450,1998,2.41
217,2,22,450,1999,2.59
217,2,22,450,2000,2.76
217,2,22,450,2001,2.99
217,2,22,450,2002,3.31
217,2,22,450,2003,3.56
217,2,22,450,2004,3.82
217,2,22,450,2005,4.06
217,2,22,450,2006,4.23
217,2,22,450,2007,4.42
217,2,22,450,2008,4.54
217,2,22,450,2009,4.66
217,2,22,450,2010,4.77
217,2,22,450,2011,4.83
217,2,22,450,2012,4.89
217,2,22,450,2013,4.93
217,2,22,450,2014,4.99
217,2,22,450,2015,5.08
217,2,22,450,2016,5.19
217,3,22,450,1990,3.42
217,3,22,450,1991,3.43
217,3,22,450,1992,3.43
217,3,22,450,1993,3.43
217,3,22,450,1994,3.45
217,3,22,450,1995,3.54
217,3,22,450,1996,3.61
217,3,22,450,1997,3.83
217,3,22,450,1998,3.94
217,3,22,450,1999,4.09
217,3,22,450,2000,4.25
217,3,22,450,2001,4.51
217,3,22,450,2002,4.9
217,3,22,450,2003,5.22
217,3,22,450,2004,5.52
217,3,22,450,2005,5.83
217,3,22,450,2006,6.03
217,3,22,450,2007,6.25
217,3,22,450,2008,6.4
217,3,22,450,2009,6.53
217,3,22,450,2010,6.67
217,3,22,450,2011,6.76
217,3,22,450,2012,6.84
217,3,22,450,2013,6.94
217,3,22,450,2014,7.05
217,3,22,450,2015,7.17
217,3,22,450,2016,7.33
218,1,22,450,1990,1.12
218,1,22,450,1991,1.14
218,1,22,450,1992,1.17
218,1,22,450,1993,1.2
218,1,22,450,1994,1.25
218,1,22,450,1995,1.29
218,1,22,450,1996,1.34
218,1,22,450,1997,1.39
218,1,22,450,1998,1.45
218,1,22,450,1999,1.43
218,1,22,450,2000,1.44
218,1,22,450,2001,1.46
218,1,22,450,2002,1.47
218,1,22,450,2003,1.54
218,1,22,450,2004,1.55
218,1,22,450,2005,1.59
218,1,22,450,2006,1.62
218,1,22,450,2007,1.67
218,1,22,450,2008,1.75
218,1,22,450,2009,1.78
218,1,22,450,2010,1.83
218,1,22,450,2011,1.86
218,1,22,450,2012,1.91
218,1,22,450,2013,1.97
218,1,22,450,2014,2.03
218,1,22,450,2015,2.1
218,1,22,450,2016,2.17
218,2,22,450,1990,1.55
218,2,22,450,1991,1.58
218,2,22,450,1992,1.62
218,2,22,450,1993,1.66
218,2,22,450,1994,1.72
218,2,22,450,1995,1.77
218,2,22,450,1996,1.84
218,2,22,450,1997,1.97
218,2,22,450,1998,2.09
218,2,22,450,1999,2.19
218,2,22,450,2000,2.31
218,2,22,450,2001,2.42
218,2,22,450,2002,2.54
218,2,22,450,2003,2.68
218,2,22,450,2004,2.73
218,2,22,450,2005,2.86
218,2,22,450,2006,2.93
218,2,22,450,2007,3.1
218,2,22,450,2008,3.21
218,2,22,450,2009,3.31
218,2,22,450,2010,3.43
218,2,22,450,2011,3.56
218,2,22,450,2012,3.69
218,2,22,450,2013,3.84
218,2,22,450,2014,3.99
218,2,22,450,2015,4.13
218,2,22,450,2016,4.29
218,3,22,450,1990,2.67
218,3,22,450,1991,2.73
218,3,22,450,1992,2.79
218,3,22,450,1993,2.86
218,3,22,450,1994,2.97
218,3,22,450,1995,3.06
218,3,22,450,1996,3.18
218,3,22,450,1997,3.36
218,3,22,450,1998,3.55
218,3,22,450,1999,3.62
218,3,22,450,2000,3.76
218,3,22,450,2001,3.88
218,3,22,450,2002,4.01
218,3,22,450,2003,4.22
218,3,22,450,2004,4.28
218,3,22,450,2005,4.45
218,3,22,450,2006,4.56
218,3,22,450,2007,4.78
218,3,22,450,2008,4.96
218,3,22,450,2009,5.09
218,3,22,450,2010,5.26
218,3,22,450,2011,5.42
218,3,22,450,2012,5.6
218,3,22,450,2013,5.81
218,3,22,450,2014,6.02
218,3,22,450,2015,6.23
218,3,22,450,2016,6.46
298,1,22,450,1990,0.03
298,1,22,450,1991,0.03
298,1,22,450,1992,0.03
298,1,22,450,1993,0.03
298,1,22,450,1994,0.03
298,1,22,450,1995,0.03
298,1,22,450,1996,0.03
298,1,22,450,1997,0.03
298,1,22,450,1998,0.03
298,1,22,450,1999,0.03
298,1,22,450,2000,0.03
298,1,22,450,2001,0.03
298,1,22,450,2002,0.03
298,1,22,450,2003,0.04
298,1,22,450,2004,0.04
298,1,22,450,2005,0.04
298,1,22,450,2006,0.04
298,1,22,450,2007,0.04
298,1,22,450,2008,0.04
298,1,22,450,2009,0.04
298,1,22,450,2010,0.04
298,1,22,450,2011,0.05
298,1,22,450,2012,0.05
298,1,22,450,2013,0.05
298,1,22,450,2014,0.05
298,1,22,450,2015,0.06
298,1,22,450,2016,0.06
298,2,22,450,1990,0.1
298,2,22,450,1991,0.11
298,2,22,450,1992,0.11
298,2,22,450,1993,0.12
298,2,22,450,1994,0.13
298,2,22,450,1995,0.13
298,2,22,450,1996,0.14
298,2,22,450,1997,0.15
298,2,22,450,1998,0.15
298,2,22,450,1999,0.14
298,2,22,450,2000,0.15
298,2,22,450,2001,0.16
298,2,22,450,2002,0.18
298,2,22,450,2003,0.2
298,2,22,450,2004,0.21
298,2,22,450,2005,0.24
298,2,22,450,2006,0.26
298,2,22,450,2007,0.28
298,2,22,450,2008,0.29
298,2,22,450,2009,0.31
298,2,22,450,2010,0.33
298,2,22,450,2011,0.38
298,2,22,450,2012,0.42
298,2,22,450,2013,0.44
298,2,22,450,2014,0.45
298,2,22,450,2015,0.46
298,2,22,450,2016,0.47
298,3,22,450,1990,0.13
298,3,22,450,1991,0.13
298,3,22,450,1992,0.14
298,3,22,450,1993,0.15
298,3,22,450,1994,0.15
298,3,22,450,1995,0.16
298,3,22,450,1996,0.17
298,3,22,450,1997,0.18
298,3,22,450,1998,0.18
298,3,22,450,1999,0.17
298,3,22,450,2000,0.19
298,3,22,450,2001,0.2
298,3,22,450,2002,0.21
298,3,22,450,2003,0.24
298,3,22,450,2004,0.26
298,3,22,450,2005,0.28
298,3,22,450,2006,0.3
298,3,22,450,2007,0.32
298,3,22,450,2008,0.33
298,3,22,450,2009,0.35
298,3,22,450,2010,0.37
298,3,22,450,2011,0.43
298,3,22,450,2012,0.48
298,3,22,450,2013,0.49
298,3,22,450,2014,0.5
298,3,22,450,2015,0.52
298,3,22,450,2016,0.53
305,1,22,450,1990,0.5
305,1,22,450,1991,0.49
305,1,22,450,1992,0.49
305,1,22,450,1993,0.49
305,1,22,450,1994,0.5
305,1,22,450,1995,0.48
305,1,22,450,1996,0.48
305,1,22,450,1997,0.48
305,1,22,450,1998,0.48
305,1,22,450,1999,0.46
305,1,22,450,2000,0.44
305,1,22,450,2001,0.45
305,1,22,450,2002,0.45
305,1,22,450,2003,0.42
305,1,22,450,2004,0.43
305,1,22,450,2005,0.4
305,1,22,450,2006,0.4
305,1,22,450,2007,0.39
305,1,22,450,2008,0.39
305,1,22,450,2009,0.4
305,1,22,450,2010,0.41
305,1,22,450,2011,0.39
305,1,22,450,2012,0.38
305,1,22,450,2013,0.38
305,1,22,450,2014,0.39
305,1,22,450,2015,0.4
305,1,22,450,2016,0.44
305,2,22,450,1990,0.06
305,2,22,450,1991,0.06
305,2,22,450,1992,0.06
305,2,22,450,1993,0.06
305,2,22,450,1994,0.06
305,2,22,450,1995,0.06
305,2,22,450,1996,0.06
305,2,22,450,1997,0.07
305,2,22,450,1998,0.06
305,2,22,450,1999,0.06
305,2,22,450,2000,0.06
305,2,22,450,2001,0.06
305,2,22,450,2002,0.06
305,2,22,450,2003,0.05
305,2,22,450,2004,0.05
305,2,22,450,2005,0.05
305,2,22,450,2006,0.04
305,2,22,450,2007,0.05
305,2,22,450,2008,0.05
305,2,22,450,2009,0.04
305,2,22,450,2010,0.05
305,2,22,450,2011,0.04
305,2,22,450,2012,0.04
305,2,22,450,2013,0.04
305,2,22,450,2014,0.04
305,2,22,450,2015,0.05
305,2,22,450,2016,0.05
305,3,22,450,1990,0.56
305,3,22,450,1991,0.55
305,3,22,450,1992,0.55
305,3,22,450,1993,0.55
305,3,22,450,1994,0.56
305,3,22,450,1995,0.54
305,3,22,450,1996,0.55
305,3,22,450,1997,0.54
305,3,22,450,1998,0.54
305,3,22,450,1999,0.52
305,3,22,450,2000,0.5
305,3,22,450,2001,0.51
305,3,22,450,2002,0.5
305,3,22,450,2003,0.47
305,3,22,450,2004,0.48
305,3,22,450,2005,0.45
305,3,22,450,2006,0.44
305,3,22,450,2007,0.44
305,3,22,450,2008,0.43
305,3,22,450,2009,0.44
305,3,22,450,2010,0.45
305,3,22,450,2011,0.43
305,3,22,450,2012,0.42
305,3,22,450,2013,0.42
305,3,22,450,2014,0.43
305,3,22,450,2015,0.44
305,3,22,450,2016,0.49
349,1,22,450,1990,0.49
349,1,22,450,1991,0.49
349,1,22,450,1992,0.48
349,1,22,450,1993,0.47
349,1,22,450,1994,0.46
349,1,22,450,1995,0.46
349,1,22,450,1996,0.49
349,1,22,450,1997,0.56
349,1,22,450,1998,0.59
349,1,22,450,1999,0.57
349,1,22,450,2000,0.59
349,1,22,450,2001,0.6
349,1,22,450,2002,0.63
349,1,22,450,2003,0.68
349,1,22,450,2004,0.72
349,1,22,450,2005,0.74
349,1,22,450,2006,0.72
349,1,22,450,2007,0.74
349,1,22,450,2008,0.74
349,1,22,450,2009,0.76
349,1,22,450,2010,0.79
349,1,22,450,2011,0.79
349,1,22,450,2012,0.79
349,1,22,450,2013,0.78
349,1,22,450,2014,0.82
349,1,22,450,2015,0.87
349,1,22,450,2016,0.9
349,2,22,450,1990,0.14
349,2,22,450,1991,0.14
349,2,22,450,1992,0.14
349,2,22,450,1993,0.14
349,2,22,450,1994,0.15
349,2,22,450,1995,0.15
349,2,22,450,1996,0.16
349,2,22,450,1997,0.17
349,2,22,450,1998,0.16
349,2,22,450,1999,0.17
349,2,22,450,2000,0.18
349,2,22,450,2001,0.19
349,2,22,450,2002,0.19
349,2,22,450,2003,0.19
349,2,22,450,2004,0.19
349,2,22,450,2005,0.19
349,2,22,450,2006,0.18
349,2,22,450,2007,0.18
349,2,22,450,2008,0.18
349,2,22,450,2009,0.18
349,2,22,450,2010,0.17
349,2,22,450,2011,0.16
349,2,22,450,2012,0.15
349,2,22,450,2013,0.15
349,2,22,450,2014,0.15
349,2,22,450,2015,0.16
349,2,22,450,2016,0.16
349,3,22,450,1990,0.63
349,3,22,450,1991,0.64
349,3,22,450,1992,0.63
349,3,22,450,1993,0.61
349,3,22,450,1994,0.61
349,3,22,450,1995,0.61
349,3,22,450,1996,0.65
349,3,22,450,1997,0.73
349,3,22,450,1998,0.75
349,3,22,450,1999,0.74
349,3,22,450,2000,0.77
349,3,22,450,2001,0.79
349,3,22,450,2002,0.81
349,3,22,450,2003,0.86
349,3,22,450,2004,0.91
349,3,22,450,2005,0.93
349,3,22,450,2006,0.91
349,3,22,450,2007,0.92
349,3,22,450,2008,0.92
349,3,22,450,2009,0.94
349,3,22,450,2010,0.96
349,3,22,450,2011,0.95
349,3,22,450,2012,0.94
349,3,22,450,2013,0.93
349,3,22,450,2014,0.97
349,3,22,450,2015,1.02
349,3,22,450,2016,1.07
351,1,22,450,1990,0.1
351,1,22,450,1991,0.11
351,1,22,450,1992,0.11
351,1,22,450,1993,0.12
351,1,22,450,1994,0.12
351,1,22,450,1995,0.13
351,1,22,450,1996,0.15
351,1,22,450,1997,0.16
351,1,22,450,1998,0.18
351,1,22,450,1999,0.2
351,1,22,450,2000,0.2
351,1,22,450,2001,0.21
351,1,22,450,2002,0.21
351,1,22,450,2003,0.24
351,1,22,450,2004,0.26
351,1,22,450,2005,0.26
351,1,22,450,2006,0.25
351,1,22,450,2007,0.24
351,1,22,450,2008,0.24
351,1,22,450,2009,0.26
351,1,22,450,2010,0.25
351,1,22,450,2011,0.27
351,1,22,450,2012,0.28
351,1,22,450,2013,0.3
351,1,22,450,2014,0.31
351,1,22,450,2015,0.33
351,1,22,450,2016,0.34
351,2,22,450,1990,0.29
351,2,22,450,1991,0.31
351,2,22,450,1992,0.33
351,2,22,450,1993,0.35
351,2,22,450,1994,0.38
351,2,22,450,1995,0.37
351,2,22,450,1996,0.38
351,2,22,450,1997,0.4
351,2,22,450,1998,0.4
351,2,22,450,1999,0.39
351,2,22,450,2000,0.41
351,2,22,450,2001,0.43
351,2,22,450,2002,0.46
351,2,22,450,2003,0.5
351,2,22,450,2004,0.54
351,2,22,450,2005,0.59
351,2,22,450,2006,0.63
351,2,22,450,2007,0.67
351,2,22,450,2008,0.69
351,2,22,450,2009,0.71
351,2,22,450,2010,0.73
351,2,22,450,2011,0.76
351,2,22,450,2012,0.8
351,2,22,450,2013,0.82
351,2,22,450,2014,0.85
351,2,22,450,2015,0.87
351,2,22,450,2016,0.9
351,3,22,450,1990,0.39
351,3,22,450,1991,0.42
351,3,22,450,1992,0.44
351,3,22,450,1993,0.47
351,3,22,450,1994,0.5
351,3,22,450,1995,0.5
351,3,22,450,1996,0.53
351,3,22,450,1997,0.56
351,3,22,450,1998,0.58
351,3,22,450,1999,0.58
351,3,22,450,2000,0.61
351,3,22,450,2001,0.64
351,3,22,450,2002,0.67
351,3,22,450,2003,0.74
351,3,22,450,2004,0.8
351,3,22,450,2005,0.85
351,3,22,450,2006,0.89
351,3,22,450,2007,0.9
351,3,22,450,2008,0.94
351,3,22,450,2009,0.97
351,3,22,450,2010,0.98
351,3,22,450,2011,1.03
351,3,22,450,2012,1.08
351,3,22,450,2013,1.11
351,3,22,450,2014,1.16
351,3,22,450,2015,1.2
351,3,22,450,2016,1.24
376,1,22,450,1990,0.03
376,1,22,450,1991,0.03
376,1,22,450,1992,0.03
376,1,22,450,1993,0.03
376,1,22,450,1994,0.03
376,1,22,450,1995,0.04
376,1,22,450,1996,0.04
376,1,22,450,1997,0.04
376,1,22,450,1998,0.04
376,1,22,450,1999,0.04
376,1,22,450,2000,0.04
376,1,22,450,2001,0.05
376,1,22,450,2002,0.05
376,1,22,450,2003,0.06
376,1,22,450,2004,0.06
376,1,22,450,2005,0.06
376,1,22,450,2006,0.06
376,1,22,450,2007,0.06
376,1,22,450,2008,0.06
376,1,22,450,2009,0.06
376,1,22,450,2010,0.06
376,1,22,450,2011,0.07
376,1,22,450,2012,0.07
376,1,22,450,2013,0.07
376,1,22,450,2014,0.07
376,1,22,450,2015,0.08
376,1,22,450,2016,0.08
376,2,22,450,1990,0.07
376,2,22,450,1991,0.07
376,2,22,450,1992,0.08
376,2,22,450,1993,0.08
376,2,22,450,1994,0.09
376,2,22,450,1995,0.1
376,2,22,450,1996,0.1
376,2,22,450,1997,0.11
376,2,22,450,1998,0.11
376,2,22,450,1999,0.12
376,2,22,450,2000,0.12
376,2,22,450,2001,0.13
376,2,22,450,2002,0.14
376,2,22,450,2003,0.15
376,2,22,450,2004,0.16
376,2,22,450,2005,0.17
376,2,22,450,2006,0.19
376,2,22,450,2007,0.2
376,2,22,450,2008,0.21
376,2,22,450,2009,0.23
376,2,22,450,2010,0.24
376,2,22,450,2011,0.25
376,2,22,450,2012,0.25
376,2,22,450,2013,0.26
376,2,22,450,2014,0.27
376,2,22,450,2015,0.28
376,2,22,450,2016,0.29
376,3,22,450,1990,0.1
376,3,22,450,1991,0.1
376,3,22,450,1992,0.11
376,3,22,450,1993,0.12
376,3,22,450,1994,0.13
376,3,22,450,1995,0.13
376,3,22,450,1996,0.14
376,3,22,450,1997,0.15
376,3,22,450,1998,0.15
376,3,22,450,1999,0.16
376,3,22,450,2000,0.16
376,3,22,450,2001,0.17
376,3,22,450,2002,0.19
376,3,22,450,2003,0.2
376,3,22,450,2004,0.22
376,3,22,450,2005,0.24
376,3,22,450,2006,0.25
376,3,22,450,2007,0.26
376,3,22,450,2008,0.27
376,3,22,450,2009,0.29
376,3,22,450,2010,0.3
376,3,22,450,2011,0.31
376,3,22,450,2012,0.32
376,3,22,450,2013,0.33
376,3,22,450,2014,0.34
376,3,22,450,2015,0.36
376,3,22,450,2016,0.37
385,1,22,450,1990,26.73
385,1,22,450,1991,26.83
385,1,22,450,1992,27.12
385,1,22,450,1993,25.68
385,1,22,450,1994,24.66
385,1,22,450,1995,23.58
385,1,22,450,1996,23.15
385,1,22,450,1997,20.95
385,1,22,450,1998,21.56
385,1,22,450,1999,21.59
385,1,22,450,2000,22.52
385,1,22,450,2001,22.33
385,1,22,450,2002,22.59
385,1,22,450,2003,22.06
385,1,22,450,2004,22.22
385,1,22,450,2005,22.56
385,1,22,450,2006,21.69
385,1,22,450,2007,21.64
385,1,22,450,2008,21.6
385,1,22,450,2009,20.67
385,1,22,450,2010,20
385,1,22,450,2011,19.88
385,1,22,450,2012,20.09
385,1,22,450,2013,20.79
385,1,22,450,2014,21.48
385,1,22,450,2015,22.12
385,1,22,450,2016,22.66
385,2,22,450,1990,3.5
385,2,22,450,1991,3.48
385,2,22,450,1992,3.59
385,2,22,450,1993,3.41
385,2,22,450,1994,3.33
385,2,22,450,1995,3.35
385,2,22,450,1996,3.12
385,2,22,450,1997,2.97
385,2,22,450,1998,2.78
385,2,22,450,1999,2.5
385,2,22,450,2000,2.49
385,2,22,450,2001,2.51
385,2,22,450,2002,2.76
385,2,22,450,2003,2.42
385,2,22,450,2004,2.38
385,2,22,450,2005,2.44
385,2,22,450,2006,2.39
385,2,22,450,2007,2.43
385,2,22,450,2008,2.45
385,2,22,450,2009,2.38
385,2,22,450,2010,2.44
385,2,22,450,2011,2.62
385,2,22,450,2012,2.72
385,2,22,450,2013,2.72
385,2,22,450,2014,2.78
385,2,22,450,2015,2.82
385,2,22,450,2016,2.88
385,3,22,450,1990,30.23
385,3,22,450,1991,30.31
385,3,22,450,1992,30.72
385,3,22,450,1993,29.09
385,3,22,450,1994,27.99
385,3,22,450,1995,26.94
385,3,22,450,1996,26.26
385,3,22,450,1997,23.92
385,3,22,450,1998,24.34
385,3,22,450,1999,24.09
385,3,22,450,2000,25.01
385,3,22,450,2001,24.83
385,3,22,450,2002,25.35
385,3,22,450,2003,24.48
385,3,22,450,2004,24.6
385,3,22,450,2005,25
385,3,22,450,2006,24.07
385,3,22,450,2007,24.07
385,3,22,450,2008,24.04
385,3,22,450,2009,23.05
385,3,22,450,2010,22.44
385,3,22,450,2011,22.5
385,3,22,450,2012,22.81
385,3,22,450,2013,23.51
385,3,22,450,2014,24.25
385,3,22,450,2015,24.95
385,3,22,450,2016,25.53
435,1,22,450,1990,5.34
435,1,22,450,1991,5.28
435,1,22,450,1992,5.17
435,1,22,450,1993,5.06
435,1,22,450,1994,4.98
435,1,22,450,1995,4.96
435,1,22,450,1996,5.03
435,1,22,450,1997,5.17
435,1,22,450,1998,5.36
435,1,22,450,1999,5.57
435,1,22,450,2000,5.8
435,1,22,450,2001,5.97
435,1,22,450,2002,6.16
435,1,22,450,2003,6.36
435,1,22,450,2004,6.6
435,1,22,450,2005,6.89
435,1,22,450,2006,7.15
435,1,22,450,2007,7.45
435,1,22,450,2008,7.8
435,1,22,450,2009,8.18
435,1,22,450,2010,8.6
435,1,22,450,2011,8.99
435,1,22,450,2012,9.41
435,1,22,450,2013,9.84
435,1,22,450,2014,10.3
435,1,22,450,2015,10.77
435,1,22,450,2016,11.14
435,2,22,450,1990,5.45
435,2,22,450,1991,5.4
435,2,22,450,1992,5.3
435,2,22,450,1993,5.2
435,2,22,450,1994,5.14
435,2,22,450,1995,5.11
435,2,22,450,1996,5.19
435,2,22,450,1997,5.33
435,2,22,450,1998,5.51
435,2,22,450,1999,5.66
435,2,22,450,2000,5.78
435,2,22,450,2001,5.87
435,2,22,450,2002,5.96
435,2,22,450,2003,6.07
435,2,22,450,2004,6.19
435,2,22,450,2005,6.31
435,2,22,450,2006,6.45
435,2,22,450,2007,6.64
435,2,22,450,2008,6.86
435,2,22,450,2009,7.1
435,2,22,450,2010,7.37
435,2,22,450,2011,7.66
435,2,22,450,2012,7.97
435,2,22,450,2013,8.28
435,2,22,450,2014,8.62
435,2,22,450,2015,8.96
435,2,22,450,2016,9.21
435,3,22,450,1990,10.8
435,3,22,450,1991,10.68
435,3,22,450,1992,10.47
435,3,22,450,1993,10.26
435,3,22,450,1994,10.12
435,3,22,450,1995,10.07
435,3,22,450,1996,10.22
435,3,22,450,1997,10.5
435,3,22,450,1998,10.87
435,3,22,450,1999,11.23
435,3,22,450,2000,11.58
435,3,22,450,2001,11.84
435,3,22,450,2002,12.12
435,3,22,450,2003,12.43
435,3,22,450,2004,12.79
435,3,22,450,2005,13.2
435,3,22,450,2006,13.6
435,3,22,450,2007,14.09
435,3,22,450,2008,14.65
435,3,22,450,2009,15.28
435,3,22,450,2010,15.97
435,3,22,450,2011,16.65
435,3,22,450,2012,17.37
435,3,22,450,2013,18.13
435,3,22,450,2014,18.92
435,3,22,450,2015,19.73
435,3,22,450,2016,20.35
522,1,22,450,1990,7.11
522,1,22,450,1991,7.2
522,1,22,450,1992,7.43
522,1,22,450,1993,7.68
522,1,22,450,1994,7.92
522,1,22,450,1995,8.27
522,1,22,450,1996,8.27
522,1,22,450,1997,8.36
522,1,22,450,1998,8.43
522,1,22,450,1999,8.43
522,1,22,450,2000,8.61
522,1,22,450,2001,8.58
522,1,22,450,2002,8.71
522,1,22,450,2003,8.89
522,1,22,450,2004,9.09
522,1,22,450,2005,9.45
522,1,22,450,2006,9.69
522,1,22,450,2007,9.84
522,1,22,450,2008,10.16
522,1,22,450,2009,10.48
522,1,22,450,2010,10.94
522,1,22,450,2011,11.18
522,1,22,450,2012,11.54
522,1,22,450,2013,11.93
522,1,22,450,2014,12.34
522,1,22,450,2015,12.8
522,1,22,450,2016,13.39
522,2,22,450,1990,10.99
522,2,22,450,1991,11.21
522,2,22,450,1992,11.52
522,2,22,450,1993,11.84
522,2,22,450,1994,12.13
522,2,22,450,1995,12.41
522,2,22,450,1996,12.47
522,2,22,450,1997,12.5
522,2,22,450,1998,12.5
522,2,22,450,1999,12.52
522,2,22,450,2000,12.62
522,2,22,450,2001,12.66
522,2,22,450,2002,12.77
522,2,22,450,2003,12.95
522,2,22,450,2004,13.16
522,2,22,450,2005,13.46
522,2,22,450,2006,13.67
522,2,22,450,2007,13.85
522,2,22,450,2008,14.12
522,2,22,450,2009,14.41
522,2,22,450,2010,14.78
522,2,22,450,2011,14.97
522,2,22,450,2012,15.3
522,2,22,450,2013,15.65
522,2,22,450,2014,16.05
522,2,22,450,2015,16.47
522,2,22,450,2016,17.03
522,3,22,450,1990,18.09
522,3,22,450,1991,18.41
522,3,22,450,1992,18.95
522,3,22,450,1993,19.52
522,3,22,450,1994,20.05
522,3,22,450,1995,20.68
522,3,22,450,1996,20.75
522,3,22,450,1997,20.86
522,3,22,450,1998,20.93
522,3,22,450,1999,20.95
522,3,22,450,2000,21.24
522,3,22,450,2001,21.24
522,3,22,450,2002,21.49
522,3,22,450,2003,21.83
522,3,22,450,2004,22.25
522,3,22,450,2005,22.91
522,3,22,450,2006,23.36
522,3,22,450,2007,23.69
522,3,22,450,2008,24.27
522,3,22,450,2009,24.89
522,3,22,450,2010,25.72
522,3,22,450,2011,26.15
522,3,22,450,2012,26.84
522,3,22,450,2013,27.58
522,3,22,450,2014,28.39
522,3,22,450,2015,29.27
522,3,22,450,2016,30.41
